~o
<STREAMINFO> 1 39
<VECSIZE> 39<NULLD><MFCC_D_A_Z_0><DIAGC>
~h "initial"
<BEGINHMM>
<NUMSTATES> 5
<STATE> 2
<MEAN> 39
 -1.537967e-001 5.303387e-001 -9.617026e-001 -2.096242e-001 -1.375516e+000 -2.118138e+000 -9.379867e-001 -1.110175e+000 -9.018741e-001 -4.251585e-001 -1.730743e-001 6.858016e-001 -6.219707e-001 4.388451e-002 3.922915e-002 7.584912e-002 3.584330e-002 1.112745e-002 -2.099630e-002 -6.432094e-002 -1.806913e-002 -3.555578e-002 -4.881918e-002 -1.788363e-002 -5.152808e-002 3.016114e-002 2.070635e-003 -1.906095e-003 3.397646e-003 3.960857e-005 4.904987e-003 5.364984e-003 3.616617e-003 -1.820944e-004 -1.008974e-003 5.157857e-003 1.673024e-002 6.006188e-003 3.677439e-003
<VARIANCE> 39
 8.228805e+001 2.738901e+001 1.687643e+001 4.237521e+001 1.910137e+001 2.600274e+001 3.621497e+001 3.788593e+001 2.662239e+001 2.514465e+001 2.549997e+001 3.145135e+001 8.237417e+001 4.856787e-001 8.424676e-001 8.830721e-001 1.244309e+000 1.185799e+000 1.540550e+000 1.781405e+000 1.815705e+000 1.995200e+000 2.005219e+000 1.650678e+000 1.582758e+000 3.747988e-001 4.311090e-002 1.365008e-001 1.189034e-001 1.899475e-001 1.798755e-001 2.752177e-001 3.099169e-001 3.281335e-001 3.681151e-001 3.742668e-001 2.935169e-001 2.529210e-001 3.401867e-002
<GCONST> 9.716856e+001
<STATE> 3
<MEAN> 39
 4.170689e+000 -4.475604e-001 2.057253e+000 -2.406924e+000 -3.641752e-002 7.508865e-001 -1.703416e+000 9.772260e-001 -7.436760e-001 -8.628561e-001 8.552905e-001 -1.488267e+000 4.343917e+000 1.887893e-002 -6.592106e-002 -7.439066e-002 -1.911565e-002 5.669598e-002 7.536681e-002 5.458117e-002 7.737489e-002 6.476033e-002 -6.132682e-003 -3.284329e-002 1.496651e-002 2.529604e-002 -7.852302e-003 -5.608947e-004 -1.035968e-002 5.617366e-004 4.419165e-005 6.678029e-004 1.300307e-002 -3.544494e-003 7.679080e-003 1.532071e-002 1.104838e-003 9.333442e-003 -8.869378e-003
<VARIANCE> 39
 1.066631e+002 3.855402e+001 2.318385e+001 9.721388e+001 1.588472e+001 1.854087e+001 5.703720e+001 3.474004e+001 4.337317e+001 2.378391e+001 3.432007e+001 2.501788e+001 1.120384e+002 4.357886e-001 8.483312e-001 6.672421e-001 1.406706e+000 7.583593e-001 1.138606e+000 1.326493e+000 1.185364e+000 1.801741e+000 1.570479e+000 1.347248e+000 1.195066e+000 5.349327e-001 4.300593e-002 1.140343e-001 8.656385e-002 1.726533e-001 1.231508e-001 2.217542e-001 2.313047e-001 2.040348e-001 2.978740e-001 2.750826e-001 2.111316e-001 1.976753e-001 5.548683e-002
<GCONST> 9.480257e+001
<STATE> 4
<MEAN> 39
 -3.744480e+000 -9.709056e-002 -9.869071e-001 2.450693e+000 1.369550e+000 1.355557e+000 2.501055e+000 1.655755e-001 1.570011e+000 1.218397e+000 -6.304570e-001 7.235627e-001 -3.451633e+000 -7.696629e-002 2.045197e-002 1.956714e-002 1.522470e-002 -2.161080e-002 -1.384621e-002 2.036655e-002 -3.889338e-002 -2.078381e-002 3.623787e-002 1.824199e-003 -1.446479e-002 -6.217011e-002 3.051367e-003 7.120207e-004 5.020754e-003 -4.739366e-003 -9.094696e-003 -6.678490e-003 -1.687737e-002 -1.640198e-003 -3.052384e-003 -7.336117e-003 -5.433639e-003 -9.185785e-003 4.004174e-003
<VARIANCE> 39
 6.340258e+001 1.718321e+001 2.371281e+001 4.106950e+001 2.223728e+001 1.791104e+001 3.420473e+001 1.473193e+001 3.012863e+001 1.744040e+001 1.870720e+001 2.500796e+001 5.561647e+001 5.173768e-001 5.664994e-001 6.742675e-001 1.151205e+000 1.105454e+000 1.199323e+000 1.400603e+000 1.207064e+000 1.447793e+000 1.710652e+000 1.399267e+000 2.114141e+000 4.101879e-001 4.958059e-002 8.375648e-002 9.960114e-002 1.733473e-001 1.848369e-001 2.481709e-001 2.564344e-001 2.188321e-001 2.641714e-001 3.106457e-001 2.681023e-001 4.191242e-001 4.053035e-002
<GCONST> 9.122202e+001
<TRANSP> 5
 0.000000e+000 1.000000e+000 0.000000e+000 0.000000e+000 0.000000e+000
 0.000000e+000 9.957265e-001 4.273505e-003 0.000000e+000 0.000000e+000
 0.000000e+000 0.000000e+000 9.955556e-001 4.444444e-003 0.000000e+000
 0.000000e+000 0.000000e+000 0.000000e+000 9.958506e-001 4.149377e-003
 0.000000e+000 0.000000e+000 0.000000e+000 0.000000e+000 0.000000e+000
<ENDHMM>
