~o
<STREAMINFO> 1 15
<VECSIZE> 15<NULLD><USER><DIAGC>
~h "d"
<BEGINHMM>
<NUMSTATES> 5
<STATE> 2
<MEAN> 15
 -1.076158e-01 3.032870e-01 1.051310e-01 -6.733698e-02 5.018000e-02 3.676729e-02 -1.630686e-02 -3.087766e-02 -2.409419e-01 -8.790754e-02 -2.803206e-02 -2.015757e-01 1.023607e-01 1.830982e-01 7.098819e-03
<VARIANCE> 15
 9.605663e-01 1.980205e-01 4.124902e-02 8.454213e-02 9.800312e-02 3.444057e-01 6.625568e-01 3.133838e-01 8.195205e-01 5.220867e-01 2.676182e-01 2.191437e-01 8.303730e-01 7.740015e-02 4.448503e-02
<GCONST> 5.746811e+00
<STATE> 3
<MEAN> 15
 2.425514e-01 5.924859e-01 5.819635e-02 8.025339e-03 1.990084e-02 -2.643574e-02 -1.002880e-01 -1.567229e-01 -1.802323e-01 -5.327146e-02 1.356093e-01 1.548357e-01 1.545732e-01 -1.036937e-05 4.941276e-02
<VARIANCE> 15
 2.684105e+00 1.790642e+00 3.863119e-01 4.525476e-01 9.109126e-01 6.221489e-01 1.677335e-01 2.628044e-01 5.325260e-01 1.260656e-01 1.917128e-01 3.119907e-01 1.781177e-01 6.842434e-01 2.804694e-01
<GCONST> 1.481084e+01
<STATE> 4
<MEAN> 15
 -1.027671e-01 3.586369e-01 -7.482270e-02 7.895148e-02 -1.542163e-01 6.342022e-02 1.147238e-01 -4.483576e-02 2.326786e-01 2.327596e-01 1.700933e-01 1.516466e-01 -1.363782e-01 -1.338172e-01 1.941837e-03
<VARIANCE> 15
 2.903320e-01 1.553389e-01 1.803379e-02 2.646100e-02 9.706936e-02 2.282333e-01 5.802552e-02 2.161217e-01 1.626291e-01 1.059940e-01 3.287804e-01 1.383810e-01 1.737375e-01 1.175905e-01 1.330321e-02
<GCONST> -6.728089e+00
<TRANSP> 5
 0.000000e+00 1.000000e+00 0.000000e+00 0.000000e+00 0.000000e+00
 0.000000e+00 6.933064e-01 3.066936e-01 0.000000e+00 0.000000e+00
 0.000000e+00 0.000000e+00 8.351560e-01 1.648439e-01 0.000000e+00
 0.000000e+00 0.000000e+00 0.000000e+00 7.345913e-01 2.654087e-01
 0.000000e+00 0.000000e+00 0.000000e+00 0.000000e+00 0.000000e+00
<ENDHMM>
~h "s"
<BEGINHMM>
<NUMSTATES> 5
<STATE> 2
<MEAN> 15
 -1.470204e-01 -1.456241e-01 -8.899821e-02 6.755464e-02 3.400981e-02 -2.202258e-01 -3.963656e-01 -3.138345e-01 4.706531e-02 4.643642e-01 5.208346e-01 4.885575e-01 -2.792642e-01 -3.340028e-01 -3.699725e-02
<VARIANCE> 15
 2.032850e+00 4.259385e-02 1.302551e-02 8.465258e-03 9.790532e-02 7.925704e-02 3.151828e-01 4.809111e-01 2.389353e-01 1.279617e-01 8.797246e-02 1.022185e-01 1.867737e-01 3.319799e-01 5.827420e-03
<GCONST> -6.861249e+00
<STATE> 3
<MEAN> 15
 -1.005296e+00 3.210610e-02 1.043648e-01 -6.213650e-02 -1.509508e-01 -3.418069e-01 -1.578470e-01 -1.365812e-01 -6.392809e-01 -7.292253e-01 3.113219e-04 -2.362126e-01 3.852805e-01 5.565060e-01 1.157659e-01
<VARIANCE> 15
 8.777797e-01 4.264203e-02 1.416835e-02 7.730489e-02 8.921368e-02 2.312045e-01 3.371041e-01 1.883698e-02 1.693771e-01 1.492964e-01 1.188532e-01 1.769690e-01 5.134081e-01 4.964135e-01 3.679645e-03
<GCONST> -5.985398e+00
<STATE> 4
<MEAN> 15
 2.809013e-01 5.887382e-02 4.836268e-02 4.277046e-02 -2.298524e-02 -7.676274e-02 -7.351601e-03 -5.615185e-03 1.342152e-01 8.269724e-02 -5.980992e-02 -1.432919e-01 3.373132e-02 2.206089e-01 1.073206e-02
<VARIANCE> 15
 3.596066e+00 4.571497e-02 3.805639e-02 8.221160e-02 1.520385e-01 2.306653e-01 2.375571e-01 2.229030e-01 3.384292e-01 1.568281e-01 3.362427e-01 2.571448e-01 8.947042e-01 6.919436e-01 1.149369e-02
<GCONST> 3.377194e+00
<TRANSP> 5
 0.000000e+00 1.000000e+00 0.000000e+00 0.000000e+00 0.000000e+00
 0.000000e+00 5.381498e-01 4.618502e-01 0.000000e+00 0.000000e+00
 0.000000e+00 0.000000e+00 4.084943e-01 5.915057e-01 0.000000e+00
 0.000000e+00 0.000000e+00 0.000000e+00 8.001345e-01 1.998654e-01
 0.000000e+00 0.000000e+00 0.000000e+00 0.000000e+00 0.000000e+00
<ENDHMM>
~h "t"
<BEGINHMM>
<NUMSTATES> 5
<STATE> 2
<MEAN> 15
 5.736961e-01 2.408950e-01 -1.811271e-01 1.180823e-01 3.535654e-01 2.784973e-01 -3.956940e-01 -3.458990e-01 -2.195900e-01 6.084242e-02 7.521810e-01 5.702183e-01 1.708327e-01 -1.707021e-01 -1.405111e-01
<VARIANCE> 15
 2.033375e+00 2.529159e-01 3.871655e-02 1.198334e-01 2.775045e-02 3.046137e-02 7.206065e-02 3.883488e-01 2.628924e-01 1.582234e-01 4.770926e-01 4.145842e-02 2.800206e-02 8.152489e-02 5.069861e-02
<GCONST> -5.288930e+00
<STATE> 3
<MEAN> 15
 7.882530e-02 -1.766256e-01 3.444192e-03 -4.861306e-03 -4.479043e-02 -8.435734e-02 -5.364286e-02 6.614868e-03 -6.009196e-03 8.633893e-03 8.987857e-02 3.261616e-02 8.067511e-03 -1.263387e-02 3.700852e-02
<VARIANCE> 15
 1.591012e+00 2.971423e+00 3.317524e-01 4.482081e-01 6.017566e-01 4.196709e-01 3.659019e-01 3.116011e-01 4.664660e-01 1.999658e-01 4.499303e-01 2.349674e-01 5.024726e-01 3.262182e-01 2.873676e-01
<GCONST> 1.599355e+01
<STATE> 4
<MEAN> 15
 -1.796974e-01 7.084741e-02 -3.816469e-02 4.606773e-02 -2.527847e-02 -8.242751e-03 3.490472e-02 -1.643902e-02 3.418227e-02 -3.050064e-02 -1.100153e-01 -6.200923e-03 9.409969e-02 -3.889421e-02 -2.942366e-02
<VARIANCE> 15
 1.138531e+00 1.722502e-01 1.155892e-02 6.491826e-02 1.147693e-01 1.568668e-01 2.148027e-01 3.233438e-01 1.280033e-01 3.487273e-01 2.617397e-01 2.123029e-01 3.472407e-01 2.495629e-01 2.071309e-02
<GCONST> -2.621851e-01
<TRANSP> 5
 0.000000e+00 1.000000e+00 0.000000e+00 0.000000e+00 0.000000e+00
 0.000000e+00 1.268393e-01 8.731607e-01 0.000000e+00 0.000000e+00
 0.000000e+00 0.000000e+00 8.894349e-01 1.105651e-01 0.000000e+00
 0.000000e+00 0.000000e+00 0.000000e+00 8.123543e-01 1.876457e-01
 0.000000e+00 0.000000e+00 0.000000e+00 0.000000e+00 0.000000e+00
<ENDHMM>
~h "ah"
<BEGINHMM>
<NUMSTATES> 5
<STATE> 2
<NUMMIXES> 3
<MIXTURE> 1 1.559772e-01
<MEAN> 15
 1.303570e+00 2.879742e-01 4.748158e-01 2.307480e-01 2.498910e-02 -2.008029e-01 1.357359e-01 -1.087121e-01 -5.600997e-01 6.883645e-02 5.958070e-01 3.249729e-01 2.474882e-01 2.473814e-01 3.023939e-01
<VARIANCE> 15
 4.570311e+00 5.750753e-02 3.296148e-01 3.526424e-01 8.345502e-02 1.947714e-01 1.768499e-01 1.842201e-01 7.828674e-01 2.156601e-01 4.035943e-01 3.098452e-01 2.242079e-01 2.185438e-01 9.435916e-02
<GCONST> 7.301844e+00
<MIXTURE> 2 5.336368e-01
<MEAN> 15
 -5.593573e-01 3.530478e-01 3.166502e-02 1.040210e-01 -1.518510e-01 -2.313464e-02 3.167942e-02 -9.298003e-02 -2.013128e-02 7.977930e-02 2.590963e-01 1.062097e-01 -2.274476e-01 -1.114467e-01 1.992206e-02
<VARIANCE> 15
 2.260245e+00 8.262564e-02 1.213558e-01 3.266318e-01 9.310530e-02 2.683601e-01 3.142375e-01 1.908787e-01 2.965581e-01 3.893100e-01 1.471567e-01 5.100095e-01 2.458985e-01 2.800250e-01 3.297052e-02
<GCONST> 5.322743e+00
<MIXTURE> 3 3.103860e-01
<MEAN> 15
 -4.347653e-01 3.800826e-01 7.680200e-02 1.054828e-01 -1.199764e-01 -3.438504e-02 4.329385e-02 -1.168290e-01 -6.429308e-02 7.329274e-02 2.832287e-01 1.928309e-01 -1.384794e-01 -6.949645e-02 5.323470e-02
<VARIANCE> 15
 2.458177e+00 8.225273e-02 1.421255e-01 3.469235e-01 9.718022e-02 2.690445e-01 3.181915e-01 2.016893e-01 3.039313e-01 4.002940e-01 1.540838e-01 5.078599e-01 2.355575e-01 2.617339e-01 3.449617e-02
<GCONST> 5.762276e+00
<STATE> 3
<NUMMIXES> 3
<MIXTURE> 1 1.692988e-01
<MEAN> 15
 3.596693e-01 9.253354e-01 6.169663e-02 6.701110e-02 2.613568e-01 2.053781e-01 1.524839e-01 9.208767e-02 -3.656418e-02 2.447945e-01 2.500631e-01 1.410621e-01 1.394056e-02 -7.904561e-02 7.206100e-02
<VARIANCE> 15
 1.417280e+00 3.030054e+00 4.138974e-01 3.857924e-01 2.566598e-01 2.121503e-01 2.469859e-01 4.393738e-01 6.701862e-01 4.067758e-01 6.570910e-01 3.107440e-01 2.751461e-01 2.919774e-01 2.690824e-01
<GCONST> 1.533691e+01
<MIXTURE> 2 5.158615e-01
<MEAN> 15
 -1.712866e-01 1.558105e-01 -5.557542e-02 -8.529793e-02 -1.103966e-01 -4.953507e-02 3.968891e-02 1.146466e-01 3.229770e-02 -1.433883e-01 -1.550320e-01 -1.251775e-01 -6.928509e-02 1.017956e-02 -3.173170e-03
<VARIANCE> 15
 1.262881e+00 3.870018e+00 3.421589e-01 3.506233e-01 2.010338e-01 2.726585e-01 2.295141e-01 5.090312e-01 6.217892e-01 4.213254e-01 6.725357e-01 3.332597e-01 2.566266e-01 2.833306e-01 3.019432e-01
<GCONST> 1.532961e+01
<MIXTURE> 3 3.148397e-01
<MEAN> 15
 -9.330028e-02 5.138474e-01 -3.934612e-02 -1.769954e-02 -1.174021e-03 3.676746e-02 8.517832e-02 1.330516e-01 5.904868e-02 -3.123765e-02 -7.365221e-02 -6.693228e-02 -3.991464e-02 -3.315727e-02 -1.460807e-02
<VARIANCE> 15
 1.337270e+00 3.848114e+00 3.960038e-01 3.758257e-01 2.054271e-01 2.795840e-01 2.416974e-01 5.053045e-01 7.337208e-01 3.746310e-01 5.534434e-01 2.783439e-01 2.646776e-01 3.081414e-01 3.220382e-01
<GCONST> 1.554017e+01
<STATE> 4
<NUMMIXES> 3
<MIXTURE> 1 2.060380e-01
<MEAN> 15
 1.289027e+00 1.847505e-01 1.060065e-01 -9.170744e-02 3.816203e-01 4.055338e-01 -2.874290e-02 -2.173689e-01 -3.100881e-01 1.565158e-01 1.553861e-01 2.774924e-01 3.691066e-01 6.024268e-02 4.515414e-02
<VARIANCE> 15
 2.113209e+00 2.536430e-01 1.711144e-02 1.197981e-01 2.023552e-01 1.467983e-01 1.223797e-01 1.475023e-01 3.939790e-02 3.149050e-01 7.693853e-01 2.160199e-01 2.975419e-01 3.151442e-01 2.798681e-02
<GCONST> 1.096590e+00
<MIXTURE> 2 5.164926e-01
<MEAN> 15
 1.553146e-01 4.999667e-02 3.072657e-02 -2.644971e-02 6.015685e-02 4.924626e-02 -1.197716e-01 -2.659577e-01 -1.969510e-01 9.644488e-02 -2.454754e-01 -1.559386e-01 -1.092756e-02 -1.786792e-01 -1.917526e-01
<VARIANCE> 15
 1.708134e+00 1.323172e-01 3.771887e-02 9.673561e-02 1.311976e-01 7.050465e-02 1.545660e-01 2.767030e-01 6.412882e-02 3.670529e-01 2.740400e-01 3.007636e-01 2.998740e-01 5.080268e-01 5.883731e-02
<GCONST> 1.672946e+00
<MIXTURE> 3 2.774694e-01
<MEAN> 15
 2.074326e-01 8.023818e-02 7.647496e-02 -2.820618e-02 1.744181e-01 1.030224e-01 -3.662866e-02 -1.206221e-01 -1.849288e-01 4.490105e-02 -2.642201e-01 -8.655674e-02 5.357026e-02 -1.321314e-01 -1.368646e-01
<VARIANCE> 15
 2.108164e+00 1.528537e-01 3.361820e-02 9.814459e-02 1.201087e-01 1.068881e-01 1.750556e-01 2.385093e-01 4.359901e-02 3.070491e-01 3.646005e-01 3.208840e-01 3.398928e-01 3.545849e-01 4.781889e-02
<GCONST> 1.575002e+00
<TRANSP> 5
 0.000000e+00 1.000000e+00 0.000000e+00 0.000000e+00 0.000000e+00
 0.000000e+00 5.620147e-01 4.379853e-01 0.000000e+00 0.000000e+00
 0.000000e+00 0.000000e+00 9.124386e-01 8.756139e-02 0.000000e+00
 0.000000e+00 0.000000e+00 0.000000e+00 5.598092e-01 4.401908e-01
 0.000000e+00 0.000000e+00 0.000000e+00 0.000000e+00 0.000000e+00
<ENDHMM>
~h "uh"
<BEGINHMM>
<NUMSTATES> 5
<STATE> 2
<NUMMIXES> 3
<MIXTURE> 1 1.965014e-01
<MEAN> 15
 6.105474e-01 7.965609e-01 -1.325115e-01 1.571158e-01 3.046150e-01 1.287241e-01 1.812628e-01 1.887833e-01 2.640997e-01 1.967042e-01 2.734374e-01 -8.823483e-02 -6.462049e-02 -1.673425e-01 -1.102066e-01
<VARIANCE> 15
 5.099923e-01 1.392935e-01 6.713164e-02 1.195749e-01 2.948410e-01 9.796912e-02 7.796233e-02 3.346735e-01 2.959725e-01 5.682568e-02 2.068563e-01 6.717993e-02 5.444584e-02 1.912603e-01 2.562725e-02
<GCONST> -3.681973e+00
<MIXTURE> 2 4.854783e-01
<MEAN> 15
 3.637008e-01 6.617408e-01 -9.681319e-02 -1.363924e-02 5.678652e-02 -4.619913e-02 2.160842e-02 6.011682e-02 1.850142e-01 6.600310e-02 -2.986125e-01 -1.555745e-01 -3.958132e-02 -2.292264e-03 -1.033530e-01
<VARIANCE> 15
 7.333398e-01 3.841606e-01 8.456463e-02 9.019976e-02 1.483823e-01 2.186070e-01 1.818121e-01 3.078558e-01 3.905802e-01 8.231251e-02 6.206727e-01 8.300430e-02 9.535019e-02 2.507179e-01 5.551657e-02
<GCONST> 2.086131e+00
<MIXTURE> 3 3.180203e-01
<MEAN> 15
 3.869238e-01 7.771447e-01 -6.722008e-02 -1.402985e-02 9.894188e-02 3.816358e-02 6.954265e-02 4.054017e-02 1.016352e-01 1.373203e-01 -5.169054e-02 -1.394049e-01 -3.497431e-02 -2.656977e-02 -7.699455e-02
<VARIANCE> 15
 6.896050e-01 2.660432e-01 7.710867e-02 9.710832e-02 1.936029e-01 1.621624e-01 1.351644e-01 3.111526e-01 3.033121e-01 8.122052e-02 4.923456e-01 8.755806e-02 7.416101e-02 2.505351e-01 4.099125e-02
<GCONST> 3.204396e-01
<STATE> 3
<NUMMIXES> 3
<MIXTURE> 1 1.696218e-01
<MEAN> 15
 -1.538087e-01 -9.102192e-01 4.651898e-02 8.611318e-02 1.598835e-01 4.087629e-01 4.706197e-01 5.600658e-01 4.005656e-01 1.189937e-01 -2.799719e-02 -1.187981e-01 -7.302934e-01 -5.275400e-01 -4.835499e-02
<VARIANCE> 15
 1.873306e-01 1.412602e+00 9.356933e-02 1.040148e-01 1.884839e-01 3.157009e-01 4.093651e-01 3.324771e-01 2.175450e-01 1.740326e-01 1.077540e+00 2.912695e-01 1.390401e-01 1.213467e-01 1.314284e-01
<GCONST> 6.246322e+00
<MIXTURE> 2 5.151682e-01
<MEAN> 15
 -3.787211e-02 -1.736306e+00 -7.327908e-02 -3.046932e-01 -2.005240e-01 -3.988208e-01 -1.987647e-01 1.916280e-01 1.134364e-01 -2.514824e-02 -7.443301e-02 1.386842e-01 -1.392842e-01 -2.412836e-01 4.918863e-02
<VARIANCE> 15
 5.823543e-01 1.687369e+00 3.766870e-02 9.632097e-02 1.500486e-01 5.370066e-01 5.131183e-01 6.452235e-01 6.108714e-01 4.192477e-01 1.503254e+00 3.655687e-01 5.605466e-01 1.851354e-01 2.108508e-01
<GCONST> 1.252476e+01
<MIXTURE> 3 3.152100e-01
<MEAN> 15
 -1.452866e-01 -1.547223e+00 -5.519873e-02 -1.857580e-01 -1.315638e-01 -1.439129e-01 -1.517578e-04 3.361988e-01 3.089425e-01 9.954356e-02 3.608527e-04 5.873017e-02 -3.777791e-01 -3.077325e-01 -4.549984e-02
<VARIANCE> 15
 4.284152e-01 1.835084e+00 5.381956e-02 1.091607e-01 1.813686e-01 5.244088e-01 5.357730e-01 5.868911e-01 5.186768e-01 3.544220e-01 1.503553e+00 3.634468e-01 4.408638e-01 1.840160e-01 1.889011e-01
<GCONST> 1.220455e+01
<STATE> 4
<NUMMIXES> 3
<MIXTURE> 1 2.155275e-01
<MEAN> 15
 -1.336965e+00 -1.452414e-01 1.384587e-01 1.889804e-01 2.793939e-01 4.859564e-01 6.078973e-01 1.686529e-01 8.075312e-03 5.243925e-02 -4.055575e-01 -6.790746e-01 -1.529649e-01 3.572924e-01 4.747792e-02
<VARIANCE> 15
 8.701149e-01 2.390095e-01 3.305794e-02 4.576202e-03 9.991555e-02 5.352139e-01 2.904856e-01 8.431149e-02 1.454677e-01 2.443596e-02 9.239353e-02 3.481805e-02 4.909534e-02 1.946481e-01 1.312715e-02
<GCONST> -9.799007e+00
<MIXTURE> 2 5.081922e-01
<MEAN> 15
 -1.475438e+00 1.791052e-01 -8.569239e-02 1.605727e-01 2.935072e-03 2.163879e-01 -1.421949e-02 -9.049296e-02 3.399919e-01 -1.428197e-01 -3.475305e-01 -2.951889e-01 -5.281115e-01 3.665137e-02 -3.092512e-02
<VARIANCE> 15
 1.507845e+00 3.586091e-02 7.883583e-03 3.820126e-03 1.789487e-02 1.390024e-01 6.775670e-02 1.929563e-01 2.907212e-01 2.923832e-02 2.924556e-01 2.395687e-01 1.970894e-01 2.854176e-01 1.709877e-03
<GCONST> -1.276860e+01
<MIXTURE> 3 2.762802e-01
<MEAN> 15
 -1.282956e+00 1.980867e-01 -4.673099e-02 1.912971e-01 2.140893e-02 1.329573e-01 8.753014e-02 -4.031669e-02 2.655601e-01 -8.570229e-02 -3.876887e-01 -4.665110e-01 -2.861125e-01 3.178983e-01 -2.934642e-02
<VARIANCE> 15
 1.392133e+00 5.930865e-02 1.189735e-02 4.254029e-03 3.182022e-02 1.990509e-01 1.082153e-01 1.925146e-01 3.032251e-01 2.305620e-02 2.414667e-01 1.656398e-01 1.653904e-01 2.800456e-01 3.515960e-03
<GCONST> -1.065516e+01
<TRANSP> 5
 0.000000e+00 1.000000e+00 0.000000e+00 0.000000e+00 0.000000e+00
 0.000000e+00 7.418002e-01 2.581998e-01 0.000000e+00 0.000000e+00
 0.000000e+00 0.000000e+00 6.368083e-01 3.631917e-01 0.000000e+00
 0.000000e+00 0.000000e+00 0.000000e+00 5.510660e-01 4.489340e-01
 0.000000e+00 0.000000e+00 0.000000e+00 0.000000e+00 0.000000e+00
<ENDHMM>
~h "uw"
<BEGINHMM>
<NUMSTATES> 5
<STATE> 2
<NUMMIXES> 3
<MIXTURE> 1 1.713324e-01
<MEAN> 15
 1.701624e-01 -3.236880e-01 -8.565214e-03 3.988842e-03 5.637149e-02 1.892716e-01 1.618511e-01 1.228945e-01 8.437059e-03 9.794863e-02 4.174758e-01 3.019851e-01 3.442734e-02 -2.790467e-02 -3.220099e-02
<VARIANCE> 15
 6.851034e-01 2.490474e-01 1.861246e-02 1.039143e-01 2.600454e-02 1.096534e-01 7.386507e-02 1.252970e-01 3.965233e-02 1.479239e-01 4.165590e-01 3.272961e-01 1.973309e-01 7.525284e-02 7.003434e-03
<GCONST> -7.293162e+00
<MIXTURE> 2 5.205641e-01
<MEAN> 15
 1.514348e-01 -7.614357e-01 -1.081567e-01 -1.141670e-02 -1.231191e-03 -6.300708e-02 -1.222995e-01 -1.205151e-02 2.210613e-02 3.708497e-03 5.122047e-02 9.904608e-02 5.566803e-02 -3.727480e-03 -9.857099e-02
<VARIANCE> 15
 8.882499e-01 3.371595e-01 3.299180e-02 9.543593e-02 5.613586e-02 1.435551e-01 1.878154e-01 8.919203e-02 5.352088e-02 1.794819e-01 3.832372e-01 3.872067e-01 1.750043e-01 1.860953e-01 1.436117e-02
<GCONST> -2.529549e+00
<MIXTURE> 3 3.081035e-01
<MEAN> 15
 1.311635e-01 -6.655454e-01 -6.012151e-02 3.316466e-03 2.803104e-03 1.665423e-03 -3.909372e-02 2.402495e-02 3.992214e-02 2.201466e-02 6.345072e-02 5.884584e-02 3.892394e-03 -2.142751e-02 -7.384836e-02
<VARIANCE> 15
 7.876990e-01 2.630855e-01 2.800059e-02 8.156575e-02 5.073392e-02 1.062134e-01 1.298356e-01 1.132374e-01 5.237494e-02 1.717356e-01 3.146957e-01 2.488009e-01 1.970303e-01 1.302788e-01 1.388729e-02
<GCONST> -4.728492e+00
<STATE> 3
<NUMMIXES> 3
<MIXTURE> 1 1.682138e-01
<MEAN> 15
 2.166115e-01 6.427567e-01 -2.773470e-02 2.724695e-01 2.831761e-01 2.620614e-01 1.526055e-01 6.416260e-02 1.596091e-01 1.409213e-01 8.859848e-02 -9.305865e-03 -6.063681e-02 1.679166e-01 -1.150837e-01
<VARIANCE> 15
 9.795398e-01 2.358905e+00 3.089885e-01 5.470539e-01 4.295904e-01 6.666998e-01 3.214662e-01 4.577247e-01 4.491603e-01 1.770450e-01 5.514914e-01 4.796732e-01 2.052173e-01 7.584086e-02 2.390586e-01
<GCONST> 1.400598e+01
<MIXTURE> 2 5.112367e-01
<MEAN> 15
 -1.246946e-02 -9.643064e-02 6.187771e-02 -1.354807e-01 -9.358560e-02 -9.154197e-02 -4.287827e-02 -1.017635e-02 -5.513227e-02 -3.601354e-02 -1.069124e-01 -7.536428e-02 1.451992e-02 -3.399166e-02 7.946724e-02
<VARIANCE> 15
 1.068522e+00 2.487589e+00 3.377014e-01 4.193486e-01 5.185581e-01 5.333184e-01 3.098181e-01 3.993299e-01 5.025206e-01 2.969019e-01 3.424358e-01 3.212335e-01 2.668458e-01 1.362695e-01 2.848818e-01
<GCONST> 1.453640e+01
<MIXTURE> 3 3.205495e-01
<MEAN> 15
 5.567249e-02 1.320550e-01 2.975499e-02 -1.747475e-02 1.230382e-02 7.929812e-03 1.822060e-02 5.296657e-02 4.832248e-02 4.994569e-02 -7.319510e-02 -8.702556e-02 1.689076e-02 5.843096e-02 1.070154e-02
<VARIANCE> 15
 9.897996e-01 2.416648e+00 3.381532e-01 4.619955e-01 5.386814e-01 6.517104e-01 3.278084e-01 4.306548e-01 4.977622e-01 2.586771e-01 3.948041e-01 3.257686e-01 2.487204e-01 1.166460e-01 2.874132e-01
<GCONST> 1.469165e+01
<STATE> 4
<NUMMIXES> 3
<MIXTURE> 1 2.745883e-01
<MEAN> 15
 -3.721891e-01 1.003472e-01 6.012793e-02 5.480558e-02 1.088007e-01 4.555660e-01 2.473060e-01 3.390136e-01 2.402552e-01 8.193740e-02 8.631317e-02 -1.060025e-01 1.118801e-01 2.181472e-01 3.542149e-02
<VARIANCE> 15
 5.165188e-01 3.275326e-02 1.684027e-02 8.455018e-02 3.756174e-02 2.056173e-01 2.734165e-01 4.764613e-02 3.270811e-01 3.859432e-02 2.964997e-01 2.278534e-01 3.282920e-01 1.258216e-01 3.807400e-03
<GCONST> -8.094364e+00
<MIXTURE> 2 4.678091e-01
<MEAN> 15
 -6.144769e-01 -7.842814e-03 -1.138829e-01 -1.266530e-01 4.920250e-02 -1.209329e-01 -4.841018e-03 -1.826332e-01 -2.077469e-01 1.280346e-02 9.958549e-02 2.705028e-02 -1.984066e-01 -2.421575e-01 -4.777041e-02
<VARIANCE> 15
 1.766373e+00 3.153173e-02 1.968306e-02 9.936313e-02 8.723319e-02 7.352242e-02 1.901224e-01 2.302188e-01 4.524745e-01 8.840743e-02 1.615067e-01 1.489240e-01 3.085823e-01 2.787026e-01 1.057014e-02
<GCONST> -3.684247e+00
<MIXTURE> 3 2.576026e-01
<MEAN> 15
 -4.287051e-01 4.448204e-02 -3.357488e-02 -9.088497e-02 7.412984e-02 4.127039e-02 2.660222e-02 1.281546e-01 1.363458e-01 1.026349e-01 6.987845e-03 -1.863521e-02 8.012064e-02 5.219790e-02 -4.861891e-03
<VARIANCE> 15
 1.556617e+00 3.334978e-02 2.006439e-02 1.130671e-01 8.488377e-02 1.412963e-01 2.551733e-01 1.215726e-01 4.307778e-01 7.513209e-02 2.587964e-01 2.006665e-01 2.420710e-01 1.697942e-01 1.095860e-02
<GCONST> -3.468860e+00
<TRANSP> 5
 0.000000e+00 1.000000e+00 0.000000e+00 0.000000e+00 0.000000e+00
 0.000000e+00 8.191426e-01 1.808574e-01 0.000000e+00 0.000000e+00
 0.000000e+00 0.000000e+00 9.390811e-01 6.091889e-02 0.000000e+00
 0.000000e+00 0.000000e+00 0.000000e+00 7.864751e-01 2.135250e-01
 0.000000e+00 0.000000e+00 0.000000e+00 0.000000e+00 0.000000e+00
<ENDHMM>
~h "sil"
<BEGINHMM>
<NUMSTATES> 5
<STATE> 2
<MEAN> 15
 -1.250075e-01 -3.859289e-01 -6.943791e-02 1.415102e-01 1.321566e-01 1.090236e-01 5.355741e-02 -3.066080e-02 3.195553e-02 -2.279102e-01 -7.922503e-02 9.659479e-02 2.933010e-02 1.700812e-01 -7.866888e-02
<VARIANCE> 15
 1.794896e+00 1.212704e-01 2.243474e-02 6.121920e-02 5.397119e-02 4.454448e-02 1.453128e-01 1.868725e-01 1.351021e-01 1.283433e-01 2.387444e-01 6.625271e-02 1.431219e-01 2.219456e-01 9.069909e-03
<GCONST> -6.537422e+00
<STATE> 3
<MEAN> 15
 1.104660e-01 -1.218516e+00 2.230501e-02 -1.043316e-01 -6.525800e-02 -7.287658e-02 -2.532330e-02 1.854374e-02 1.871452e-02 5.460184e-02 1.907430e-02 1.790466e-02 7.010803e-02 9.732177e-03 7.219923e-02
<VARIANCE> 15
 1.288783e+00 1.116623e+00 1.052039e-01 2.118930e-01 2.684622e-01 1.870174e-01 1.847200e-01 4.057522e-01 3.676110e-01 1.406728e-01 4.032867e-01 1.334444e-01 2.288075e-01 2.925869e-01 1.923701e-01
<GCONST> 8.309679e+00
<STATE> 4
<MEAN> 15
 2.841644e-03 -1.274638e-02 1.014168e-02 4.114338e-03 -1.203052e-02 3.498932e-03 -1.197891e-02 -1.607765e-02 8.093860e-03 1.821522e-02 -8.912286e-03 9.409642e-03 5.059182e-03 -1.006689e-02 4.095092e-03
<VARIANCE> 15
 1.092341e+00 1.906850e-02 1.081606e-02 3.558691e-02 7.559456e-02 1.177379e-01 1.377057e-01 1.423370e-01 1.472268e-01 1.765682e-01 1.965648e-01 2.691047e-01 3.330460e-01 2.038914e-01 3.782131e-03
<GCONST> -7.675957e+00
<TRANSP> 5
 0.000000e+00 1.000000e+00 0.000000e+00 0.000000e+00 0.000000e+00
 0.000000e+00 6.253978e-01 1.107422e-01 2.638600e-01 0.000000e+00
 0.000000e+00 0.000000e+00 8.791316e-01 1.208684e-01 0.000000e+00
 0.000000e+00 2.497723e-02 0.000000e+00 9.493606e-01 2.566219e-02
 0.000000e+00 0.000000e+00 0.000000e+00 0.000000e+00 0.000000e+00
<ENDHMM>
