~o
<STREAMINFO> 1 39
<VECSIZE> 39<NULLD><MFCC_D_A_0><DIAGC>
~h "au"
<BEGINHMM>
<NUMSTATES> 5
<STATE> 2
<MEAN> 39
 -1.436499e+01 -1.059857e+01 9.208626e-01 1.304676e+00 -2.055449e+00 5.776300e+00 -3.910706e+00 6.947696e-01 -1.623574e+00 -3.256795e+00 3.759260e+00 -1.483043e+00 3.178183e+01 -8.946050e-03 -8.105660e-03 -2.785833e-03 7.360021e-03 1.270549e-02 8.716032e-03 1.253922e-02 -5.547659e-03 -5.677742e-03 3.204727e-03 8.651911e-03 -6.526921e-04 -4.824066e-03 1.255928e-02 3.473635e-03 7.023956e-03 -2.827441e-04 -5.267167e-03 -7.526609e-04 -7.135897e-03 2.016401e-03 4.427574e-04 -2.388646e-03 -6.362799e-04 -1.616534e-03 8.934513e-03
<VARIANCE> 39
 9.385579e+00 1.896898e+01 3.738741e+01 1.385961e+01 1.736021e+01 1.691353e+01 1.845950e+01 1.996167e+01 1.616468e+01 1.904900e+01 2.000197e+01 1.169878e+01 7.787131e+00 6.309258e-01 9.869440e-01 9.653478e-01 9.887866e-01 1.166145e+00 1.364780e+00 1.357793e+00 1.660968e+00 1.757125e+00 1.628150e+00 1.801168e+00 1.275267e+00 4.191120e-01 1.149448e-01 2.061945e-01 1.887269e-01 2.043466e-01 2.401244e-01 2.775644e-01 2.780433e-01 3.420330e-01 3.664485e-01 3.394298e-01 3.705889e-01 2.657119e-01 7.034613e-02
<GCONST> 9.059418e+01
<STATE> 3
<MEAN> 39
 1.026118e+00 -5.695374e+00 3.627380e+00 -5.216004e+00 -1.056917e+01 3.882012e+00 -9.367482e+00 -2.129623e-02 1.432427e+00 -4.671411e+00 3.266871e+00 -3.597435e+00 4.241784e+01 4.499710e-02 3.419154e-02 1.344594e-02 -1.393508e-02 -1.481563e-02 -6.829449e-03 -1.852343e-02 3.058936e-03 1.940391e-02 -2.485270e-03 -5.439918e-03 -7.217612e-03 2.335185e-02 -1.327409e-02 -1.037910e-02 -4.489521e-03 2.435920e-03 6.286715e-03 5.440149e-03 5.064116e-03 2.543617e-03 -1.220406e-03 2.126150e-03 6.869694e-04 1.439914e-03 -6.925630e-03
<VARIANCE> 39
 7.780317e+01 5.109673e+01 6.463763e+01 6.651740e+01 7.636356e+01 4.073299e+01 4.474066e+01 3.537858e+01 2.982460e+01 2.533398e+01 2.303781e+01 1.805329e+01 6.114088e+01 2.262742e+00 2.368872e+00 2.260821e+00 2.402689e+00 3.457196e+00 2.156088e+00 2.219657e+00 1.960665e+00 1.901833e+00 1.723506e+00 1.555824e+00 1.349094e+00 1.827651e+00 2.701586e-01 3.439643e-01 3.281834e-01 3.661175e-01 5.239738e-01 3.725838e-01 3.734808e-01 3.487224e-01 3.342988e-01 3.233320e-01 2.928137e-01 2.502855e-01 2.093709e-01
<GCONST> 1.153256e+02
<STATE> 4
<MEAN> 39
 -1.068687e+01 -7.198854e+00 2.427822e+00 1.035581e+00 -2.720690e+00 4.687418e+00 -4.928952e+00 1.246286e+00 -4.595907e-01 -3.047608e+00 3.036894e+00 -2.250592e+00 3.350119e+01 -8.658013e-02 -5.256374e-02 -1.136020e-02 3.772485e-02 2.898018e-02 -1.977555e-04 2.869824e-02 -1.060208e-02 -4.010034e-02 1.050823e-03 5.572168e-03 5.891631e-03 -4.834418e-02 9.908249e-03 7.418648e-03 9.208704e-05 -5.297413e-03 -8.416051e-03 -5.267112e-03 -1.213743e-03 -3.593482e-03 -1.207081e-03 8.751891e-05 3.967061e-03 5.785352e-04 5.093363e-03
<VARIANCE> 39
 1.313989e+01 2.386545e+01 1.515225e+01 1.253774e+01 1.557928e+01 1.487052e+01 1.371819e+01 1.564174e+01 1.693843e+01 1.656655e+01 1.240421e+01 1.060118e+01 5.140419e+00 5.767074e-01 8.207433e-01 9.065182e-01 8.236326e-01 1.092240e+00 1.235332e+00 1.372559e+00 1.487787e+00 1.465069e+00 1.454662e+00 1.433754e+00 1.213133e+00 2.465409e-01 1.123127e-01 1.571945e-01 1.819355e-01 1.621994e-01 2.158635e-01 2.459019e-01 2.811136e-01 3.017299e-01 2.965748e-01 2.934284e-01 2.956353e-01 2.540765e-01 4.909925e-02
<GCONST> 8.451546e+01
<TRANSP> 5
 0.000000e+00 1.000000e+00 0.000000e+00 0.000000e+00 0.000000e+00
 0.000000e+00 9.953785e-01 4.621515e-03 0.000000e+00 0.000000e+00
 0.000000e+00 0.000000e+00 9.947032e-01 5.296804e-03 0.000000e+00
 0.000000e+00 0.000000e+00 0.000000e+00 9.913510e-01 8.648973e-03
 0.000000e+00 0.000000e+00 0.000000e+00 0.000000e+00 0.000000e+00
<ENDHMM>
