~o
<STREAMINFO> 1 15
<VECSIZE> 15<NULLD><USER><DIAGC>
~h "#N"
<BEGINHMM>
<NUMSTATES> 5
<STATE> 2
<MEAN> 15
 -4.315896e-02 -3.774200e-02 -3.822027e-02 -3.011584e-02 5.544835e-03 1.831520e-03 -9.856589e-03 -2.307578e-02 -9.901715e-03 -3.297279e-02 6.646260e-04 -1.451860e-02 4.356292e-03 4.584733e-02 3.120668e-02
<VARIANCE> 15
 1.259373e+00 2.520468e-01 3.575831e-02 8.768087e-02 1.037099e-01 1.512336e-01 1.960389e-01 3.057778e-01 3.347853e-01 2.644285e-01 4.182668e-01 1.564182e-01 1.903863e-01 2.355188e-01 2.328994e-02
<GCONST> 1.670473e+00
<STATE> 3
<MEAN> 15
 -2.056800e-03 -2.352875e-02 -2.707315e-03 -8.732653e-04 -2.405862e-03 2.691644e-03 2.891667e-03 6.867751e-03 4.742432e-03 2.069149e-04 -3.924658e-03 -5.773370e-03 2.657586e-03 -3.418218e-03 -1.470013e-03
<VARIANCE> 15
 2.361769e+00 1.893628e+00 3.005109e-01 3.517027e-01 2.519390e-01 3.481933e-01 2.969864e-01 3.863556e-01 5.626944e-01 4.095629e-01 4.728031e-01 6.325685e-01 4.634612e-01 4.125950e-01 2.112571e-01
<GCONST> 1.633646e+01
<STATE> 4
<MEAN> 15
 -1.647336e-02 -1.569975e-02 -5.339857e-04 1.321797e-03 1.073739e-03 4.697191e-03 6.328004e-03 9.721324e-03 1.832737e-03 -3.366184e-03 -4.965742e-03 -1.016706e-02 -1.746386e-02 -8.566323e-03 1.674115e-03
<VARIANCE> 15
 9.248830e-01 2.770270e-02 1.292410e-02 2.954921e-02 7.063325e-02 8.220720e-02 9.347926e-02 1.218311e-01 1.551399e-01 1.762530e-01 2.401444e-01 2.011036e-01 1.835587e-01 1.807826e-01 1.000000e-02
<GCONST> -8.230984e+00
<TRANSP> 5
 0.000000e+00 1.000000e+00 0.000000e+00 0.000000e+00 0.000000e+00
 0.000000e+00 9.732143e-01 2.678571e-02 0.000000e+00 0.000000e+00
 0.000000e+00 0.000000e+00 9.965358e-01 3.464203e-03 0.000000e+00
 0.000000e+00 0.000000e+00 0.000000e+00 9.901639e-01 9.836067e-03
 0.000000e+00 0.000000e+00 0.000000e+00 0.000000e+00 0.000000e+00
<ENDHMM>
~o
<STREAMINFO> 1 15
<VECSIZE> 15<NULLD><USER><DIAGC>
~h "ah"
<BEGINHMM>
<NUMSTATES> 5
<STATE> 2
<MEAN> 15
 -4.315896e-02 -3.774200e-02 -3.822027e-02 -3.011584e-02 5.544835e-03 1.831520e-03 -9.856589e-03 -2.307578e-02 -9.901715e-03 -3.297279e-02 6.646260e-04 -1.451860e-02 4.356292e-03 4.584733e-02 3.120668e-02
<VARIANCE> 15
 1.259373e+00 2.520468e-01 3.575831e-02 8.768087e-02 1.037099e-01 1.512336e-01 1.960389e-01 3.057778e-01 3.347853e-01 2.644285e-01 4.182668e-01 1.564182e-01 1.903863e-01 2.355188e-01 2.328994e-02
<GCONST> 1.670473e+00
<STATE> 3
<MEAN> 15
 -2.056800e-03 -2.352875e-02 -2.707315e-03 -8.732653e-04 -2.405862e-03 2.691644e-03 2.891667e-03 6.867751e-03 4.742432e-03 2.069149e-04 -3.924658e-03 -5.773370e-03 2.657586e-03 -3.418218e-03 -1.470013e-03
<VARIANCE> 15
 2.361769e+00 1.893628e+00 3.005109e-01 3.517027e-01 2.519390e-01 3.481933e-01 2.969864e-01 3.863556e-01 5.626944e-01 4.095629e-01 4.728031e-01 6.325685e-01 4.634612e-01 4.125950e-01 2.112571e-01
<GCONST> 1.633646e+01
<STATE> 4
<MEAN> 15
 -1.647336e-02 -1.569975e-02 -5.339857e-04 1.321797e-03 1.073739e-03 4.697191e-03 6.328004e-03 9.721324e-03 1.832737e-03 -3.366184e-03 -4.965742e-03 -1.016706e-02 -1.746386e-02 -8.566323e-03 1.674115e-03
<VARIANCE> 15
 9.248830e-01 2.770270e-02 1.292410e-02 2.954921e-02 7.063325e-02 8.220720e-02 9.347926e-02 1.218311e-01 1.551399e-01 1.762530e-01 2.401444e-01 2.011036e-01 1.835587e-01 1.807826e-01 1.000000e-02
<GCONST> -8.230984e+00
<TRANSP> 5
 0.000000e+00 1.000000e+00 0.000000e+00 0.000000e+00 0.000000e+00
 0.000000e+00 9.732143e-01 2.678571e-02 0.000000e+00 0.000000e+00
 0.000000e+00 0.000000e+00 9.965358e-01 3.464203e-03 0.000000e+00
 0.000000e+00 0.000000e+00 0.000000e+00 9.901639e-01 9.836067e-03
 0.000000e+00 0.000000e+00 0.000000e+00 0.000000e+00 0.000000e+00
<ENDHMM>
~o
<STREAMINFO> 1 15
<VECSIZE> 15<NULLD><USER><DIAGC>
~h "d"
<BEGINHMM>
<NUMSTATES> 5
<STATE> 2
<MEAN> 15
 -4.315896e-02 -3.774200e-02 -3.822027e-02 -3.011584e-02 5.544835e-03 1.831520e-03 -9.856589e-03 -2.307578e-02 -9.901715e-03 -3.297279e-02 6.646260e-04 -1.451860e-02 4.356292e-03 4.584733e-02 3.120668e-02
<VARIANCE> 15
 1.259373e+00 2.520468e-01 3.575831e-02 8.768087e-02 1.037099e-01 1.512336e-01 1.960389e-01 3.057778e-01 3.347853e-01 2.644285e-01 4.182668e-01 1.564182e-01 1.903863e-01 2.355188e-01 2.328994e-02
<GCONST> 1.670473e+00
<STATE> 3
<MEAN> 15
 -2.056800e-03 -2.352875e-02 -2.707315e-03 -8.732653e-04 -2.405862e-03 2.691644e-03 2.891667e-03 6.867751e-03 4.742432e-03 2.069149e-04 -3.924658e-03 -5.773370e-03 2.657586e-03 -3.418218e-03 -1.470013e-03
<VARIANCE> 15
 2.361769e+00 1.893628e+00 3.005109e-01 3.517027e-01 2.519390e-01 3.481933e-01 2.969864e-01 3.863556e-01 5.626944e-01 4.095629e-01 4.728031e-01 6.325685e-01 4.634612e-01 4.125950e-01 2.112571e-01
<GCONST> 1.633646e+01
<STATE> 4
<MEAN> 15
 -1.647336e-02 -1.569975e-02 -5.339857e-04 1.321797e-03 1.073739e-03 4.697191e-03 6.328004e-03 9.721324e-03 1.832737e-03 -3.366184e-03 -4.965742e-03 -1.016706e-02 -1.746386e-02 -8.566323e-03 1.674115e-03
<VARIANCE> 15
 9.248830e-01 2.770270e-02 1.292410e-02 2.954921e-02 7.063325e-02 8.220720e-02 9.347926e-02 1.218311e-01 1.551399e-01 1.762530e-01 2.401444e-01 2.011036e-01 1.835587e-01 1.807826e-01 1.000000e-02
<GCONST> -8.230984e+00
<TRANSP> 5
 0.000000e+00 1.000000e+00 0.000000e+00 0.000000e+00 0.000000e+00
 0.000000e+00 9.732143e-01 2.678571e-02 0.000000e+00 0.000000e+00
 0.000000e+00 0.000000e+00 9.965358e-01 3.464203e-03 0.000000e+00
 0.000000e+00 0.000000e+00 0.000000e+00 9.901639e-01 9.836067e-03
 0.000000e+00 0.000000e+00 0.000000e+00 0.000000e+00 0.000000e+00
<ENDHMM>
~o
<STREAMINFO> 1 15
<VECSIZE> 15<NULLD><USER><DIAGC>
~h "s"
<BEGINHMM>
<NUMSTATES> 5
<STATE> 2
<MEAN> 15
 -4.315896e-02 -3.774200e-02 -3.822027e-02 -3.011584e-02 5.544835e-03 1.831520e-03 -9.856589e-03 -2.307578e-02 -9.901715e-03 -3.297279e-02 6.646260e-04 -1.451860e-02 4.356292e-03 4.584733e-02 3.120668e-02
<VARIANCE> 15
 1.259373e+00 2.520468e-01 3.575831e-02 8.768087e-02 1.037099e-01 1.512336e-01 1.960389e-01 3.057778e-01 3.347853e-01 2.644285e-01 4.182668e-01 1.564182e-01 1.903863e-01 2.355188e-01 2.328994e-02
<GCONST> 1.670473e+00
<STATE> 3
<MEAN> 15
 -2.056800e-03 -2.352875e-02 -2.707315e-03 -8.732653e-04 -2.405862e-03 2.691644e-03 2.891667e-03 6.867751e-03 4.742432e-03 2.069149e-04 -3.924658e-03 -5.773370e-03 2.657586e-03 -3.418218e-03 -1.470013e-03
<VARIANCE> 15
 2.361769e+00 1.893628e+00 3.005109e-01 3.517027e-01 2.519390e-01 3.481933e-01 2.969864e-01 3.863556e-01 5.626944e-01 4.095629e-01 4.728031e-01 6.325685e-01 4.634612e-01 4.125950e-01 2.112571e-01
<GCONST> 1.633646e+01
<STATE> 4
<MEAN> 15
 -1.647336e-02 -1.569975e-02 -5.339857e-04 1.321797e-03 1.073739e-03 4.697191e-03 6.328004e-03 9.721324e-03 1.832737e-03 -3.366184e-03 -4.965742e-03 -1.016706e-02 -1.746386e-02 -8.566323e-03 1.674115e-03
<VARIANCE> 15
 9.248830e-01 2.770270e-02 1.292410e-02 2.954921e-02 7.063325e-02 8.220720e-02 9.347926e-02 1.218311e-01 1.551399e-01 1.762530e-01 2.401444e-01 2.011036e-01 1.835587e-01 1.807826e-01 1.000000e-02
<GCONST> -8.230984e+00
<TRANSP> 5
 0.000000e+00 1.000000e+00 0.000000e+00 0.000000e+00 0.000000e+00
 0.000000e+00 9.732143e-01 2.678571e-02 0.000000e+00 0.000000e+00
 0.000000e+00 0.000000e+00 9.965358e-01 3.464203e-03 0.000000e+00
 0.000000e+00 0.000000e+00 0.000000e+00 9.901639e-01 9.836067e-03
 0.000000e+00 0.000000e+00 0.000000e+00 0.000000e+00 0.000000e+00
<ENDHMM>
~o
<STREAMINFO> 1 15
<VECSIZE> 15<NULLD><USER><DIAGC>
~h "sil"
<BEGINHMM>
<NUMSTATES> 5
<STATE> 2
<MEAN> 15
 -4.315896e-02 -3.774200e-02 -3.822027e-02 -3.011584e-02 5.544835e-03 1.831520e-03 -9.856589e-03 -2.307578e-02 -9.901715e-03 -3.297279e-02 6.646260e-04 -1.451860e-02 4.356292e-03 4.584733e-02 3.120668e-02
<VARIANCE> 15
 1.259373e+00 2.520468e-01 3.575831e-02 8.768087e-02 1.037099e-01 1.512336e-01 1.960389e-01 3.057778e-01 3.347853e-01 2.644285e-01 4.182668e-01 1.564182e-01 1.903863e-01 2.355188e-01 2.328994e-02
<GCONST> 1.670473e+00
<STATE> 3
<MEAN> 15
 -2.056800e-03 -2.352875e-02 -2.707315e-03 -8.732653e-04 -2.405862e-03 2.691644e-03 2.891667e-03 6.867751e-03 4.742432e-03 2.069149e-04 -3.924658e-03 -5.773370e-03 2.657586e-03 -3.418218e-03 -1.470013e-03
<VARIANCE> 15
 2.361769e+00 1.893628e+00 3.005109e-01 3.517027e-01 2.519390e-01 3.481933e-01 2.969864e-01 3.863556e-01 5.626944e-01 4.095629e-01 4.728031e-01 6.325685e-01 4.634612e-01 4.125950e-01 2.112571e-01
<GCONST> 1.633646e+01
<STATE> 4
<MEAN> 15
 -1.647336e-02 -1.569975e-02 -5.339857e-04 1.321797e-03 1.073739e-03 4.697191e-03 6.328004e-03 9.721324e-03 1.832737e-03 -3.366184e-03 -4.965742e-03 -1.016706e-02 -1.746386e-02 -8.566323e-03 1.674115e-03
<VARIANCE> 15
 9.248830e-01 2.770270e-02 1.292410e-02 2.954921e-02 7.063325e-02 8.220720e-02 9.347926e-02 1.218311e-01 1.551399e-01 1.762530e-01 2.401444e-01 2.011036e-01 1.835587e-01 1.807826e-01 1.000000e-02
<GCONST> -8.230984e+00
<TRANSP> 5
 0.000000e+00 1.000000e+00 0.000000e+00 0.000000e+00 0.000000e+00
 0.000000e+00 9.732143e-01 2.678571e-02 0.000000e+00 0.000000e+00
 0.000000e+00 0.000000e+00 9.965358e-01 3.464203e-03 0.000000e+00
 0.000000e+00 0.000000e+00 0.000000e+00 9.901639e-01 9.836067e-03
 0.000000e+00 0.000000e+00 0.000000e+00 0.000000e+00 0.000000e+00
<ENDHMM>
~o
<STREAMINFO> 1 15
<VECSIZE> 15<NULLD><USER><DIAGC>
~h "t"
<BEGINHMM>
<NUMSTATES> 5
<STATE> 2
<MEAN> 15
 -4.315896e-02 -3.774200e-02 -3.822027e-02 -3.011584e-02 5.544835e-03 1.831520e-03 -9.856589e-03 -2.307578e-02 -9.901715e-03 -3.297279e-02 6.646260e-04 -1.451860e-02 4.356292e-03 4.584733e-02 3.120668e-02
<VARIANCE> 15
 1.259373e+00 2.520468e-01 3.575831e-02 8.768087e-02 1.037099e-01 1.512336e-01 1.960389e-01 3.057778e-01 3.347853e-01 2.644285e-01 4.182668e-01 1.564182e-01 1.903863e-01 2.355188e-01 2.328994e-02
<GCONST> 1.670473e+00
<STATE> 3
<MEAN> 15
 -2.056800e-03 -2.352875e-02 -2.707315e-03 -8.732653e-04 -2.405862e-03 2.691644e-03 2.891667e-03 6.867751e-03 4.742432e-03 2.069149e-04 -3.924658e-03 -5.773370e-03 2.657586e-03 -3.418218e-03 -1.470013e-03
<VARIANCE> 15
 2.361769e+00 1.893628e+00 3.005109e-01 3.517027e-01 2.519390e-01 3.481933e-01 2.969864e-01 3.863556e-01 5.626944e-01 4.095629e-01 4.728031e-01 6.325685e-01 4.634612e-01 4.125950e-01 2.112571e-01
<GCONST> 1.633646e+01
<STATE> 4
<MEAN> 15
 -1.647336e-02 -1.569975e-02 -5.339857e-04 1.321797e-03 1.073739e-03 4.697191e-03 6.328004e-03 9.721324e-03 1.832737e-03 -3.366184e-03 -4.965742e-03 -1.016706e-02 -1.746386e-02 -8.566323e-03 1.674115e-03
<VARIANCE> 15
 9.248830e-01 2.770270e-02 1.292410e-02 2.954921e-02 7.063325e-02 8.220720e-02 9.347926e-02 1.218311e-01 1.551399e-01 1.762530e-01 2.401444e-01 2.011036e-01 1.835587e-01 1.807826e-01 1.000000e-02
<GCONST> -8.230984e+00
<TRANSP> 5
 0.000000e+00 1.000000e+00 0.000000e+00 0.000000e+00 0.000000e+00
 0.000000e+00 9.732143e-01 2.678571e-02 0.000000e+00 0.000000e+00
 0.000000e+00 0.000000e+00 9.965358e-01 3.464203e-03 0.000000e+00
 0.000000e+00 0.000000e+00 0.000000e+00 9.901639e-01 9.836067e-03
 0.000000e+00 0.000000e+00 0.000000e+00 0.000000e+00 0.000000e+00
<ENDHMM>
~o
<STREAMINFO> 1 15
<VECSIZE> 15<NULLD><USER><DIAGC>
~h "uh"
<BEGINHMM>
<NUMSTATES> 5
<STATE> 2
<MEAN> 15
 -4.315896e-02 -3.774200e-02 -3.822027e-02 -3.011584e-02 5.544835e-03 1.831520e-03 -9.856589e-03 -2.307578e-02 -9.901715e-03 -3.297279e-02 6.646260e-04 -1.451860e-02 4.356292e-03 4.584733e-02 3.120668e-02
<VARIANCE> 15
 1.259373e+00 2.520468e-01 3.575831e-02 8.768087e-02 1.037099e-01 1.512336e-01 1.960389e-01 3.057778e-01 3.347853e-01 2.644285e-01 4.182668e-01 1.564182e-01 1.903863e-01 2.355188e-01 2.328994e-02
<GCONST> 1.670473e+00
<STATE> 3
<MEAN> 15
 -2.056800e-03 -2.352875e-02 -2.707315e-03 -8.732653e-04 -2.405862e-03 2.691644e-03 2.891667e-03 6.867751e-03 4.742432e-03 2.069149e-04 -3.924658e-03 -5.773370e-03 2.657586e-03 -3.418218e-03 -1.470013e-03
<VARIANCE> 15
 2.361769e+00 1.893628e+00 3.005109e-01 3.517027e-01 2.519390e-01 3.481933e-01 2.969864e-01 3.863556e-01 5.626944e-01 4.095629e-01 4.728031e-01 6.325685e-01 4.634612e-01 4.125950e-01 2.112571e-01
<GCONST> 1.633646e+01
<STATE> 4
<MEAN> 15
 -1.647336e-02 -1.569975e-02 -5.339857e-04 1.321797e-03 1.073739e-03 4.697191e-03 6.328004e-03 9.721324e-03 1.832737e-03 -3.366184e-03 -4.965742e-03 -1.016706e-02 -1.746386e-02 -8.566323e-03 1.674115e-03
<VARIANCE> 15
 9.248830e-01 2.770270e-02 1.292410e-02 2.954921e-02 7.063325e-02 8.220720e-02 9.347926e-02 1.218311e-01 1.551399e-01 1.762530e-01 2.401444e-01 2.011036e-01 1.835587e-01 1.807826e-01 1.000000e-02
<GCONST> -8.230984e+00
<TRANSP> 5
 0.000000e+00 1.000000e+00 0.000000e+00 0.000000e+00 0.000000e+00
 0.000000e+00 9.732143e-01 2.678571e-02 0.000000e+00 0.000000e+00
 0.000000e+00 0.000000e+00 9.965358e-01 3.464203e-03 0.000000e+00
 0.000000e+00 0.000000e+00 0.000000e+00 9.901639e-01 9.836067e-03
 0.000000e+00 0.000000e+00 0.000000e+00 0.000000e+00 0.000000e+00
<ENDHMM>
~o
<STREAMINFO> 1 15
<VECSIZE> 15<NULLD><USER><DIAGC>
~h "uw"
<BEGINHMM>
<NUMSTATES> 5
<STATE> 2
<MEAN> 15
 -4.315896e-02 -3.774200e-02 -3.822027e-02 -3.011584e-02 5.544835e-03 1.831520e-03 -9.856589e-03 -2.307578e-02 -9.901715e-03 -3.297279e-02 6.646260e-04 -1.451860e-02 4.356292e-03 4.584733e-02 3.120668e-02
<VARIANCE> 15
 1.259373e+00 2.520468e-01 3.575831e-02 8.768087e-02 1.037099e-01 1.512336e-01 1.960389e-01 3.057778e-01 3.347853e-01 2.644285e-01 4.182668e-01 1.564182e-01 1.903863e-01 2.355188e-01 2.328994e-02
<GCONST> 1.670473e+00
<STATE> 3
<MEAN> 15
 -2.056800e-03 -2.352875e-02 -2.707315e-03 -8.732653e-04 -2.405862e-03 2.691644e-03 2.891667e-03 6.867751e-03 4.742432e-03 2.069149e-04 -3.924658e-03 -5.773370e-03 2.657586e-03 -3.418218e-03 -1.470013e-03
<VARIANCE> 15
 2.361769e+00 1.893628e+00 3.005109e-01 3.517027e-01 2.519390e-01 3.481933e-01 2.969864e-01 3.863556e-01 5.626944e-01 4.095629e-01 4.728031e-01 6.325685e-01 4.634612e-01 4.125950e-01 2.112571e-01
<GCONST> 1.633646e+01
<STATE> 4
<MEAN> 15
 -1.647336e-02 -1.569975e-02 -5.339857e-04 1.321797e-03 1.073739e-03 4.697191e-03 6.328004e-03 9.721324e-03 1.832737e-03 -3.366184e-03 -4.965742e-03 -1.016706e-02 -1.746386e-02 -8.566323e-03 1.674115e-03
<VARIANCE> 15
 9.248830e-01 2.770270e-02 1.292410e-02 2.954921e-02 7.063325e-02 8.220720e-02 9.347926e-02 1.218311e-01 1.551399e-01 1.762530e-01 2.401444e-01 2.011036e-01 1.835587e-01 1.807826e-01 1.000000e-02
<GCONST> -8.230984e+00
<TRANSP> 5
 0.000000e+00 1.000000e+00 0.000000e+00 0.000000e+00 0.000000e+00
 0.000000e+00 9.732143e-01 2.678571e-02 0.000000e+00 0.000000e+00
 0.000000e+00 0.000000e+00 9.965358e-01 3.464203e-03 0.000000e+00
 0.000000e+00 0.000000e+00 0.000000e+00 9.901639e-01 9.836067e-03
 0.000000e+00 0.000000e+00 0.000000e+00 0.000000e+00 0.000000e+00
<ENDHMM>
