~o
<STREAMINFO> 1 15
<VECSIZE> 15<NULLD><USER><DIAGC>
~h "#N"
<BEGINHMM>
<NUMSTATES> 5
<STATE> 2
<MEAN> 15
 -4.315896e-02 -3.774200e-02 -3.822027e-02 -3.011584e-02 5.544835e-03 1.831520e-03 -9.856589e-03 -2.307578e-02 -9.901715e-03 -3.297279e-02 6.646260e-04 -1.451860e-02 4.356292e-03 4.584733e-02 3.120668e-02
<VARIANCE> 15
 1.259373e+00 2.520468e-01 3.575831e-02 8.768087e-02 1.037099e-01 1.512336e-01 1.960389e-01 3.057778e-01 3.347853e-01 2.644285e-01 4.182668e-01 1.564182e-01 1.903863e-01 2.355188e-01 2.328994e-02
<GCONST> 1.670472e+00
<STATE> 3
<MEAN> 15
 -2.056800e-03 -2.352875e-02 -2.707315e-03 -8.732653e-04 -2.405862e-03 2.691644e-03 2.891667e-03 6.867751e-03 4.742432e-03 2.069149e-04 -3.924658e-03 -5.773370e-03 2.657586e-03 -3.418218e-03 -1.470013e-03
<VARIANCE> 15
 2.361769e+00 1.893628e+00 3.005109e-01 3.517027e-01 2.519390e-01 3.481933e-01 2.969864e-01 3.863556e-01 5.626944e-01 4.095629e-01 4.728031e-01 6.325685e-01 4.634612e-01 4.125950e-01 2.112571e-01
<GCONST> 1.633646e+01
<STATE> 4
<MEAN> 15
 -1.647336e-02 -1.569975e-02 -5.339857e-04 1.321797e-03 1.073739e-03 4.697191e-03 6.328004e-03 9.721324e-03 1.832737e-03 -3.366184e-03 -4.965742e-03 -1.016706e-02 -1.746386e-02 -8.566323e-03 1.674115e-03
<VARIANCE> 15
 9.248829e-01 2.770270e-02 1.292410e-02 2.954921e-02 7.063325e-02 8.220720e-02 9.347926e-02 1.218311e-01 1.551399e-01 1.762530e-01 2.401444e-01 2.011036e-01 1.835587e-01 1.807826e-01 1.000000e-02
<GCONST> -8.230984e+00
<TRANSP> 5
 0.000000e+00 1.000000e+00 0.000000e+00 0.000000e+00 0.000000e+00
 0.000000e+00 9.732143e-01 2.678571e-02 0.000000e+00 0.000000e+00
 0.000000e+00 0.000000e+00 9.965358e-01 3.464203e-03 0.000000e+00
 0.000000e+00 0.000000e+00 0.000000e+00 9.901639e-01 9.836067e-03
 0.000000e+00 0.000000e+00 0.000000e+00 0.000000e+00 0.000000e+00
<ENDHMM>
~h "t-uh+d"
<BEGINHMM>
<NUMSTATES> 5
<STATE> 2
<NUMMIXES> 3
<MIXTURE> 1 2.273483e-01
<MEAN> 15
 -4.679450e-02 4.865809e-01 1.665391e-01 -2.974457e-01 3.658064e-01 3.049297e-01 3.319594e-01 -9.714182e-02 1.503963e-01 4.905204e-01 4.783969e-01 7.398058e-01 6.973444e-03 -5.960560e-01 2.846573e-01
<VARIANCE> 15
 5.264558e-01 6.010564e-02 1.880241e-02 2.189846e-02 6.768768e-02 4.823142e-02 1.261412e-01 4.180978e-02 9.021827e-02 2.584549e-01 2.485632e-01 6.264360e-02 4.544968e-01 2.622446e-02 6.077851e-03
<GCONST> -1.210341e+01
<MIXTURE> 2 5.036360e-01
<MEAN> 15
 -8.759499e-01 3.835105e-01 -4.103742e-02 -6.332084e-01 2.151924e-01 1.456005e-01 -2.113256e-01 -4.809367e-01 -1.906126e-01 3.286812e-01 -1.838153e-01 4.955424e-01 1.216397e-01 -9.067330e-01 2.570980e-01
<VARIANCE> 15
 1.415409e+00 2.600571e-01 1.293413e-02 1.184652e-01 1.139287e-01 3.761778e-02 1.523857e-01 6.155723e-02 1.287649e-01 4.831341e-02 1.145982e-01 1.924657e-01 1.596189e-01 8.342101e-02 1.763575e-02
<GCONST> -7.284515e+00
<MIXTURE> 3 2.690157e-01
<MEAN> 15
 -8.241943e-01 4.448499e-01 1.085145e-02 -1.889135e-01 3.473831e-01 4.689584e-01 1.608835e-01 -4.877649e-01 -5.880532e-02 -8.918104e-02 -2.793529e-01 5.380448e-01 -3.978226e-01 -4.134964e-01 1.407761e-01
<VARIANCE> 15
 7.013844e-01 2.235735e-01 9.480637e-03 1.250236e-01 3.157122e-02 1.343592e-01 2.397313e-01 6.506556e-02 4.440681e-02 1.856166e-01 2.108825e-01 8.297817e-02 4.008011e-01 7.671462e-02 1.043622e-02
<GCONST> -7.534150e+00
<STATE> 3
<NUMMIXES> 3
<MIXTURE> 1 2.840853e-01
<MEAN> 15
 -1.052552e+00 8.840489e-01 -4.110422e-02 4.068399e-01 -2.903345e-02 3.965875e-01 -1.329325e-01 2.228117e-01 2.463730e-01 -3.626609e-01 3.835935e-01 -3.538529e-01 -3.610312e-01 7.025735e-01 -2.944746e-01
<VARIANCE> 15
 9.407539e-01 1.407105e-01 5.201216e-03 8.329119e-02 4.781817e-02 4.230084e-02 1.455336e-01 1.195209e-01 9.586031e-02 5.361987e-02 2.486532e-01 4.677662e-01 3.431802e-01 2.440173e-01 5.354108e-02
<GCONST> -5.282658e+00
<MIXTURE> 2 4.114894e-01
<MEAN> 15
 -2.697338e+00 1.448130e+00 -1.747753e-01 -3.261758e-01 7.911570e-02 2.184816e-01 5.788736e-02 -3.052249e-01 -4.214199e-01 9.894476e-03 2.471037e-02 -5.408359e-01 -8.114429e-01 -1.750706e-01 7.572811e-02
<VARIANCE> 15
 1.125951e+00 2.616321e-01 2.652692e-02 1.440877e-01 4.335443e-02 6.402332e-02 9.983251e-02 1.129386e-01 1.582537e-01 1.959253e-01 2.564177e-01 9.726561e-02 1.636921e-01 3.672118e-01 3.473413e-02
<GCONST> -2.929439e+00
<MIXTURE> 3 3.044254e-01
<MEAN> 15
 -2.103165e+00 1.239454e+00 -1.104744e-01 8.674754e-02 3.625367e-02 2.707818e-01 1.048414e-01 -1.588470e-01 6.006651e-02 -2.429313e-01 2.680788e-01 -4.133362e-01 -9.594427e-01 4.744950e-01 -9.450884e-02
<VARIANCE> 15
 9.782031e-01 2.832808e-01 1.819203e-02 5.258281e-02 4.740452e-02 6.683148e-02 3.726197e-02 8.617925e-02 1.340878e-01 1.226052e-01 2.136413e-01 1.423401e-01 3.257751e-01 1.749930e-01 4.997194e-02
<GCONST> -5.624953e+00
<STATE> 4
<NUMMIXES> 3
<MIXTURE> 1 7.560036e-02
<MEAN> 15
 -5.098259e-01 5.357016e-01 -1.057791e-01 4.202353e-01 2.323138e-01 7.072802e-01 9.225973e-03 -3.480394e-02 -8.713674e-01 -5.482326e-01 -1.073882e+00 4.081642e-02 2.243838e-01 4.088247e-01 3.571113e-01
<VARIANCE> 15
 7.332004e-05 3.267689e-03 2.234114e-07 8.700123e-04 9.668479e-05 1.994498e-04 1.227342e-03 2.037664e-03 5.280740e-04 4.805861e-04 2.201391e-04 1.065274e-03 4.476257e-05 1.647073e-03 9.376917e-04
<GCONST> -9.454784e+01
<MIXTURE> 2 8.463930e-01
<MEAN> 15
 2.077047e-01 1.429992e-01 -1.392760e-01 2.632874e-01 -1.966538e-01 -1.030058e-01 -4.411998e-01 -1.221671e-02 -6.720844e-02 -7.746741e-01 -1.220998e-01 -5.670240e-01 2.377681e-01 3.895735e-01 -3.983751e-01
<VARIANCE> 15
 6.727945e-01 1.094212e-01 7.420497e-03 6.029982e-02 6.876428e-02 9.572779e-02 1.557046e-01 2.262684e-01 9.093243e-02 7.836583e-02 2.787037e-01 1.727666e-01 7.201766e-02 1.285763e-01 3.111652e-02
<GCONST> -7.251310e+00
<MIXTURE> 3 7.800652e-02
<MEAN> 15
 -9.826241e-01 7.209606e-03 -9.040188e-02 -5.540551e-02 1.284844e-01 3.644078e-02 4.541490e-01 5.419646e-01 5.776601e-01 -1.381826e-01 -2.375757e-01 -7.183791e-01 -4.375854e-01 7.850302e-01 4.747761e-02
<VARIANCE> 15
 4.961600e-02 9.399144e-04 3.588645e-04 2.708269e-04 3.009324e-04 3.972138e-03 8.137690e-03 3.355677e-02 2.077060e-02 6.440166e-03 1.176514e-02 2.693664e-03 2.399994e-02 2.427757e-02 2.819671e-03
<GCONST> -5.299237e+01
<TRANSP> 5
 0.000000e+00 1.000000e+00 0.000000e+00 0.000000e+00 0.000000e+00
 0.000000e+00 6.479176e-01 3.520823e-01 0.000000e+00 0.000000e+00
 0.000000e+00 0.000000e+00 7.553337e-01 2.446663e-01 0.000000e+00
 0.000000e+00 0.000000e+00 0.000000e+00 3.985428e-01 6.014572e-01
 0.000000e+00 0.000000e+00 0.000000e+00 0.000000e+00 0.000000e+00
<ENDHMM>
~h "s-ah+t"
<BEGINHMM>
<NUMSTATES> 5
<STATE> 2
<NUMMIXES> 3
<MIXTURE> 1 2.452112e-01
<MEAN> 15
 -2.951594e-01 3.536121e-01 -2.639607e-01 7.543325e-02 1.257355e-02 6.322241e-01 -8.689904e-02 1.406825e-01 5.611647e-01 -8.640203e-02 7.248898e-02 -1.120447e-01 4.284010e-01 -1.107069e-01 1.193701e-01
<VARIANCE> 15
 1.986972e+00 9.911462e-02 1.973375e-01 4.495417e-02 1.098130e-01 5.511999e-01 3.600889e-02 1.440949e-01 3.200694e-01 1.844807e-01 2.463679e-01 2.266033e-01 5.286188e-02 9.397725e-02 2.197192e-02
<GCONST> -1.685246e+00
<MIXTURE> 2 3.345954e-01
<MEAN> 15
 1.198923e-01 7.866782e-02 2.298405e-02 -1.158042e-01 -6.451549e-02 2.883452e-01 1.809340e-01 -2.677950e-01 -9.156772e-02 -2.289802e-01 -4.162618e-01 -3.522989e-01 2.662596e-01 4.588951e-01 6.475580e-02
<VARIANCE> 15
 9.781786e-01 5.212571e-02 2.182568e-02 7.689385e-02 1.881028e-01 5.759129e-02 1.571381e-01 1.134084e-01 1.652678e-01 3.636525e-01 1.832377e-01 1.707890e-01 1.017744e-01 3.686166e-01 2.001474e-02
<GCONST> -3.820865e+00
<MIXTURE> 3 4.201935e-01
<MEAN> 15
 3.101448e-01 2.266474e-01 -1.555680e-01 1.127173e-01 -1.171057e-01 4.018737e-01 -2.292173e-01 -3.429972e-02 3.258376e-01 -6.860952e-02 -1.886021e-01 -5.223127e-03 2.648192e-01 -2.758024e-01 1.162931e-01
<VARIANCE> 15
 1.155073e+00 9.599323e-02 3.425563e-02 5.714972e-02 1.623524e-01 1.727564e-01 4.404118e-02 1.595222e-01 2.504386e-01 1.712588e-01 1.902364e-01 1.055436e-01 6.465283e-02 3.111795e-01 2.255529e-02
<GCONST> -4.154338e+00
<STATE> 3
<NUMMIXES> 3
<MIXTURE> 1 2.087619e-01
<MEAN> 15
 1.126759e+00 1.106080e+00 5.915394e-01 3.049246e-01 3.012694e-01 -3.417211e-01 -2.269989e-01 -3.946578e-01 -7.760561e-01 -7.005641e-02 3.006304e-01 5.301105e-01 -1.747005e-01 2.602799e-01 2.282253e-01
<VARIANCE> 15
 2.462513e+00 1.483893e+00 2.810520e-01 6.211664e-01 3.599587e-01 4.252523e-01 3.731846e-01 8.158883e-01 5.038922e-01 3.763510e-01 3.333057e-01 7.214424e-01 4.492341e-01 5.085585e-01 2.863989e-01
<GCONST> 1.823806e+01
<MIXTURE> 2 4.936181e-01
<MEAN> 15
 -5.731406e-01 -1.688585e-01 -2.972214e-01 -7.600419e-02 -8.734030e-02 2.712926e-02 1.247989e-01 1.823128e-01 2.643041e-01 4.968699e-02 -2.108346e-01 -3.016672e-01 5.654390e-02 -1.345299e-01 -1.796645e-01
<VARIANCE> 15
 2.955513e+00 3.373441e+00 4.599859e-01 3.775165e-01 2.016194e-01 6.666852e-01 3.366289e-01 3.745961e-01 4.783786e-01 3.319889e-01 5.117871e-01 6.371841e-01 3.290343e-01 6.946411e-01 3.179456e-01
<GCONST> 1.845719e+01
<MIXTURE> 3 2.976192e-01
<MEAN> 15
 1.005953e-01 3.702375e-01 2.375224e-01 -1.146390e-01 -4.886921e-02 -9.630559e-02 7.981562e-03 7.005222e-02 -4.737230e-02 -1.702784e-01 -3.204244e-02 2.851375e-01 7.448322e-02 1.536329e-01 1.419210e-01
<VARIANCE> 15
 1.830156e+00 1.629710e+00 5.024862e-01 4.108408e-01 1.698247e-01 5.882529e-01 3.355585e-01 3.753019e-01 5.103629e-01 3.829673e-01 3.763297e-01 9.201479e-01 3.417388e-01 4.772297e-01 3.495629e-01
<GCONST> 1.715017e+01
<STATE> 4
<NUMMIXES> 3
<MIXTURE> 1 1.212517e-01
<MEAN> 15
 -2.876846e+00 4.524489e-01 -3.279622e-01 1.975231e-03 -6.998300e-02 -3.677547e-01 9.556289e-01 7.857433e-01 8.637700e-01 9.525149e-01 6.087356e-01 -9.508284e-01 5.130391e-01 1.232759e-01 -3.639568e-01
<VARIANCE> 15
 7.435786e-01 1.833919e-02 5.090539e-03 9.500603e-03 2.245423e-02 2.514595e-02 1.677901e-01 9.026405e-02 8.390511e-02 2.505319e-02 6.479833e-02 4.412067e-02 2.599203e-02 1.638143e-01 8.806484e-03
<GCONST> -2.054638e+01
<MIXTURE> 2 5.906247e-01
<MEAN> 15
 1.148472e-01 1.698913e-01 -1.534441e-01 -8.135707e-02 1.036370e-01 4.449593e-02 -1.058385e-01 1.770303e-01 5.212511e-02 4.527310e-01 1.594969e-01 -4.165230e-01 -3.227392e-01 -4.020632e-01 -1.445151e-01
<VARIANCE> 15
 6.575549e-01 1.938201e-02 4.635525e-02 4.709942e-03 5.463810e-02 5.541789e-02 8.079499e-02 1.247194e-01 7.078689e-02 1.150422e-01 5.158879e-01 3.182237e-01 1.926721e-01 1.661542e-01 1.432563e-02
<GCONST> -9.926104e+00
<MIXTURE> 3 2.881235e-01
<MEAN> 15
 4.138184e-01 2.533295e-01 3.584402e-02 6.386478e-02 2.586111e-01 -2.310356e-01 -1.802372e-01 4.104286e-01 2.695287e-02 8.127795e-02 -1.787248e-01 -2.895704e-01 2.998194e-01 1.107552e-01 -1.453562e-01
<VARIANCE> 15
 6.335067e-01 6.287469e-03 1.804007e-02 5.200791e-02 1.365853e-01 1.192411e-01 5.164703e-02 1.252109e-01 5.839840e-02 8.101706e-02 2.959464e-01 8.040299e-02 3.618277e-01 1.715145e-01 2.512372e-02
<GCONST> -9.642997e+00
<TRANSP> 5
 0.000000e+00 1.000000e+00 0.000000e+00 0.000000e+00 0.000000e+00
 0.000000e+00 6.295551e-01 3.704449e-01 0.000000e+00 0.000000e+00
 0.000000e+00 0.000000e+00 9.462315e-01 5.376845e-02 0.000000e+00
 0.000000e+00 0.000000e+00 0.000000e+00 1.054727e-01 8.945273e-01
 0.000000e+00 0.000000e+00 0.000000e+00 0.000000e+00 0.000000e+00
<ENDHMM>
~h "d-uw+ah"
<BEGINHMM>
<NUMSTATES> 5
<STATE> 2
<NUMMIXES> 3
<MIXTURE> 1 1.902462e-01
<MEAN> 15
 9.035141e-01 3.406667e-01 2.105779e-02 -1.689231e-01 2.471456e-01 4.709208e-01 3.112613e-01 1.915671e-01 9.129766e-02 4.510600e-02 1.056792e-02 4.112489e-01 2.667121e-01 1.510942e-01 1.810840e-02
<VARIANCE> 15
 2.762138e-01 4.249043e-01 1.927327e-01 7.920772e-02 1.434718e-01 1.491051e-01 2.904825e-02 4.333113e-01 8.351073e-02 2.560827e-01 8.260828e-02 1.624077e-01 6.347463e-02 1.933808e-01 6.443989e-03
<GCONST> -4.577409e+00
<MIXTURE> 2 4.464899e-01
<MEAN> 15
 -1.237485e-01 3.319662e-01 9.649311e-02 -1.494279e-01 1.192189e-01 1.587705e-01 1.276005e-01 -3.315518e-01 -6.023041e-02 -1.501262e-01 2.465810e-01 8.587454e-03 -2.212619e-01 -2.535052e-01 -1.917131e-02
<VARIANCE> 15
 8.569269e-01 2.427334e-01 8.696746e-02 5.793159e-02 6.867744e-02 9.296440e-02 2.699554e-01 1.535767e-01 4.305517e-01 1.447050e-01 3.297211e-01 8.973646e-02 1.691528e-01 1.764709e-01 2.039407e-02
<GCONST> -1.229874e+00
<MIXTURE> 3 3.632638e-01
<MEAN> 15
 6.314296e-01 -2.794269e-01 7.525722e-03 1.432380e-01 -4.545664e-02 2.591853e-01 2.327404e-01 -3.660763e-01 -1.656859e-01 -2.166163e-01 1.258602e-01 6.948335e-02 1.822094e-01 1.326357e-01 1.168637e-01
<VARIANCE> 15
 4.812010e-01 8.104606e-02 5.453882e-02 2.534346e-02 1.296167e-01 2.282314e-01 8.631233e-02 2.151076e-01 4.603529e-01 1.150032e-01 1.363110e-01 2.623448e-02 1.324266e-01 7.495351e-02 1.135954e-02
<GCONST> -7.429462e+00
<STATE> 3
<NUMMIXES> 3
<MIXTURE> 1 2.661256e-01
<MEAN> 15
 7.170807e-01 1.258444e+00 5.655264e-01 -5.522965e-01 1.232665e-01 -4.425803e-01 1.425667e-01 4.935636e-02 -5.951110e-01 9.130135e-01 6.674922e-01 9.601243e-01 3.502150e-01 3.885611e-01 4.108261e-01
<VARIANCE> 15
 3.182336e+00 1.163904e+00 3.799739e-01 5.710347e-01 7.634407e-01 5.934322e-01 7.059268e-01 4.449119e-01 1.613156e+00 9.388577e-01 1.046267e+00 2.966543e-01 7.080906e-01 2.896774e-01 3.338460e-01
<GCONST> 2.196362e+01
<MIXTURE> 2 4.576764e-01
<MEAN> 15
 -6.836793e-01 7.928367e-02 -3.118035e-01 1.499743e-01 -1.430542e-01 2.701193e-02 -4.229167e-02 1.572923e-01 3.097647e-01 -4.097098e-01 -4.568302e-01 -3.522457e-01 8.055980e-03 -2.215714e-01 -1.961540e-01
<VARIANCE> 15
 3.006632e+00 4.751046e+00 3.590541e-01 3.966027e-01 4.576010e-01 4.369931e-01 3.129789e-01 3.974496e-01 9.250685e-01 6.002738e-01 9.035535e-01 7.371366e-01 5.743731e-01 6.999907e-01 3.495533e-01
<GCONST> 2.162742e+01
<MIXTURE> 3 2.761979e-01
<MEAN> 15
 3.164609e-01 -3.866908e-01 6.552053e-02 3.145941e-01 9.184585e-02 -1.623363e-01 1.872858e-01 3.437317e-02 -3.192610e-02 2.770162e-02 -1.960355e-02 -2.429638e-01 -1.332254e-01 1.018005e-01 -7.999809e-02
<VARIANCE> 15
 2.512119e+00 2.152865e+00 2.549395e-01 7.515812e-01 2.854894e-01 4.594472e-01 2.550781e-01 1.943339e-01 6.757699e-01 2.843277e-01 1.116182e+00 8.548605e-01 1.079449e+00 5.375239e-01 3.688708e-01
<GCONST> 1.933006e+01
<STATE> 4
<NUMMIXES> 3
<MIXTURE> 1 2.593869e-01
<MEAN> 15
 6.943022e-01 3.388730e-01 5.892011e-02 -8.503111e-02 -1.985488e-01 4.511140e-02 1.077742e-01 3.906673e-01 2.044780e-01 -3.590494e-01 -7.181570e-01 -1.975603e-01 1.701467e-01 2.899341e-01 7.037189e-02
<VARIANCE> 15
 3.463067e-02 4.773775e-02 6.456303e-03 8.540056e-03 1.121902e-01 3.036806e-01 2.034669e-02 2.809216e-01 1.543560e-01 5.477315e-02 9.056866e-02 3.592868e-01 2.097246e-02 1.804717e-02 5.777526e-03
<GCONST> -1.841786e+01
<MIXTURE> 2 3.951210e-01
<MEAN> 15
 3.532131e-01 6.918874e-02 -3.246652e-02 -1.908990e-01 7.673968e-02 -2.434576e-02 -1.193723e-01 -3.086716e-01 2.010465e-01 2.094878e-01 -3.399434e-01 1.536089e-02 -2.013746e-01 -8.570548e-02 -3.912656e-02
<VARIANCE> 15
 5.328832e-01 3.276390e-02 1.381977e-02 3.996919e-02 4.771160e-02 2.663365e-01 3.178249e-02 1.387266e-01 4.075971e-01 3.429239e-01 4.098627e-01 2.800342e-01 5.994906e-02 1.223547e-01 1.069752e-02
<GCONST> -7.356030e+00
<MIXTURE> 3 3.454921e-01
<MEAN> 15
 6.920634e-01 -8.578355e-02 5.186808e-02 -1.014993e-01 -1.471712e-01 -4.705997e-01 -1.002484e-01 4.226438e-01 1.412446e-01 -1.719846e-02 -1.487562e-01 2.318239e-01 -2.232259e-01 1.708048e-01 2.675145e-02
<VARIANCE> 15
 6.562495e-01 4.117506e-02 5.151112e-03 2.492334e-02 5.787546e-02 1.801559e-01 3.713149e-02 3.106351e-01 2.612832e-01 9.996862e-02 2.351273e-01 8.339126e-02 9.009577e-02 8.811036e-02 5.266294e-03
<GCONST> -1.168866e+01
<TRANSP> 5
 0.000000e+00 1.000000e+00 0.000000e+00 0.000000e+00 0.000000e+00
 0.000000e+00 6.418375e-01 3.581625e-01 0.000000e+00 0.000000e+00
 0.000000e+00 0.000000e+00 8.583790e-01 1.416210e-01 0.000000e+00
 0.000000e+00 0.000000e+00 0.000000e+00 5.228770e-01 4.771231e-01
 0.000000e+00 0.000000e+00 0.000000e+00 0.000000e+00 0.000000e+00
<ENDHMM>
~h "sil"
<BEGINHMM>
<NUMSTATES> 5
<STATE> 2
<MEAN> 15
 -1.329663e+00 4.186268e-01 -6.589481e-02 -1.460171e-01 1.035832e-01 1.892608e-01 4.583055e-02 -4.140000e-01 -7.239421e-02 -5.565239e-02 1.258394e-01 5.256879e-02 -5.134488e-01 -1.846492e-02 3.206178e-02
<VARIANCE> 15
 1.587488e+00 8.271434e-01 3.475820e-02 5.530584e-02 1.335843e-01 1.917588e-01 8.537462e-02 1.873325e-01 1.931350e-01 1.906281e-01 2.120318e-01 1.870476e-01 4.420999e-01 1.978835e-01 3.083012e-02
<GCONST> 1.341428e+00
<STATE> 3
<MEAN> 15
 -7.222771e-02 -3.340213e-01 -7.038629e-02 -1.516986e-03 -4.964083e-02 9.142565e-03 -8.610117e-03 1.078662e-01 1.044580e-01 -5.339663e-02 -5.812005e-02 -1.392815e-01 -4.205646e-03 5.547963e-02 -8.429031e-03
<VARIANCE> 15
 2.728261e+00 1.389725e+00 1.381938e-01 3.547497e-01 2.189131e-01 3.803486e-01 2.841327e-01 4.716964e-01 3.840011e-01 5.009997e-01 5.178569e-01 7.615381e-01 4.652328e-01 4.020843e-01 1.354849e-01
<GCONST> 1.513606e+01
<STATE> 4
<MEAN> 15
 -3.098188e-03 -2.099274e-02 -1.037577e-03 -8.284057e-05 3.662873e-03 1.518334e-02 1.498161e-02 -3.665249e-04 -2.769403e-03 -1.041399e-02 -1.267682e-02 -1.089860e-02 -1.329794e-02 -1.366343e-02 7.185614e-04
<VARIANCE> 15
 8.979633e-01 2.464917e-02 1.363828e-02 3.293614e-02 7.384088e-02 8.496845e-02 1.055741e-01 1.335639e-01 1.621753e-01 1.961071e-01 2.175415e-01 1.768688e-01 1.658277e-01 1.818162e-01 5.994667e-03
<GCONST> -8.607712e+00
<TRANSP> 5
 0.000000e+00 1.000000e+00 0.000000e+00 0.000000e+00 0.000000e+00
 0.000000e+00 6.346630e-01 1.550136e-01 2.103234e-01 0.000000e+00
 0.000000e+00 0.000000e+00 9.341156e-01 6.588443e-02 0.000000e+00
 0.000000e+00 7.946051e-05 0.000000e+00 9.587827e-01 4.113786e-02
 0.000000e+00 0.000000e+00 0.000000e+00 0.000000e+00 0.000000e+00
<ENDHMM>
~h "uh-d+uw"
<BEGINHMM>
<NUMSTATES> 5
<STATE> 2
<MEAN> 15
 7.517658e-01 -9.259175e-01 -2.298754e-02 3.179084e-01 -1.485834e-01 8.213942e-02 1.193447e-01 1.590980e-01 5.690267e-02 -3.221318e-01 -4.609009e-01 -2.094781e-03 4.583152e-01 1.450048e-01 -2.054285e-01
<VARIANCE> 15
 9.079050e-01 4.018022e-01 2.708747e-02 1.079036e-01 7.832151e-02 6.823613e-02 2.021904e-01 4.118210e-01 1.699196e-01 1.450738e-01 1.276373e-01 1.736152e-01 2.638251e-01 1.302226e-01 3.698920e-02
<GCONST> -1.173408e+00
<STATE> 3
<MEAN> 15
 5.383132e-01 -1.512260e+00 -6.122857e-03 -6.899355e-02 1.219069e-01 -1.093161e-01 -1.303954e-01 4.720041e-02 9.875523e-02 1.077152e-01 2.115456e-02 2.344587e-01 1.381542e-01 -4.192661e-02 1.103336e-01
<VARIANCE> 15
 1.607807e+00 6.589500e-01 1.567941e-01 1.292570e-01 3.590372e-01 2.541248e-01 3.435054e-01 2.459254e-01 4.567089e-01 1.559316e-01 6.746629e-01 4.900337e-01 3.073923e-01 3.289396e-01 8.215108e-02
<GCONST> 1.032203e+01
<STATE> 4
<MEAN> 15
 1.185885e-01 -3.366352e-03 1.550796e-02 -9.509670e-03 -3.022197e-02 -1.108231e-02 8.598603e-03 -1.583563e-02 -2.125430e-02 6.509483e-02 8.154095e-02 -6.386518e-02 -5.188042e-02 -3.493392e-02 3.108966e-02
<VARIANCE> 15
 1.074263e+00 8.463217e-02 2.188615e-02 5.899824e-02 7.046092e-02 1.132852e-01 1.629195e-01 1.084056e-01 1.909970e-01 2.873142e-01 2.770081e-01 3.512951e-01 3.838204e-01 1.932936e-01 8.478640e-03
<GCONST> -2.952563e+00
<TRANSP> 5
 0.000000e+00 1.000000e+00 0.000000e+00 0.000000e+00 0.000000e+00
 0.000000e+00 7.260604e-01 2.739396e-01 0.000000e+00 0.000000e+00
 0.000000e+00 0.000000e+00 8.306129e-01 1.693871e-01 0.000000e+00
 0.000000e+00 0.000000e+00 0.000000e+00 8.737644e-01 1.262356e-01
 0.000000e+00 0.000000e+00 0.000000e+00 0.000000e+00 0.000000e+00
<ENDHMM>
~h "uw-ah"
<BEGINHMM>
<NUMSTATES> 5
<STATE> 2
<NUMMIXES> 3
<MIXTURE> 1 3.330959e-01
<MEAN> 15
 1.864813e+00 -4.050062e-02 5.267387e-02 -8.082040e-02 -1.858557e-02 5.350373e-01 8.151165e-02 5.934298e-01 5.086984e-01 4.548680e-01 3.436080e-01 -3.000816e-01 5.772895e-02 -4.972024e-02 -9.086020e-02
<VARIANCE> 15
 2.218225e-01 3.262928e-02 1.973336e-01 1.251235e-03 2.307120e-02 2.182801e-01 2.894992e-01 5.133986e-02 3.140267e-02 6.431127e-02 1.569358e-01 7.206919e-02 4.291610e-01 1.043719e-01 1.411845e-02
<GCONST> -1.321971e+01
<MIXTURE> 2 4.972183e-01
<MEAN> 15
 5.199376e-01 2.085668e-01 -3.812360e-02 -1.484096e-01 5.053117e-02 2.688232e-02 -6.395061e-01 -2.239245e-01 -3.801711e-01 -2.927144e-01 8.014490e-02 -3.764717e-01 4.892469e-02 3.058762e-01 -5.159298e-02
<VARIANCE> 15
 7.769763e-01 3.600093e-02 1.947436e-02 7.017921e-02 4.201407e-02 1.070783e-01 2.384792e-01 1.182287e-01 9.039039e-02 1.886292e-01 6.564432e-02 3.160212e-01 3.305696e-02 2.517177e-01 1.667415e-02
<GCONST> -8.406220e+00
<MIXTURE> 3 1.696857e-01
<MEAN> 15
 6.769008e-01 1.315244e-01 -3.354936e-02 -1.434284e-01 -1.179841e-01 -4.397046e-02 -1.450691e-01 6.624752e-02 -2.976019e-01 -1.475957e-01 -1.477464e-02 2.748631e-01 1.965677e-01 2.666138e-01 4.134924e-03
<VARIANCE> 15
 9.349702e-01 1.231776e-01 7.483217e-03 7.304832e-02 3.775704e-02 7.750694e-02 3.475403e-02 1.334869e-01 1.241538e-01 8.816743e-02 3.905863e-02 9.168796e-02 6.571014e-02 1.794979e-01 7.386985e-03
<GCONST> -1.280706e+01
<STATE> 3
<NUMMIXES> 3
<MIXTURE> 1 2.747542e-01
<MEAN> 15
 8.890956e-01 1.210662e+00 6.894560e-01 5.161646e-01 4.689496e-01 -1.270191e-01 -1.104184e-01 -9.314146e-01 -1.163759e+00 1.325897e-01 6.273744e-01 7.537171e-01 6.846032e-02 9.426564e-02 2.220024e-01
<VARIANCE> 15
 1.292305e+00 1.287658e+00 3.139575e-01 7.349961e-01 7.657847e-01 5.638165e-01 3.727323e-01 4.907273e-01 8.866324e-01 4.227380e-01 5.285083e-01 7.361171e-01 8.082907e-01 4.393379e-01 3.292620e-01
<GCONST> 2.000077e+01
<MIXTURE> 2 5.017746e-01
<MEAN> 15
 -3.249973e-01 -5.865949e-01 -3.927766e-01 -1.743156e-01 -2.933200e-01 -2.957487e-03 9.010834e-02 4.342797e-01 5.045452e-01 -5.828088e-02 -3.376319e-01 -3.372553e-01 -5.332047e-03 -1.516325e-01 -1.540935e-01
<VARIANCE> 15
 1.833372e+00 3.441812e+00 4.052602e-01 5.481265e-01 3.143615e-01 3.215148e-01 4.178109e-01 4.147982e-01 5.007540e-01 3.686893e-01 4.479876e-01 6.937778e-01 5.980902e-01 2.613964e-01 4.034856e-01
<GCONST> 1.823984e+01
<MIXTURE> 3 2.234713e-01
<MEAN> 15
 4.687276e-02 6.416326e-02 6.464891e-02 -5.254251e-02 -6.850333e-02 8.566610e-02 1.170774e-02 2.168411e-01 1.087149e-01 -1.358534e-01 -4.923389e-02 2.001258e-02 1.561493e-01 5.088142e-02 7.165261e-02
<VARIANCE> 15
 1.794415e+00 1.820982e+00 4.924900e-01 6.823218e-01 2.701623e-01 2.739832e-01 5.160300e-01 5.145463e-01 6.926683e-01 3.652653e-01 3.317810e-01 7.609305e-01 6.743420e-01 3.120247e-01 4.369297e-01
<GCONST> 1.859469e+01
<STATE> 4
<NUMMIXES> 3
<MIXTURE> 1 3.791241e-01
<MEAN> 15
 -9.199898e-01 4.902487e-01 3.546625e-02 -4.569806e-01 6.842417e-01 4.215332e-02 -3.499789e-01 3.178664e-01 2.898914e-01 6.130867e-01 5.486861e-01 2.869253e-01 1.581967e-01 -9.274626e-01 3.225437e-01
<VARIANCE> 15
 1.600571e+00 1.752773e-01 2.891941e-02 9.234969e-02 1.156383e-01 5.844128e-02 3.471800e-01 1.604749e-01 2.015042e-01 7.072896e-02 1.048506e-01 2.623768e-01 2.320644e-01 5.691182e-02 1.268029e-02
<GCONST> -4.051573e+00
<MIXTURE> 2 3.505037e-01
<MEAN> 15
 1.999696e-01 1.047755e-01 -1.079942e-01 -4.564884e-02 -3.849299e-02 1.273787e-02 -2.767457e-01 -1.356372e-01 1.746688e-01 5.245101e-01 4.570870e-01 -3.642879e-01 -3.124929e-02 -4.974206e-01 1.440919e-01
<VARIANCE> 15
 6.235126e-01 6.067505e-02 2.635602e-02 5.779727e-02 2.115193e-01 2.787060e-02 3.128082e-02 2.119156e-01 9.531447e-02 1.449681e-01 8.286328e-02 3.398350e-01 7.080085e-02 2.160559e-01 2.547354e-02
<GCONST> -8.045157e+00
<MIXTURE> 3 2.703722e-01
<MEAN> 15
 8.874873e-01 -2.098824e-01 -1.406875e-01 8.926447e-02 2.815434e-01 1.736909e-01 -1.029934e-01 -3.013650e-01 -3.084091e-02 5.206465e-01 3.410648e-01 -2.723468e-01 1.469277e-02 -2.478273e-01 -2.009371e-02
<VARIANCE> 15
 1.252027e+00 7.561897e-02 2.097979e-02 1.101826e-01 3.791970e-01 9.243855e-02 1.885574e-01 2.566728e-01 3.274641e-01 1.870272e-01 8.435511e-02 3.725806e-01 6.154002e-02 3.718373e-01 3.558283e-02
<GCONST> -6.043158e-01
<TRANSP> 5
 0.000000e+00 1.000000e+00 0.000000e+00 0.000000e+00 0.000000e+00
 0.000000e+00 4.531160e-01 5.468841e-01 0.000000e+00 0.000000e+00
 0.000000e+00 0.000000e+00 9.171832e-01 8.281686e-02 0.000000e+00
 0.000000e+00 0.000000e+00 0.000000e+00 3.279953e-01 6.720047e-01
 0.000000e+00 0.000000e+00 0.000000e+00 0.000000e+00 0.000000e+00
<ENDHMM>
~h "ah-t+uh"
<BEGINHMM>
<NUMSTATES> 5
<STATE> 2
<MEAN> 15
 -6.561144e-01 1.504641e-01 -2.894249e-02 1.157553e-01 1.645636e-01 -2.939232e-02 -7.028867e-02 -1.637367e-01 9.020965e-02 5.251160e-01 4.509110e-01 -2.633269e-01 -4.801380e-02 2.189431e-01 -5.935264e-02
<VARIANCE> 15
 1.530305e+00 3.282448e-02 3.293629e-02 3.586047e-02 8.485451e-02 2.970894e-01 1.463454e-01 1.650557e-01 1.939001e-01 1.564812e-01 2.393841e-01 2.451408e-01 2.753585e-01 4.051873e-01 1.014437e-02
<GCONST> -2.682820e+00
<STATE> 3
<MEAN> 15
 1.148875e-01 7.410046e-02 9.941576e-03 2.735587e-02 -3.695142e-02 -1.023053e-02 2.972485e-03 1.101014e-02 2.678101e-02 7.710904e-03 -8.801850e-03 2.831638e-02 4.454987e-02 3.509708e-02 7.650143e-04
<VARIANCE> 15
 2.552530e+00 2.926918e+00 6.291719e-01 5.525035e-01 2.775386e-01 4.658517e-01 4.653199e-01 3.582829e-01 1.055651e+00 7.688625e-01 6.245627e-01 8.909826e-01 5.840784e-01 5.301579e-01 3.890380e-01
<GCONST> 2.177420e+01
<STATE> 4
<MEAN> 15
 8.807868e-01 -3.164189e-02 -7.569868e-02 -8.655186e-02 -1.461670e-01 -1.754061e-01 9.124818e-03 2.806212e-02 4.708512e-02 5.645660e-01 4.531223e-01 5.037332e-02 -2.052861e-01 -1.585741e-01 -1.636504e-02
<VARIANCE> 15
 4.249943e-01 3.707072e-02 2.769720e-02 6.780172e-02 8.226548e-02 5.911977e-02 1.526528e-01 3.960059e-01 1.501742e-01 2.603453e-01 2.258326e-01 1.679619e-01 2.584683e-01 1.026235e-01 1.740374e-02
<GCONST> -5.186378e+00
<TRANSP> 5
 0.000000e+00 1.000000e+00 0.000000e+00 0.000000e+00 0.000000e+00
 0.000000e+00 4.343348e-01 5.656652e-01 0.000000e+00 0.000000e+00
 0.000000e+00 0.000000e+00 9.130783e-01 8.692171e-02 0.000000e+00
 0.000000e+00 0.000000e+00 0.000000e+00 4.658910e-01 5.341090e-01
 0.000000e+00 0.000000e+00 0.000000e+00 0.000000e+00 0.000000e+00
<ENDHMM>
~h "s+ah"
<BEGINHMM>
<NUMSTATES> 5
<STATE> 2
<MEAN> 15
 -2.932946e-01 -3.438774e-01 -1.893639e-02 2.316893e-01 -6.827424e-02 -2.528415e-01 -8.178247e-02 2.239906e-01 -1.441124e-01 -1.048248e-01 1.185667e-01 4.455148e-02 2.469478e-01 -3.580980e-03 -1.296554e-01
<VARIANCE> 15
 9.245512e-01 2.132460e-01 1.753822e-02 8.361885e-02 8.635651e-02 1.528061e-01 2.057669e-01 1.549677e-01 1.908388e-01 1.555428e-01 1.041869e-01 2.482446e-01 2.559228e-01 2.090422e-01 1.816179e-02
<GCONST> -2.462471e+00
<STATE> 3
<MEAN> 15
 5.800321e-01 -1.153419e+00 8.778167e-03 -5.617492e-02 1.074180e-02 -4.057997e-02 2.302916e-02 1.287572e-01 3.317043e-02 -1.359247e-03 3.309544e-02 1.648702e-01 1.125900e-01 2.358830e-02 4.804805e-02
<VARIANCE> 15
 2.291638e+00 5.284703e-01 9.438159e-02 1.613537e-01 1.419587e-01 1.606203e-01 2.390880e-01 2.530418e-01 2.511197e-01 2.054898e-01 2.455434e-01 2.108013e-01 2.402045e-01 3.370979e-01 5.673505e-02
<GCONST> 5.680719e+00
<STATE> 4
<MEAN> 15
 1.080991e-01 -1.222213e-01 3.210339e-02 -3.353144e-03 -1.642315e-01 -6.811797e-03 1.182335e-01 4.170368e-02 -2.513951e-03 3.801295e-03 -8.265320e-02 -1.909487e-01 -6.027538e-02 -1.046741e-01 6.315418e-02
<VARIANCE> 15
 1.128311e+00 2.720142e-02 2.555412e-02 2.551196e-02 5.981924e-02 4.857662e-02 8.933831e-02 4.174964e-01 1.385953e-01 1.363603e-01 1.497762e-01 9.619720e-02 1.835877e-01 1.882669e-01 7.910207e-03
<GCONST> -8.794199e+00
<TRANSP> 5
 0.000000e+00 1.000000e+00 0.000000e+00 0.000000e+00 0.000000e+00
 0.000000e+00 5.901791e-01 4.098208e-01 0.000000e+00 0.000000e+00
 0.000000e+00 0.000000e+00 7.467409e-01 2.532591e-01 0.000000e+00
 0.000000e+00 0.000000e+00 0.000000e+00 6.622527e-01 3.377474e-01
 0.000000e+00 0.000000e+00 0.000000e+00 0.000000e+00 0.000000e+00
<ENDHMM>
