~o
<STREAMINFO> 1 39
<VECSIZE> 39<NULLD><MFCC_D_A_0><DIAGC>
~s "silst"
<NUMMIXES> 3
<MIXTURE> 1 2.500000e-01
<MEAN> 39
 1.611146e+00 -1.379594e+00 -1.558163e+01 -7.781860e+00 -1.114138e+01 -7.836659e+00 -9.484092e-01 -2.529587e+00 -2.548494e+00 -2.086045e+00 -2.839196e+00 -1.223688e+00 5.787924e+01 7.302539e-01 6.336846e-01 5.889332e-01 5.826782e-01 6.967120e-01 7.516952e-01 8.296649e-01 7.475246e-01 6.525729e-01 5.391303e-01 5.584052e-01 5.345551e-01 1.105488e+00 2.123890e-01 2.218872e-01 2.849475e-01 2.737378e-01 3.213857e-01 3.476827e-01 3.270539e-01 3.024473e-01 3.247678e-01 2.368112e-01 2.640823e-01 2.019016e-01 2.578965e-01
<VARIANCE> 39
 4.205086e+01 2.647596e+01 3.589272e+01 2.769906e+01 3.297289e+01 6.215195e+01 4.824424e+01 7.425184e+01 3.133758e+01 2.163431e+01 2.767833e+01 2.004668e+01 1.432428e+02 2.441934e+00 1.900033e+00 2.626636e+00 2.555074e+00 3.273509e+00 3.381591e+00 3.706978e+00 3.821502e+00 2.888824e+00 2.004772e+00 2.480985e+00 1.762405e+00 4.368847e+00 3.877904e-01 3.610728e-01 4.332452e-01 5.374036e-01 6.186389e-01 6.443579e-01 6.732642e-01 5.931758e-01 5.458435e-01 3.715067e-01 4.496292e-01 3.317121e-01 5.500674e-01
<GCONST> 1.230481e+02
<MIXTURE> 2 5.000000e-01
<MEAN> 39
 -2.279652e+00 -4.466882e+00 -1.917626e+01 -1.093965e+01 -1.458670e+01 -1.256685e+01 -5.115893e+00 -7.699757e+00 -5.907292e+00 -4.876807e+00 -5.995808e+00 -3.910099e+00 5.069820e+01 -2.073475e-01 -1.933655e-01 -3.834808e-01 -3.763978e-01 -3.888584e-01 -3.516510e-01 -3.255460e-01 -4.253951e-01 -3.672196e-01 -3.104095e-01 -3.866633e-01 -2.619786e-01 -1.486192e-01 -1.612480e-01 -1.386488e-01 -1.099807e-01 -1.661091e-01 -1.505359e-01 -1.339488e-01 -1.652622e-01 -1.596602e-01 -1.185196e-01 -1.288969e-01 -1.382441e-01 -1.436651e-01 -1.871027e-01
<VARIANCE> 39
 4.205086e+01 2.647596e+01 3.589272e+01 2.769906e+01 3.297289e+01 6.215195e+01 4.824424e+01 7.425184e+01 3.133758e+01 2.163431e+01 2.767833e+01 2.004668e+01 1.432428e+02 2.441934e+00 1.900033e+00 2.626636e+00 2.555074e+00 3.273509e+00 3.381591e+00 3.706978e+00 3.821502e+00 2.888824e+00 2.004772e+00 2.480985e+00 1.762405e+00 4.368847e+00 3.877904e-01 3.610728e-01 4.332452e-01 5.374036e-01 6.186389e-01 6.443579e-01 6.732642e-01 5.931758e-01 5.458435e-01 3.715067e-01 4.496292e-01 3.317121e-01 5.500674e-01
<GCONST> 1.230481e+02
<MIXTURE> 3 2.500000e-01
<MEAN> 39
 -9.827197e-01 -3.437786e+00 -1.797805e+01 -9.887056e+00 -1.343826e+01 -1.099012e+01 -3.726732e+00 -5.976367e+00 -4.787693e+00 -3.946553e+00 -4.943604e+00 -3.014629e+00 5.309188e+01 1.051863e-01 8.231786e-02 -5.934277e-02 -5.670577e-02 -2.700162e-02 1.613101e-02 5.952430e-02 -3.442189e-02 -2.728873e-02 -2.722955e-02 -7.164049e-02 3.532618e-03 2.694165e-01 -3.670231e-02 -1.847016e-02 2.166207e-02 -1.949351e-02 6.771326e-03 2.659504e-02 -1.156807e-03 -5.624384e-03 2.924287e-02 -6.994203e-03 -4.135266e-03 -2.847625e-02 -3.876966e-02
<VARIANCE> 39
 4.205086e+01 2.647596e+01 3.589272e+01 2.769906e+01 3.297289e+01 6.215195e+01 4.824424e+01 7.425184e+01 3.133758e+01 2.163431e+01 2.767833e+01 2.004668e+01 1.432428e+02 2.441934e+00 1.900033e+00 2.626636e+00 2.555074e+00 3.273509e+00 3.381591e+00 3.706978e+00 3.821502e+00 2.888824e+00 2.004772e+00 2.480985e+00 1.762405e+00 4.368847e+00 3.877904e-01 3.610728e-01 4.332452e-01 5.374036e-01 6.186389e-01 6.443579e-01 6.732642e-01 5.931758e-01 5.458435e-01 3.715067e-01 4.496292e-01 3.317121e-01 5.500674e-01
<GCONST> 1.230481e+02
~h "s"
<BEGINHMM>
<NUMSTATES> 5
<STATE> 2
<NUMMIXES> 3
<MIXTURE> 1 1.482073e-01
<MEAN> 39
 -1.084792e+01 -2.028398e+00 -4.941073e-01 6.239819e+00 -1.458480e+01 1.302991e+01 -8.988979e+00 -2.703355e+00 4.174648e+00 -6.849247e+00 5.220120e-01 -6.933509e-01 3.995319e+01 8.142605e-02 -6.668162e-02 -2.200453e-01 1.105656e-01 6.767355e-01 7.161338e-01 5.232093e-01 3.696104e-01 6.606115e-01 4.086553e-01 8.083069e-01 5.357754e-01 9.628876e-02 -1.386990e-02 1.767713e-02 8.453418e-02 1.057014e-02 1.811167e-01 2.248143e-02 -7.435687e-03 1.788134e-01 -6.206200e-02 -4.619475e-02 2.684216e-02 -2.517404e-01 1.957202e-02
<VARIANCE> 39
 6.715979e-01 1.032007e+00 2.324906e+00 3.633408e+00 4.048109e+00 5.350220e+00 4.285506e+00 1.110869e+01 1.012408e+01 2.063910e+01 1.865919e+01 5.880931e+00 3.407350e-01 5.358486e-02 1.165879e-01 2.184743e-01 4.198751e-01 4.141989e-01 3.081411e-01 7.499614e-01 7.518850e-01 7.452992e-01 1.426039e+00 7.788857e-01 9.447513e-01 1.697668e-02 9.146187e-03 1.505038e-02 4.718183e-02 6.929316e-02 1.631554e-01 1.412304e-01 1.921507e-01 1.437713e-01 1.722536e-01 4.600885e-01 3.180129e-01 2.144974e-01 2.911042e-03
<GCONST> 4.189578e+01
<MIXTURE> 2 4.600234e-01
<MEAN> 39
 -1.117280e+01 -2.254503e+00 -2.968761e-02 6.067232e+00 -1.387985e+01 1.273541e+01 -9.826113e+00 -2.080121e+00 3.322676e+00 -8.216482e+00 -2.791315e-01 -2.599775e+00 4.013478e+01 -3.865101e-02 7.107615e-03 4.011893e-02 -1.232650e-01 -4.369213e-01 -3.815362e-01 -2.053186e-01 -1.413953e-01 -4.351697e-01 -4.052349e-01 -5.064781e-01 -2.900845e-01 -4.963003e-02 3.325190e-02 -6.173261e-03 -2.547592e-02 3.272992e-02 -6.675760e-02 -4.694956e-02 -1.912516e-02 -1.397393e-01 -3.015071e-02 4.284222e-02 -2.507071e-03 5.020051e-02 1.211638e-02
<VARIANCE> 39
 6.759908e-01 1.499530e+00 4.290959e+00 5.936883e+00 6.782477e+00 6.449282e+00 1.050625e+01 1.206875e+01 9.988172e+00 1.049747e+01 1.234229e+01 1.042729e+01 4.461487e-01 5.222892e-02 1.192971e-01 3.257698e-01 5.361016e-01 8.031663e-01 7.432535e-01 1.043835e+00 7.396419e-01 9.623150e-01 1.568888e+00 1.753708e+00 1.123651e+00 1.956018e-02 9.592751e-03 2.776440e-02 5.538189e-02 1.113971e-01 1.761025e-01 1.414863e-01 2.540650e-01 1.307658e-01 1.945410e-01 4.058083e-01 3.980325e-01 2.673092e-01 4.588824e-03
<GCONST> 5.123108e+01
<MIXTURE> 3 3.917700e-01
<MEAN> 39
 -1.130225e+01 -1.965439e+00 1.872984e-01 6.355461e+00 -1.405231e+01 1.265647e+01 -8.786580e+00 -2.411423e+00 2.980792e+00 -7.870727e+00 -5.424371e-01 -2.527712e+00 3.989064e+01 1.445377e-02 -4.383147e-04 -3.351839e-02 -3.326482e-02 1.236796e-02 -2.209373e-02 -6.131385e-02 1.183190e-01 1.667291e-01 2.067699e-01 2.943043e-01 1.145649e-01 4.398042e-03 2.148350e-02 -4.989389e-02 -6.091351e-02 -2.863565e-03 3.687272e-02 4.828896e-02 -6.346730e-02 -2.714402e-03 3.245228e-02 2.731983e-02 3.927792e-02 -6.899148e-03 2.388100e-02
<VARIANCE> 39
 9.271107e-01 1.958626e+00 3.319430e+00 4.667378e+00 7.344929e+00 8.254146e+00 8.595617e+00 1.073756e+01 1.004011e+01 8.824600e+00 8.907087e+00 1.213108e+01 5.271885e-01 4.933514e-02 1.253616e-01 3.057126e-01 4.654992e-01 6.981570e-01 6.533050e-01 8.931527e-01 6.460779e-01 7.373761e-01 1.228737e+00 1.021007e+00 1.514587e+00 2.032407e-02 1.045712e-02 3.060676e-02 4.982013e-02 9.289389e-02 1.700884e-01 1.640227e-01 2.077140e-01 1.086730e-01 1.742520e-01 2.398288e-01 2.671926e-01 3.294999e-01 4.067869e-03
<GCONST> 4.833894e+01
<STATE> 3
<NUMMIXES> 3
<MIXTURE> 1 1.898330e-01
<MEAN> 39
 -1.057495e+01 -9.721027e-02 -4.889963e-01 7.655537e+00 -1.356284e+01 1.369046e+01 -8.965100e+00 -6.216199e+00 -2.993121e+00 -1.188120e+01 -2.909029e+00 -6.514032e-01 3.980979e+01 2.566431e-01 -9.262241e-01 -2.652152e-01 1.697817e+00 8.027431e-01 1.546616e+00 8.175970e-01 -2.168832e-01 9.108131e-02 -5.883817e-01 -1.394491e+00 -1.331807e+00 3.663521e-01 -1.120638e-01 -1.296297e+00 -6.831748e-03 9.783383e-01 3.515615e-01 -9.329597e-02 -7.836169e-01 1.009314e+00 1.738449e+00 -2.660903e-01 3.028346e-03 -4.818229e-01 3.633258e-01
<VARIANCE> 39
 2.402767e-04 1.962879e-04 2.862798e-03 8.301489e-06 8.701287e-02 2.958740e-03 1.064069e-02 3.681415e-02 1.072857e-01 4.223445e-02 4.272299e-02 2.787002e-02 5.006282e-05 3.982579e-05 1.163277e-03 8.913117e-03 5.591258e-04 7.030942e-04 1.231445e-02 1.163357e-02 3.183515e-05 3.230552e-04 1.760823e-03 2.307572e-05 2.650577e-03 1.700340e-04 8.071850e-05 2.846823e-04 2.105820e-03 5.054684e-03 9.849262e-04 1.354728e-04 9.803419e-04 1.956974e-03 2.412143e-03 2.609853e-04 2.233686e-05 8.441461e-04 3.955070e-05
<GCONST> -1.963564e+02
<MIXTURE> 2 3.791545e-01
<MEAN> 39
 -1.054517e+01 -3.682190e+00 -2.658962e+00 1.956032e+00 -1.948208e+01 8.300642e+00 -1.049628e+01 -5.919455e-01 2.432193e+00 -9.916135e+00 -6.365888e-01 -3.028913e+00 4.087994e+01 3.932590e-01 -1.028811e+00 -7.777873e-01 6.667812e-01 -3.006656e-01 -7.909691e-01 -2.251375e+00 -1.116304e+00 4.569148e-02 5.483174e-01 1.383650e+00 -1.777439e+00 4.495363e-01 1.874082e-01 4.389464e-03 -1.458828e-01 -1.195195e-01 3.338796e-01 1.172778e-01 -2.136476e-01 -2.744548e-01 6.912257e-02 -2.063179e-01 -5.820737e-02 -1.059650e-01 1.194766e-01
<VARIANCE> 39
 8.595474e-01 2.920750e-01 1.347039e-02 4.309863e+00 1.158999e+01 4.898573e-01 8.603556e+00 2.554185e-01 1.811136e-01 1.256927e-01 2.282208e+01 1.069452e+01 1.991127e+00 1.183197e-03 6.946338e-04 3.882872e-01 3.440273e-02 1.312079e-03 1.189020e-01 4.139281e-02 3.819641e-02 1.154436e-02 8.807007e-01 9.990712e-01 2.906730e-01 5.074091e-02 2.009747e-03 4.166510e-02 1.806346e-01 6.751566e-03 4.697353e-03 7.099530e-02 6.430376e-03 1.873895e-02 2.623158e-01 3.737389e-01 6.639668e-03 7.549553e-02 1.525171e-03
<GCONST> -1.950575e+01
<MIXTURE> 3 4.310125e-01
<MEAN> 39
 -1.048264e+01 -1.113751e+00 -2.334117e+00 6.926628e+00 -9.419900e+00 1.329081e+01 -9.314192e+00 8.911757e-02 4.714824e+00 -7.296911e+00 1.799803e+00 -4.142686e+00 3.991820e+01 5.097165e-01 -9.853289e-01 -1.864905e+00 1.084860e+00 1.355760e+00 -1.080269e+00 -1.527168e+00 -2.245103e-01 -2.874476e-01 1.157741e-01 -1.673201e+00 -5.354056e-01 5.899865e-01 9.289491e-02 -7.587963e-01 -9.468741e-01 -4.189633e-01 -2.848345e-01 -8.552885e-02 -2.456096e-01 -1.832209e-01 2.533881e-01 -4.227418e-02 -1.615745e-01 6.175921e-02 1.717531e-01
<VARIANCE> 39
 2.988187e-01 3.628351e-01 1.232125e+00 2.008120e+00 6.930836e+00 4.485044e+00 5.530682e+00 4.585259e+00 1.838364e+00 4.169977e-01 1.072119e+01 7.179126e-01 8.969592e-02 9.434333e-03 1.190613e+00 1.412764e+00 5.015814e-01 4.021341e-02 1.355797e-02 8.750456e-02 2.594087e-02 3.142605e-02 1.165596e-01 2.742854e-02 1.770079e-01 2.471750e-02 1.253060e-04 1.379796e-02 4.157344e-02 2.952785e-01 3.751837e-02 1.641401e-01 1.031835e-01 4.213786e-02 1.459138e-01 5.273880e-02 3.252580e-01 1.960792e-02 1.250475e-03
<GCONST> -1.480612e+00
<STATE> 4
<NUMMIXES> 3
<MIXTURE> 1 1.322048e-01
<MEAN> 39
 -4.279684e+00 -9.601334e+00 -3.425786e+00 2.110461e+00 -1.835242e+01 9.725678e+00 -1.557285e+01 1.104239e+00 6.842037e+00 -1.016767e+01 4.923125e+00 -3.069388e+00 4.776432e+01 1.514213e+00 1.792631e-01 -2.394618e-02 -1.113803e-01 2.434705e-01 -5.511421e-01 -6.651148e-01 2.542239e-01 5.604171e-01 2.017341e-01 4.136457e-01 7.692845e-01 1.136665e+00 2.586153e-01 9.920137e-02 1.342584e-01 -2.503801e-01 -6.976473e-02 -1.102387e-01 -1.954542e-01 1.966400e-01 3.767701e-01 4.065565e-01 3.515986e-02 1.046303e-01 2.195604e-01
<VARIANCE> 39
 5.715503e+01 5.241316e+01 1.320533e+01 5.527639e+01 1.905540e+01 1.453686e+01 2.504814e+01 8.865189e+00 1.531836e+01 1.864198e+01 3.494772e+01 2.359292e+01 2.874617e+01 5.545108e+00 6.218957e+00 2.409825e+00 2.619148e+00 1.104631e+00 2.164325e+00 4.015572e+00 2.547250e+00 4.917164e+00 2.422499e+00 8.369117e-01 1.662688e+00 3.754472e+00 6.302862e-01 7.200516e-01 2.977528e-01 4.938032e-01 1.979526e-01 2.858350e-01 4.487463e-01 3.925207e-01 3.163180e-01 3.193116e-01 1.911570e-01 4.930335e-01 2.662459e-01
<GCONST> 1.124470e+02
<MIXTURE> 2 4.972645e-01
<MEAN> 39
 -3.371104e+00 -4.292601e+00 6.891863e-01 2.396234e+00 -1.833795e+01 9.969424e+00 -1.610621e+01 -3.578964e+00 1.078212e+00 -1.019168e+01 2.948162e+00 -4.421079e+00 4.724104e+01 -2.981448e-01 7.932797e-02 9.088553e-02 4.279647e-02 -1.629185e-01 -2.148826e-01 -2.984333e-02 -2.154745e-01 -1.827417e-01 -2.293102e-01 -3.179584e-01 -3.038504e-01 -2.524577e-01 -2.613718e-02 -9.955551e-03 -1.827886e-02 6.538910e-03 4.254998e-02 2.368714e-02 4.957908e-02 -1.914501e-02 -4.401673e-02 -6.954834e-02 -8.540668e-02 -5.310572e-02 -1.724739e-02
<VARIANCE> 39
 8.903618e+01 3.253276e+01 1.852606e+01 6.496593e+01 2.981550e+01 1.461701e+01 3.990982e+01 3.495980e+01 6.600423e+01 2.924597e+01 4.866315e+01 1.148477e+01 6.394028e+01 4.035026e-01 6.873956e-01 7.348529e-01 1.119732e+00 1.403647e+00 1.256221e+00 1.252211e+00 1.436446e+00 2.076933e+00 1.987252e+00 1.382881e+00 9.969603e-01 4.142246e-01 3.412163e-02 1.353529e-01 1.413513e-01 1.867058e-01 3.475714e-01 2.864963e-01 2.244039e-01 3.344026e-01 5.132498e-01 4.063935e-01 2.336383e-01 2.028842e-01 3.072238e-02
<GCONST> 9.663497e+01
<MIXTURE> 3 3.705309e-01
<MEAN> 39
 -1.756648e+00 -6.459905e+00 -1.390389e+00 4.322509e-01 -1.714995e+01 1.016395e+01 -1.630214e+01 -5.774856e-01 5.575397e+00 -7.992860e+00 3.096676e+00 -4.210780e+00 4.936017e+01 -1.207363e-01 -1.726068e-01 5.898752e-02 4.703596e-03 6.636396e-02 4.324153e-01 1.484067e-01 -1.214885e-02 -5.827243e-02 1.136139e-01 2.195071e-01 6.577508e-03 -3.596460e-02 -7.128353e-02 3.365716e-02 6.072227e-03 1.588695e-02 -7.852381e-02 1.531588e-02 4.398400e-02 -2.534209e-02 -8.824603e-02 -4.714531e-02 9.473509e-02 7.227118e-02 -8.231878e-02
<VARIANCE> 39
 9.643351e+01 3.136750e+01 3.219917e+01 7.128324e+01 2.332825e+01 1.376454e+01 4.559107e+01 2.673552e+01 4.943420e+01 2.267451e+01 4.021620e+01 1.426101e+01 8.978575e+01 6.441765e-01 1.312165e+00 1.046848e+00 1.963513e+00 1.399003e+00 1.267259e+00 1.605944e+00 1.454611e+00 2.284533e+00 1.563294e+00 1.296882e+00 1.477590e+00 1.006432e+00 1.219213e-01 1.993707e-01 1.902955e-01 3.261383e-01 2.773433e-01 2.755330e-01 2.921111e-01 3.029583e-01 4.742497e-01 3.007761e-01 1.911257e-01 2.717161e-01 8.989107e-02
<GCONST> 1.032749e+02
<TRANSP> 5
 0.000000e+00 1.000000e+00 0.000000e+00 0.000000e+00 0.000000e+00
 0.000000e+00 9.690128e-01 3.098722e-02 0.000000e+00 0.000000e+00
 0.000000e+00 0.000000e+00 2.419566e-01 7.580434e-01 0.000000e+00
 0.000000e+00 0.000000e+00 0.000000e+00 9.740904e-01 2.590961e-02
 0.000000e+00 0.000000e+00 0.000000e+00 0.000000e+00 0.000000e+00
<ENDHMM>
~h "t-uh"
<BEGINHMM>
<NUMSTATES> 5
<STATE> 2
<NUMMIXES> 3
<MIXTURE> 1 2.499958e-01
<MEAN> 39
 -9.283942e+00 -4.635929e+00 -3.871276e+00 1.955729e+00 -2.587446e+01 7.718164e+00 -6.534469e+00 2.646853e+00 1.588169e+01 -7.790916e-01 -6.881743e-02 -1.052667e+00 4.230917e+01 -1.244567e-01 -2.001643e-01 4.599262e-01 -1.415960e-02 1.234565e+00 1.028468e+00 -5.206952e-01 -1.546677e+00 -1.955684e+00 -4.403520e-01 2.058458e-01 3.501992e-01 -9.088289e-02 1.882456e-01 2.441626e-01 1.077212e-01 -1.818219e-01 8.420017e-01 6.391506e-01 -3.552079e-01 -6.127634e-02 -3.318910e-01 -4.624755e-01 -6.779885e-02 4.529911e-01 7.828008e-02
<VARIANCE> 39
 0.000000e+00 2.850750e-10 0.000000e+00 4.557817e-11 0.000000e+00 2.660614e-08 4.367109e-08 0.000000e+00 0.000000e+00 0.000000e+00 0.000000e+00 0.000000e+00 1.853318e-10 1.214398e-11 3.413172e-12 0.000000e+00 0.000000e+00 2.061330e-09 0.000000e+00 2.043471e-09 0.000000e+00 6.050386e-09 1.105438e-10 0.000000e+00 4.986539e-10 0.000000e+00 0.000000e+00 0.000000e+00 0.000000e+00 0.000000e+00 0.000000e+00 2.168306e-12 1.385241e-09 0.000000e+00 0.000000e+00 0.000000e+00 3.265532e-10 0.000000e+00 3.990978e-11
<GCONST> -2.300001e+11
<MIXTURE> 2 5.771361e-01
<MEAN> 39
 -9.291553e+00 -3.276416e+00 -7.253080e-01 1.500873e-02 -2.300281e+01 9.051397e+00 -1.363838e+01 -2.856404e+00 9.603453e+00 -2.251294e+00 1.326442e+00 -3.682937e+00 4.178244e+01 -7.064579e-02 -7.827109e-01 1.682664e-01 1.483579e+00 5.478690e-01 2.640159e-01 -1.060102e+00 -1.462964e+00 -9.953976e-01 -9.972688e-01 8.796611e-01 1.094807e+00 1.566874e-01 2.344013e-01 -3.083330e-01 -5.366246e-01 1.758446e-02 1.904849e-01 5.650266e-01 9.343354e-01 4.671071e-01 -3.568166e-01 -8.724597e-01 -3.431573e-01 2.573272e-02 1.956873e-01
<VARIANCE> 39
 1.624835e+00 7.054193e-01 5.568029e-01 1.917696e+01 2.316895e+01 1.231730e+01 5.171531e+00 3.372758e+00 3.945794e+01 8.187576e+00 9.732042e-01 3.232329e+00 2.184936e+00 3.468292e-01 5.186101e-01 1.317861e-01 1.101417e+00 2.639413e+00 1.018565e-01 1.366097e+00 5.039050e-01 3.833624e-01 1.063692e-01 4.223126e-01 8.262184e-02 2.050676e-01 1.632341e-03 7.200983e-03 3.564529e-02 1.116551e-01 1.694381e-01 4.252389e-02 1.919561e-01 3.307527e-03 2.464394e-02 1.117057e-02 8.311374e-02 1.493357e-01 8.226165e-03
<GCONST> 3.036796e+01
<MIXTURE> 3 1.728681e-01
<MEAN> 39
 -9.574428e+00 -5.099302e+00 8.294230e-03 5.293422e+00 -2.108815e+01 1.240945e+01 -8.881395e+00 -8.538336e-01 1.407682e+01 3.039147e-01 3.497032e+00 -3.188917e+00 4.155638e+01 -1.731092e-01 6.669055e-01 7.706127e-01 2.511100e-02 -8.594964e-01 8.169448e-02 -1.691385e+00 -1.131998e+00 3.458652e-01 -2.755597e-01 5.641891e-01 4.686520e-01 -2.843831e-01 3.210279e-01 -3.996185e-01 -8.533145e-01 -6.297190e-01 1.330442e-01 2.600678e-01 -3.438585e-02 3.568566e-01 -3.920054e-01 -1.064199e+00 -5.185876e-01 -1.552104e-01 3.369793e-01
<VARIANCE> 39
 1.863155e-01 2.334492e-01 1.029907e-03 6.461520e+00 3.459914e+00 1.510373e-02 1.380407e+00 2.105335e-02 1.301615e-01 3.456980e-03 3.595717e-01 1.220609e-01 2.228919e-01 1.750962e-02 1.142554e-01 1.181559e-02 4.196662e-01 6.721953e-01 1.061285e-03 1.712012e-02 8.247649e-02 1.797755e-01 4.481068e-02 7.085367e-02 3.827174e-02 3.309602e-04 7.775313e-04 3.932388e-05 3.365119e-03 5.391809e-02 1.687974e-02 2.147836e-03 8.223176e-02 1.590735e-03 1.083105e-03 5.222703e-03 6.769528e-04 2.705010e-03 3.446742e-03
<GCONST> -7.541582e+01
<STATE> 3
<NUMMIXES> 3
<MIXTURE> 1 1.736152e-01
<MEAN> 39
 2.637876e+00 5.306466e+00 3.202392e+00 1.929116e+00 -1.910063e+01 1.173627e+01 -1.176701e+01 -1.379971e+00 3.073862e+00 -5.540377e+00 6.637760e+00 -6.728206e-01 4.837148e+01 -9.557962e-01 -4.540848e-02 1.416642e-01 1.307568e+00 1.049769e+00 3.321971e-01 8.416240e-01 4.947179e-01 6.636748e-01 1.104117e-01 -1.026200e+00 -2.671254e-01 -8.250245e-01 -1.014674e-01 -1.923734e-01 -4.697629e-02 5.676092e-03 8.310429e-03 4.069814e-02 -1.036612e-01 -2.378106e-01 -1.746623e-01 -4.801619e-02 9.905638e-02 -4.843851e-03 -7.227499e-04
<VARIANCE> 39
 1.881200e+01 4.278952e+00 1.668465e+01 5.011617e+01 2.478074e+01 1.374585e+01 1.993769e+01 1.709275e+01 1.689651e+01 5.683938e+00 1.959727e+01 4.983159e+00 1.171585e+01 9.581844e-01 4.348789e-01 2.854634e-01 1.763186e+00 2.056260e+00 1.653593e+00 8.995181e-01 1.898592e+00 1.562104e+00 5.904308e-01 1.035811e+00 6.518113e-01 4.330009e-01 2.054879e-01 7.745899e-02 3.893537e-02 3.015259e-01 4.193929e-01 3.865698e-01 2.077222e-01 2.473189e-01 2.837255e-01 1.163246e-01 1.717906e-01 9.628311e-02 9.506688e-02
<GCONST> 8.171053e+01
<MIXTURE> 2 3.601539e-01
<MEAN> 39
 2.553105e+00 -3.601507e+00 -1.892376e+00 -3.651748e+00 -2.194326e+01 1.014637e+01 -1.792961e+01 -3.411323e+00 3.626580e+00 -7.625236e+00 6.811111e+00 -3.522638e-01 5.149453e+01 1.085221e+00 -2.785238e-02 -8.981161e-02 -5.017154e-01 -1.505869e-01 -1.538761e-01 -7.401147e-01 -4.830744e-01 -8.347749e-01 -2.612720e-01 6.232163e-01 1.881247e-01 8.830058e-01 6.397064e-02 4.527513e-02 1.805044e-02 -7.579933e-02 -8.164110e-02 1.221590e-02 4.470397e-02 5.071304e-02 -3.792578e-02 6.120133e-02 6.345890e-02 -3.601057e-02 4.104194e-02
<VARIANCE> 39
 6.854842e+01 1.866231e+01 2.068354e+01 1.882334e+01 1.244538e+01 1.703197e+01 4.572669e+01 1.982108e+01 5.558716e+01 1.398681e+01 4.012019e+01 2.083900e+01 4.386740e+01 2.870366e+00 1.753318e+00 2.041638e+00 1.487584e+00 1.501026e+00 1.693793e+00 3.324505e+00 8.988733e-01 1.464451e+00 1.506588e+00 1.660429e+00 1.889398e+00 2.059936e+00 3.831491e-01 3.875917e-01 4.161442e-01 3.404817e-01 3.019377e-01 3.356218e-01 4.084523e-01 1.778091e-01 2.087913e-01 2.430668e-01 2.765029e-01 3.644447e-01 2.762016e-01
<GCONST> 1.062042e+02
<MIXTURE> 3 4.662312e-01
<MEAN> 39
 8.351269e+00 -2.997373e-01 1.421267e+00 -5.569858e+00 -2.245300e+01 1.107444e+01 -2.019709e+01 -7.036787e+00 -3.440591e+00 -7.970283e+00 1.206933e+01 6.927679e-01 5.545490e+01 -8.127365e-02 4.055592e-01 1.040075e-01 1.079745e-01 5.703366e-02 1.300381e-01 4.575808e-01 4.831096e-02 -1.382144e-01 7.828408e-03 1.183663e-01 2.008737e-01 -2.169572e-01 -7.462998e-02 -1.142979e-03 -3.019426e-02 4.351050e-02 5.529559e-02 4.072143e-03 6.651931e-02 6.848379e-02 1.065075e-01 -1.093730e-02 -1.150863e-01 -2.491683e-02 -6.470198e-02
<VARIANCE> 39
 1.921597e+01 7.213321e+00 8.889959e+00 5.675838e+00 7.838607e+00 9.508564e+00 3.302553e+01 1.249065e+01 2.710061e+01 1.425981e+01 9.588811e+00 1.195319e+01 1.542863e+01 6.943663e-01 5.584114e-01 4.538516e-01 3.881930e-01 7.037970e-01 9.407254e-01 1.450297e+00 6.649014e-01 1.405270e+00 9.435378e-01 9.269691e-01 9.722502e-01 4.415427e-01 8.374403e-02 8.232680e-02 6.113524e-02 7.530542e-02 1.226513e-01 1.437012e-01 2.906856e-01 1.552714e-01 1.866944e-01 1.779630e-01 1.433039e-01 1.891476e-01 5.895722e-02
<GCONST> 7.318877e+01
<STATE> 4
<NUMMIXES> 3
<MIXTURE> 1 2.189831e-01
<MEAN> 39
 -3.889805e+00 -2.383854e+00 -5.103554e+00 -3.610541e+00 -2.128826e+01 1.520321e+01 -5.998895e+00 -2.217671e+00 -1.233685e-01 -5.390226e+00 8.500766e+00 5.416710e-01 4.503106e+01 -4.198923e-01 -6.891632e-01 -6.217691e-01 -2.970886e-01 2.109793e-01 1.676397e-01 -5.496659e-01 6.400896e-02 9.158772e-01 9.282352e-01 6.332201e-01 8.071558e-01 -2.707227e-01 -4.851319e-02 1.773494e-01 2.468976e-01 3.187178e-01 1.807353e-01 -9.369480e-02 -1.534646e-01 1.812972e-02 2.099343e-01 3.627333e-02 -1.376428e-01 2.235051e-01 -6.029916e-03
<VARIANCE> 39
 8.177403e-01 3.032949e+00 1.073969e+01 1.061293e+01 5.565708e+00 2.713228e+00 8.183975e+00 1.551209e+01 2.602455e+01 1.612428e+01 3.794036e+00 4.511659e+00 8.279164e-01 3.270534e-01 3.358780e-01 3.279672e-01 1.239286e-01 1.531716e-01 1.609209e-01 1.419474e-01 2.402713e+00 7.729741e-01 1.012362e-01 3.948230e-01 4.418298e-01 3.021403e-02 2.751164e-02 7.423651e-03 1.035690e-01 6.053354e-02 1.077832e-01 1.482195e-02 7.333724e-02 6.046852e-01 5.518446e-01 4.136246e-01 2.397978e-01 5.304987e-02 4.802781e-03
<GCONST> 4.128341e+01
<MIXTURE> 2 3.876474e-01
<MEAN> 39
 -4.662658e+00 -3.030077e+00 -4.343085e+00 -9.753334e-01 -2.160633e+01 1.300292e+01 -5.894282e+00 -1.482822e+00 1.395363e+00 -9.593046e+00 6.085308e+00 2.182209e+00 4.488468e+01 -3.847284e-01 -5.705414e-01 -3.035299e-01 3.624059e-02 3.166209e-01 3.620912e-01 -2.947444e-01 -5.542600e-01 -6.056905e-01 -1.222652e+00 -6.047009e-01 -5.756367e-01 -1.022023e-01 -2.110955e-01 -8.070811e-02 -5.932988e-02 -1.973509e-01 1.557934e-02 -4.961354e-01 -4.890885e-01 -1.548026e-01 1.313397e-02 3.482663e-01 -2.381236e-01 -4.548021e-01 -1.709937e-01
<VARIANCE> 39
 4.287904e+00 8.755898e+00 3.019118e+00 1.286756e+01 3.605464e+00 1.580720e+00 7.450065e+00 5.101424e+00 3.008901e+00 7.989743e+00 6.410852e+00 3.542618e+00 8.777084e-01 6.065872e-01 2.423481e-01 1.253148e+00 5.416781e-01 1.231604e+00 3.810194e-01 1.051839e+00 8.388236e-01 1.062587e+00 1.020560e+00 5.853280e-01 1.000967e+00 2.077783e-01 9.997845e-02 1.584879e-01 1.167809e-01 9.982612e-02 2.187198e-01 4.201093e-02 2.288979e-01 1.576988e-01 7.166436e-02 1.702328e-01 8.398256e-02 2.313522e-01 4.801660e-02
<GCONST> 5.730976e+01
<MIXTURE> 3 3.933696e-01
<MEAN> 39
 -4.726511e+00 1.130357e+00 1.232034e-01 5.537869e+00 -1.480977e+01 1.502415e+01 -7.318023e+00 -2.941021e+00 2.946776e+00 -6.116163e+00 2.362277e+00 -3.495242e+00 4.356133e+01 -1.206387e+00 -1.462929e+00 -7.605867e-01 -4.642274e-01 -8.105837e-01 -2.227885e-01 -1.382337e+00 -6.165933e-01 4.826486e-01 5.659439e-01 1.663169e-01 -2.758398e-01 -4.647606e-01 1.830291e-01 9.493994e-02 1.880581e-02 -3.169420e-01 -4.278198e-01 -2.762600e-01 -2.198340e-01 1.148577e-01 3.075533e-01 1.958672e-01 4.390555e-01 4.359510e-01 1.528991e-01
<VARIANCE> 39
 5.932297e-01 1.195123e+01 1.563231e+01 3.174099e+01 3.500411e+01 2.025974e+00 3.095071e+00 1.278936e+01 1.077631e+01 1.679494e+01 7.633365e+00 6.386010e+00 8.470123e-01 4.987159e-01 2.580544e-01 1.151212e-01 3.258979e-01 1.066363e+00 3.659593e-01 8.026829e-01 2.030233e+00 1.140688e+00 7.741768e-01 5.768488e-01 7.113575e-01 1.334734e-01 4.865830e-02 8.553482e-02 5.860485e-02 2.685017e-01 5.690478e-01 4.071067e-02 1.583070e-01 2.261841e-01 9.886316e-02 2.767252e-01 1.135682e-01 8.410179e-02 2.956628e-02
<GCONST> 5.938776e+01
<TRANSP> 5
 0.000000e+00 1.000000e+00 0.000000e+00 0.000000e+00 0.000000e+00
 0.000000e+00 5.375927e-14 1.000000e+00 0.000000e+00 0.000000e+00
 0.000000e+00 0.000000e+00 9.671471e-01 3.285290e-02 0.000000e+00
 0.000000e+00 0.000000e+00 0.000000e+00 7.380117e-01 2.619883e-01
 0.000000e+00 0.000000e+00 0.000000e+00 0.000000e+00 0.000000e+00
<ENDHMM>
~h "d+uw"
<BEGINHMM>
<NUMSTATES> 5
<STATE> 2
<NUMMIXES> 3
<MIXTURE> 1 1.565504e-01
<MEAN> 39
 1.163590e+00 5.417391e+00 1.943085e+00 2.884505e+00 -2.340649e+01 5.054667e+00 -1.741315e+01 -6.371571e+00 1.287496e-01 -1.155926e+01 1.859803e+00 -5.403179e+00 4.669730e+01 2.191283e+00 1.975001e+00 3.285508e+00 1.452477e+00 9.956496e-01 4.625109e-01 5.672199e-01 1.512478e+00 1.685790e+00 7.756186e-01 4.581059e-01 -1.102642e+00 1.512128e+00 -2.314485e-02 -3.594111e-01 1.571388e-01 -3.438288e-02 2.032885e-01 9.941965e-02 -7.408486e-02 4.254511e-01 1.383113e-01 6.112171e-02 2.172117e-01 3.563160e-01 1.694771e-01
<VARIANCE> 39
 1.814226e+01 1.094365e+01 1.690137e+01 1.384787e+01 1.323500e+01 1.353691e+01 2.450274e+01 3.887440e+01 2.074874e+01 1.354681e+01 2.828815e+00 4.071488e+00 6.603338e+00 1.425104e+00 1.060880e+00 8.449904e-01 1.880838e-01 5.124622e-01 2.230518e+00 1.745281e+00 2.025940e+00 2.979892e+00 1.314340e+00 4.294182e-01 1.581570e+00 4.390731e-01 1.395972e-01 2.796711e-01 4.149739e-01 1.105715e-01 1.302321e-01 2.134044e-01 8.554003e-01 6.137434e-01 8.157140e-01 2.821945e-01 3.610776e-02 6.365156e-02 3.553412e-02
<GCONST> 8.313332e+01
<MIXTURE> 2 4.385132e-01
<MEAN> 39
 -6.315653e+00 -1.896823e+00 -6.305892e+00 -2.919131e+00 -2.370774e+01 7.531154e+00 -1.078541e+01 -2.180485e+00 2.992305e+00 -9.526627e+00 1.332785e+00 -2.986284e+00 4.238953e+01 1.120599e+00 7.197696e-01 -4.196746e-03 -3.187555e-01 -8.484223e-01 -1.353665e+00 -1.644313e+00 -1.358541e+00 -1.295325e+00 -8.299027e-01 6.189391e-02 8.481737e-01 6.054234e-01 2.759791e-01 2.750517e-01 3.163874e-01 3.642371e-01 6.321584e-02 3.110613e-02 -2.647120e-01 -2.361086e-01 -1.210534e-01 -1.219147e-01 -1.005297e-01 -1.906712e-01 1.321593e-01
<VARIANCE> 39
 1.913795e+01 5.757450e+00 1.820638e+01 3.122138e+01 2.888133e+01 2.570138e+01 2.749063e+01 2.193020e+01 1.032555e+01 1.203195e+01 1.281847e+01 1.939126e+01 6.107968e+00 4.400564e-01 2.736485e-01 1.804087e+00 2.886290e+00 1.752807e+00 1.828503e+00 2.280015e+00 1.294128e+00 1.747741e+00 2.131128e+00 2.699581e+00 1.805882e+00 1.442071e-01 1.526497e-01 1.221139e-01 1.850839e-01 2.948980e-01 1.870073e-01 3.077589e-01 4.077993e-01 4.093777e-01 4.183414e-01 4.616845e-01 4.768524e-01 5.250747e-01 4.129951e-02
<GCONST> 9.287219e+01
<MIXTURE> 3 4.049365e-01
<MEAN> 39
 9.919459e-01 6.227123e+00 5.845614e+00 5.847715e+00 -2.201128e+01 4.617393e+00 -1.881072e+01 -8.043635e+00 -2.114267e+00 -1.239497e+01 1.890803e+00 -3.561864e+00 4.657444e+01 1.689930e+00 9.346569e-01 2.092912e+00 8.804119e-01 -2.617361e-02 -1.179360e-01 -1.254630e+00 3.659693e-02 -4.670992e-01 -2.772908e-01 9.115099e-01 -4.252082e-01 1.308608e+00 -1.792153e-01 -3.141217e-01 -1.529339e-01 -1.448053e-01 1.386218e-01 3.492166e-01 2.247134e-01 2.429413e-01 1.393551e-01 1.396464e-01 6.493142e-02 -1.737200e-01 -2.174888e-02
<VARIANCE> 39
 2.196419e+01 1.560453e+01 4.749729e+01 3.037689e+01 2.293984e+01 1.902125e+01 1.979175e+01 1.481905e+01 1.888214e+01 1.027668e+01 1.524985e+01 7.157953e+00 1.353855e+01 4.473040e-01 1.949794e+00 5.129179e-01 1.052830e+00 1.232973e+00 1.615515e+00 8.944935e-01 7.525576e-01 3.952263e-01 7.237656e-01 9.265831e-01 8.943990e-01 3.508928e-01 1.727240e-01 2.815234e-01 4.295428e-01 1.906679e-01 2.052805e-01 3.537570e-01 3.318174e-01 4.123002e-01 4.920300e-01 3.125843e-01 3.442589e-01 1.100878e-01 1.190464e-01
<GCONST> 8.875750e+01
<STATE> 3
<NUMMIXES> 3
<MIXTURE> 1 3.496853e-01
<MEAN> 39
 1.321411e+01 -9.529961e+00 -1.779343e+00 -1.217238e+01 -2.016231e+01 1.479681e+01 -1.806966e+01 4.823421e+00 3.141274e+00 -9.405704e+00 5.113213e+00 -8.472972e+00 6.375462e+01 -3.579551e-02 -1.498977e-01 -1.884717e-01 8.358527e-02 1.899857e-01 5.611093e-02 1.866580e-01 1.683155e-01 1.060801e-01 -1.347134e-02 -5.454995e-02 2.968057e-02 -1.938128e-02 -1.622139e-02 -2.876799e-02 -1.716739e-02 6.939415e-02 9.306685e-02 -3.007712e-02 -8.451723e-02 -5.924319e-02 7.012030e-02 8.211678e-02 1.866711e-04 -1.806980e-02 2.317021e-03
<VARIANCE> 39
 1.155062e+00 2.972256e+01 8.164335e+00 1.402786e+01 1.411686e+01 7.720089e+00 1.298724e+01 3.477595e+01 5.779151e+01 2.490295e+01 4.956926e+01 4.919189e+01 5.425469e+00 7.110065e-02 5.240042e-01 2.097256e-01 8.732871e-01 5.928030e-01 6.500831e-01 9.089293e-01 8.110704e-01 9.468096e-01 2.062326e+00 1.278034e+00 1.236115e+00 2.010852e-01 1.333500e-02 6.663349e-02 2.950565e-02 1.129444e-01 8.059120e-02 1.294914e-01 1.407012e-01 1.171186e-01 1.497562e-01 1.520464e-01 2.158743e-01 2.143009e-01 1.598851e-02
<GCONST> 6.840707e+01
<MIXTURE> 2 2.771300e-01
<MEAN> 39
 9.006896e+00 1.228457e+00 8.048967e+00 2.310584e+00 -2.025046e+01 8.615893e+00 -2.207562e+01 -3.165473e+00 7.398758e-01 -9.856921e+00 6.077998e+00 -5.023452e+00 5.609601e+01 4.891019e-01 -9.543534e-01 -6.635906e-01 -9.853789e-01 -6.042642e-02 4.612330e-01 -3.134996e-01 1.742285e-02 1.640119e-02 3.234607e-01 3.380726e-01 1.294352e-01 7.504277e-01 -2.526078e-02 4.023651e-02 -1.182621e-01 -1.642382e-01 -8.562835e-02 6.167132e-02 1.376542e-01 -6.862666e-02 -1.550425e-01 -5.303123e-02 7.210623e-02 5.038151e-02 -4.523601e-02
<VARIANCE> 39
 1.009168e+01 4.686699e+01 3.474723e+01 8.598679e+01 9.725257e+00 1.999612e+01 1.560629e+01 1.844603e+01 2.434262e+01 2.765305e+01 2.119986e+01 2.188929e+01 2.672345e+01 7.441069e-01 2.318923e+00 1.274495e+00 4.080580e+00 1.085664e+00 3.146020e+00 2.119462e+00 1.671447e+00 3.164673e+00 3.312382e+00 2.616865e+00 1.667020e+00 1.435227e+00 1.638220e-01 4.951892e-01 2.203068e-01 5.398651e-01 1.728937e-01 6.872128e-01 4.876221e-01 3.090940e-01 6.119739e-01 7.199058e-01 4.966618e-01 2.206744e-01 3.075629e-01
<GCONST> 1.087072e+02
<MIXTURE> 3 3.731840e-01
<MEAN> 39
 1.309694e+01 -7.800272e+00 -7.610691e-01 -1.280875e+01 -2.052611e+01 1.402812e+01 -1.953288e+01 1.025786e+00 6.498126e-01 -7.694839e+00 8.387298e+00 -6.588579e+00 6.351264e+01 -6.258945e-02 -2.139603e-01 -2.170596e-01 -8.697695e-02 1.161759e-01 1.677732e-01 2.630330e-01 4.484679e-01 3.531473e-01 -1.456192e-01 -4.733347e-01 -4.225560e-01 2.559516e-03 -2.949441e-02 3.345179e-02 3.201597e-02 1.085420e-01 -3.484293e-02 -8.207266e-02 2.412914e-02 4.335672e-02 2.867649e-02 -6.518464e-02 -8.711144e-02 4.795829e-02 -6.102149e-02
<VARIANCE> 39
 1.615597e+00 3.443107e+01 1.359838e+01 2.012082e+01 1.647048e+01 1.052346e+01 1.666301e+01 3.551461e+01 6.587642e+01 4.501899e+01 4.353058e+01 5.316894e+01 7.258978e+00 1.169422e-01 9.209912e-01 2.566583e-01 1.280812e+00 7.539032e-01 1.188105e+00 1.478949e+00 1.215303e+00 2.691502e+00 2.081870e+00 2.558239e+00 2.543716e+00 2.435093e-01 2.595948e-02 1.094355e-01 4.382186e-02 1.559706e-01 9.091800e-02 2.596794e-01 2.359248e-01 2.243089e-01 2.679473e-01 3.570904e-01 3.736378e-01 3.237833e-01 3.812672e-02
<GCONST> 8.462880e+01
<STATE> 4
<NUMMIXES> 3
<MIXTURE> 1 4.604274e-01
<MEAN> 39
 1.073614e+01 -8.964233e+00 -2.800654e+00 -6.728738e-01 -1.392933e+01 1.779348e+01 -1.804824e+01 6.179938e+00 7.742996e+00 -1.211484e+01 2.325904e+00 -8.420568e+00 5.915558e+01 -5.285141e-01 6.643892e-01 -3.030338e-02 1.247248e+00 7.293456e-01 2.473477e-01 6.417539e-01 -1.221404e-02 8.068323e-01 4.561256e-01 -3.822373e-01 -8.569515e-02 -8.196059e-01 -1.475094e-01 1.507176e-01 1.280615e-01 -1.002026e-01 -1.344321e-01 1.384252e-01 4.277520e-01 2.202505e-01 1.264153e-01 -1.602453e-01 -1.543725e-01 -1.275649e-01 -1.302310e-01
<VARIANCE> 39
 1.227012e+00 2.622224e+00 8.375052e-01 4.624827e+00 7.363995e+00 3.636043e+00 4.252691e+00 6.287933e+00 8.950382e+00 2.710367e+00 9.845983e+00 3.473353e+00 2.323913e+00 9.492531e-02 1.869595e-01 8.734532e-02 6.522796e-01 1.697987e-01 5.432670e-01 2.835873e+00 1.294515e+00 6.660187e-01 4.157932e-01 3.263556e-01 3.281589e-01 1.793230e-01 1.395649e-02 2.581817e-02 2.908898e-02 1.454313e-01 1.854800e-02 3.971236e-02 2.726589e-01 2.014777e-01 2.251423e-01 1.277257e-01 2.479852e-02 4.542923e-02 9.773414e-03
<GCONST> 3.664713e+01
<MIXTURE> 2 3.177319e-01
<MEAN> 39
 8.116428e+00 -8.724813e+00 -2.792257e+00 -2.747579e+00 -1.448328e+01 1.509355e+01 -1.289865e+01 2.541812e+00 5.096024e+00 -1.112407e+01 -3.692503e+00 -1.021344e+01 5.821278e+01 -7.556542e-01 6.828623e-01 1.319339e-01 1.068612e+00 7.738361e-02 -3.925489e-01 -1.133527e+00 -1.383621e+00 -1.187716e+00 -9.025283e-01 -7.087345e-01 1.198769e-01 -1.097686e+00 -5.371363e-02 -1.285218e-01 -2.526799e-01 -1.158734e-01 1.560753e-02 1.510719e-01 -3.160181e-01 9.843474e-03 1.367685e-02 -3.246677e-01 1.427154e-01 -4.271822e-01 -5.443805e-02
<VARIANCE> 39
 2.166421e+01 3.838026e+01 2.844761e+01 7.688960e+01 6.736256e+00 1.768177e+01 3.051874e+01 6.128917e+00 6.865648e+00 6.570835e+00 8.555114e+00 6.965601e+00 4.185587e+01 2.757868e-01 2.120404e-01 4.673922e-01 3.201831e-01 1.209453e+00 1.101689e+00 1.791842e+00 1.355949e+00 2.152847e-01 2.086490e+00 3.797631e-01 3.637360e-01 5.556170e-02 6.742626e-03 3.477187e-02 2.118105e-02 2.584967e-01 5.064982e-02 4.316179e-02 3.581791e-01 2.180719e-01 8.250892e-02 1.515535e-01 8.082307e-02 3.990895e-02 2.425960e-02
<GCONST> 6.242095e+01
<MIXTURE> 3 2.218406e-01
<MEAN> 39
 5.636642e+00 -4.165567e+00 -6.927558e-01 6.798060e+00 -1.115123e+01 2.268857e+01 -7.263107e+00 6.875132e+00 9.767681e+00 -1.213399e+01 4.451327e-02 -1.016009e+01 5.287806e+01 -1.195475e+00 1.056133e+00 1.259865e+00 1.370993e+00 3.147106e-03 9.967214e-02 1.069371e+00 -8.399805e-01 -4.271789e-01 -3.461499e-01 -8.806806e-01 -9.268809e-02 -1.246242e+00 1.243433e-02 -8.273525e-03 1.460312e-01 -2.940354e-01 -1.738060e-01 -5.505609e-01 -8.226050e-01 -3.341418e-01 -3.445815e-01 4.927532e-02 -1.070158e-02 1.617174e-01 9.454691e-02
<VARIANCE> 39
 7.253531e+00 4.541682e+00 5.820801e+00 1.715983e+01 4.140984e+00 1.395044e+01 3.607610e+01 1.859349e+01 2.864970e+00 5.845343e-01 4.183554e+00 2.515370e+00 1.002574e+01 1.957776e-01 1.255900e-01 4.744997e-01 8.110986e-01 1.775010e-01 1.503381e+00 4.829812e+00 1.098650e+00 5.761301e-01 5.110486e-01 2.508122e-01 1.493632e-01 1.530651e-01 9.168471e-03 5.113835e-03 9.390344e-02 5.981935e-02 1.658084e-02 1.784860e-01 5.492951e-01 1.694647e-01 6.529099e-02 1.455415e-01 1.742232e-02 5.356892e-02 7.903048e-03
<GCONST> 4.499850e+01
<TRANSP> 5
 0.000000e+00 1.000000e+00 0.000000e+00 0.000000e+00 0.000000e+00
 0.000000e+00 9.087941e-01 9.120588e-02 0.000000e+00 0.000000e+00
 0.000000e+00 0.000000e+00 9.799129e-01 2.008709e-02 0.000000e+00
 0.000000e+00 0.000000e+00 0.000000e+00 8.185530e-01 1.814470e-01
 0.000000e+00 0.000000e+00 0.000000e+00 0.000000e+00 0.000000e+00
<ENDHMM>
~h "s-ah+t"
<BEGINHMM>
<NUMSTATES> 5
<STATE> 2
<NUMMIXES> 3
<MIXTURE> 1 1.232998e-01
<MEAN> 39
 -1.014277e+01 -4.058017e+00 -4.815243e-01 7.642558e+00 -1.387381e+01 1.402743e+01 -1.048746e+01 -2.551741e+00 4.927571e+00 -8.843376e+00 -2.335080e+00 -5.040462e+00 4.114805e+01 -7.030448e-02 -2.335955e-01 -4.975776e-01 -4.176019e-01 1.166699e-01 7.212532e-01 6.769259e-01 1.144440e-01 6.132556e-01 7.512373e-01 7.781050e-01 1.276516e+00 -5.307319e-03 1.190803e-01 1.019917e-01 4.231068e-02 -1.850998e-01 -1.763934e-01 2.589296e-02 3.243963e-01 7.521337e-02 -3.443381e-01 -1.760266e-01 -1.463739e-02 -1.629914e-01 6.649331e-02
<VARIANCE> 39
 1.810530e+00 4.910097e+00 5.797165e+00 5.463192e+00 1.202460e+01 1.010537e+01 7.971473e+00 9.858419e+00 1.308794e+01 1.325041e+01 1.882320e+01 2.022021e+01 1.360842e+00 1.127953e-01 3.340578e-01 1.211374e+00 1.484383e+00 1.074175e+00 6.860030e-01 8.815851e-01 1.444930e+00 2.219300e+00 6.597731e-01 1.075939e+00 1.638513e+00 5.173345e-02 1.267470e-02 7.580916e-02 1.239309e-01 7.462697e-02 1.610577e-01 1.070251e-01 1.329376e-01 1.882748e-01 2.915910e-01 3.262919e-01 1.839797e-01 5.485182e-01 4.510419e-03
<GCONST> 6.369225e+01
<MIXTURE> 2 4.829990e-01
<MEAN> 39
 -9.441978e+00 -3.503362e+00 -2.429760e+00 4.383964e+00 -1.801825e+01 1.194197e+01 -1.062234e+01 -3.488003e+00 3.862489e+00 -8.243317e+00 3.815079e-01 -4.046450e+00 4.117155e+01 -6.463258e-02 -6.639142e-02 -1.984897e-01 -3.968312e-01 -3.518658e-01 -3.686623e-01 -1.794587e-01 1.792048e-01 1.269999e-01 -1.068696e-01 -2.419026e-01 -2.319642e-01 -3.965692e-02 -1.934928e-02 -3.465881e-03 3.852249e-02 6.602747e-02 8.588360e-02 1.965941e-02 -3.991348e-02 4.767139e-02 2.169194e-02 -2.280634e-02 -5.479068e-03 3.479733e-02 -5.752150e-03
<VARIANCE> 39
 2.898685e+00 3.284180e+00 5.917211e+00 5.983152e+00 9.524732e+00 1.469700e+01 2.278426e+01 1.744561e+01 1.558046e+01 8.928789e+00 1.348587e+01 1.143067e+01 1.721724e+00 9.095763e-02 1.866721e-01 3.740360e-01 6.178634e-01 1.001188e+00 1.015146e+00 1.259865e+00 9.411820e-01 1.693333e+00 9.509767e-01 1.411066e+00 1.425180e+00 4.199328e-02 9.109721e-03 3.830168e-02 6.665382e-02 1.137113e-01 2.009054e-01 2.321102e-01 3.474630e-01 3.357794e-01 3.452970e-01 1.434234e-01 3.453840e-01 3.789713e-01 2.916018e-03
<GCONST> 6.265834e+01
<MIXTURE> 3 3.937014e-01
<MEAN> 39
 -1.011239e+01 -3.328994e+00 -1.552134e+00 5.537195e+00 -1.644762e+01 1.277861e+01 -1.053724e+01 -3.211967e+00 3.716684e+00 -8.063554e+00 -5.338863e-02 -4.067849e+00 4.073269e+01 -4.004804e-02 2.959556e-03 -9.656127e-03 -6.780833e-03 -5.462461e-02 4.588455e-02 1.649022e-01 3.018038e-01 3.020008e-01 3.534687e-01 2.677260e-01 1.684650e-01 -3.178537e-02 3.073298e-02 1.312776e-02 6.249143e-03 -1.427286e-02 -6.586222e-02 -7.374351e-02 -1.191851e-02 -2.489697e-02 1.552030e-02 -4.869297e-02 3.636946e-02 3.136891e-02 2.563634e-02
<VARIANCE> 39
 2.337241e+00 2.874391e+00 7.630539e+00 7.189898e+00 1.437471e+01 1.376551e+01 1.774642e+01 1.493248e+01 1.686588e+01 1.337221e+01 2.020888e+01 1.540205e+01 1.287038e+00 7.492244e-02 2.616960e-01 5.588071e-01 6.551585e-01 1.005417e+00 1.292120e+00 1.565712e+00 1.797391e+00 1.495822e+00 8.860204e-01 1.481616e+00 1.852031e+00 2.581668e-02 1.380516e-02 5.405620e-02 9.006641e-02 1.011497e-01 1.811641e-01 1.909779e-01 2.781943e-01 2.517893e-01 3.706338e-01 1.804824e-01 3.752020e-01 4.425880e-01 3.121554e-03
<GCONST> 6.566882e+01
<STATE> 3
<NUMMIXES> 3
<MIXTURE> 1 3.027512e-01
<MEAN> 39
 -8.067085e+00 -6.617748e+00 -9.116024e+00 -2.170796e+00 -2.147449e+01 6.247738e+00 -1.440425e+01 -1.715354e+00 8.941581e+00 -9.459465e-01 6.052143e+00 1.437165e+00 4.288349e+01 8.142202e-01 -4.208316e-01 -1.912761e+00 -1.065097e+00 2.055687e-02 1.162959e+00 6.087477e-01 4.221200e-01 -4.119760e-01 1.478550e-01 1.747270e+00 1.542170e+00 5.140306e-01 6.706042e-02 1.256838e-01 1.166111e-01 3.904623e-01 4.707576e-01 3.318297e-01 1.437540e-01 -2.553332e-01 -3.787658e-01 -4.563071e-01 -7.025244e-02 -9.046554e-02 1.575548e-03
<VARIANCE> 39
 2.293120e+00 1.551807e+00 1.382178e+01 5.298343e+00 2.313997e+00 8.619444e+00 2.965503e+00 9.063580e+00 1.261478e+01 2.015224e+01 2.074082e+01 1.896388e+01 1.000149e+00 2.271494e-01 2.143636e-01 4.267352e-01 1.608227e-01 4.280591e-01 8.381624e-01 7.259203e-01 2.035664e+00 1.095126e+00 2.162406e+00 5.579705e-01 2.588197e-01 1.920911e-02 7.618479e-02 2.308996e-02 2.767301e-01 3.823969e-02 3.205098e-02 1.845535e-01 1.567903e-01 5.079005e-01 1.447074e-01 1.636710e-01 3.482246e-01 5.988908e-01 1.115239e-02
<GCONST> 5.531757e+01
<MIXTURE> 2 4.623763e-01
<MEAN> 39
 -6.456435e+00 -6.785271e-02 -1.681526e+00 2.163888e+00 -2.105759e+01 6.499869e+00 -1.735054e+01 -9.834268e+00 -5.061803e-01 -8.959122e+00 9.192123e-01 -2.224082e+00 4.216897e+01 1.010121e+00 1.221955e+00 4.812757e-01 -7.515210e-02 -1.509706e+00 -2.442079e+00 -1.816289e+00 -8.552288e-01 -9.700893e-01 -1.243481e+00 -6.800274e-01 5.246032e-02 3.290137e-01 -4.435677e-02 -1.305444e-01 -2.062461e-01 1.081998e-01 1.095622e-01 2.254074e-01 3.539494e-01 4.921933e-01 3.986873e-01 -9.460759e-03 -1.761474e-01 -2.970815e-01 -3.802782e-02
<VARIANCE> 39
 1.419945e+01 2.361513e+01 1.195458e+01 4.794384e+00 2.058739e+01 5.428074e+01 3.968842e+01 1.491294e+01 1.807962e+01 1.904873e+01 1.782014e+01 5.339616e+00 2.690346e+00 7.449407e-01 1.527359e+00 1.120014e+00 3.728999e-01 7.715841e-01 1.985011e+00 2.249742e+00 2.260514e+00 3.834043e+00 1.374787e+00 1.910613e+00 1.028822e+00 1.523690e-01 1.751858e-01 4.044792e-01 3.507185e-01 6.409562e-02 2.709296e-01 7.383314e-01 7.665183e-01 1.452990e-01 5.569347e-01 5.283345e-01 3.276228e-01 6.123158e-02 2.804392e-02
<GCONST> 8.914265e+01
<MIXTURE> 3 2.348726e-01
<MEAN> 39
 -7.090255e+00 -6.057841e+00 -8.203037e+00 -1.216715e+00 -2.062612e+01 1.209549e+01 -9.866158e+00 -3.176391e+00 5.167083e+00 -7.170743e+00 1.209401e+00 -2.307353e+00 4.317477e+01 2.144424e-01 -2.947001e-01 -1.756946e-01 -6.249360e-01 -4.463862e-01 -3.003114e-01 2.067118e-01 3.639464e-02 -8.306642e-01 -1.049379e+00 3.440087e-01 -1.706505e-01 2.323892e-01 -1.421161e-01 2.566587e-02 4.836855e-01 5.187997e-01 4.482663e-01 1.726734e-01 -9.555541e-02 3.837940e-01 1.701260e-01 9.375180e-02 -8.578727e-02 -4.235960e-01 -3.483516e-02
<VARIANCE> 39
 6.283365e+00 6.119617e+00 2.042527e+01 1.334357e+01 1.576826e+01 2.434429e+01 2.073735e+01 5.039727e+00 1.132951e+01 3.886141e+01 6.698480e+01 4.159007e+01 1.144433e+00 1.695490e-01 2.690534e-01 5.084960e-01 1.180989e+00 2.450325e+00 1.142495e+00 1.444951e+00 1.255826e+00 1.586342e+00 1.298806e+00 6.788792e-01 1.484973e+00 1.114956e-01 9.253600e-02 7.607129e-02 1.716096e-01 1.041346e-01 1.461252e-01 4.598632e-01 3.154573e-01 2.683092e-01 1.873849e-01 3.662958e-01 5.166682e-01 6.415503e-01 1.163442e-02
<GCONST> 7.986651e+01
<STATE> 4
<NUMMIXES> 3
<MIXTURE> 1 1.524371e-01
<MEAN> 39
 -6.926054e+00 -8.131270e+00 -5.873122e+00 1.891780e+00 -1.796846e+01 1.274212e+01 -1.117943e+01 1.888873e+00 1.683670e+00 -1.316864e+01 1.128302e+00 -2.146204e+00 4.425508e+01 6.640638e-02 -5.669039e-01 -1.290229e-01 7.029293e-02 -3.098774e-01 4.169058e-01 1.373127e+00 2.387386e+00 6.362053e-01 -1.046550e+00 1.209623e-01 9.577342e-01 4.610367e-01 -2.949545e-01 -7.197170e-02 2.913678e-01 4.185788e-01 5.581481e-01 1.995207e-01 7.581853e-02 -2.021571e-01 3.772655e-01 6.925566e-01 1.570360e-01 -1.725868e-02 -7.974365e-02
<VARIANCE> 39
 2.127574e+00 3.211900e-01 2.832528e+00 9.497314e-01 2.573965e+00 1.561034e+01 4.071549e+01 4.266769e+00 6.492716e+00 6.374215e-01 1.196459e+01 6.943046e+00 3.779402e-01 3.996907e-02 3.703444e-02 2.572035e-02 1.834985e-01 3.498629e-01 8.122348e-02 1.639470e-01 7.001365e-01 1.529831e-01 8.185299e-02 5.247717e-01 4.115815e+00 7.098470e-03 1.631285e-02 1.545013e-02 2.075617e-02 1.275358e-01 3.196669e-02 4.414464e-02 4.016232e-01 1.287775e-01 1.942157e-02 2.034112e-01 2.333978e-01 1.791450e-01 5.052395e-04
<GCONST> 1.980440e+01
<MIXTURE> 2 4.087551e-01
<MEAN> 39
 -5.041690e+00 -2.323444e+00 -6.378388e+00 1.359309e+00 -2.271307e+01 7.394621e+00 -1.331797e+01 -4.486218e+00 5.081493e+00 -8.514479e+00 1.203821e-01 -4.978425e+00 4.313010e+01 -2.141089e-01 9.779686e-03 2.562716e-01 4.358534e-01 3.700500e-01 2.285387e-01 2.567512e-01 1.719329e-01 3.542223e-01 -1.469667e+00 -1.433442e+00 -9.803022e-01 -1.304944e-01 -2.252540e-01 -1.807926e-01 1.008077e-01 -1.624823e-01 3.347630e-01 3.058744e-01 3.208151e-03 -8.199105e-02 -1.785311e-01 4.739873e-02 8.260731e-02 1.677923e-01 -3.738522e-02
<VARIANCE> 39
 1.069044e+01 2.609505e+01 1.764666e+01 5.396137e+00 3.599330e+01 6.029296e+01 5.506235e+01 1.153424e+01 2.135500e+01 3.122593e+01 3.944963e+01 1.528189e+01 1.476624e+00 9.631733e-02 1.506387e-01 9.481021e-01 1.034992e+00 1.625050e+00 6.276776e-01 1.489519e+00 1.919518e+00 7.650383e-01 1.241723e+00 1.252844e+00 1.103977e+00 1.054198e-02 1.762355e-02 6.993832e-03 7.306273e-02 1.283326e-01 2.500033e-01 2.681414e-01 3.821380e-01 1.630566e-01 2.815173e-01 3.425032e-01 6.315179e-01 2.594984e-01 3.329935e-03
<GCONST> 7.283249e+01
<MIXTURE> 3 4.388079e-01
<MEAN> 39
 -8.077885e+00 -5.238533e+00 -5.545606e+00 1.358117e+00 -1.907162e+01 1.246107e+01 -8.914366e+00 -1.439011e-01 6.234911e+00 -8.815103e+00 1.249645e-01 -4.030450e+00 4.265380e+01 -1.521316e-01 1.123077e-01 3.364688e-01 1.673796e-02 -9.852003e-02 3.826529e-01 5.067430e-01 5.179545e-01 2.829414e-01 7.652690e-01 6.806170e-01 -1.300267e-02 -7.252305e-02 1.238366e-02 -6.828965e-02 -1.028341e-01 3.178924e-02 2.695935e-01 2.127118e-01 3.896342e-02 -2.383495e-01 -6.581353e-02 1.112983e-01 5.409671e-02 -1.691248e-01 -1.844082e-02
<VARIANCE> 39
 3.456603e+00 6.161267e+00 1.705415e+01 9.420300e+00 3.679681e+00 4.911269e+00 6.037385e+00 1.002850e+01 4.061678e+00 2.285972e+01 1.532136e+01 2.148107e+01 2.511744e+00 1.200296e-01 2.698682e-01 3.840741e-01 3.642702e-01 2.080827e+00 2.829451e-01 7.289124e-01 8.792572e-01 2.758437e-01 1.551163e+00 2.153036e+00 9.468847e-01 3.989886e-02 2.914533e-02 1.106645e-02 6.081305e-02 1.120391e-01 4.145302e-02 1.121276e-01 2.336913e-01 2.485161e-01 1.078462e-01 4.767673e-01 7.226837e-01 2.754265e-01 4.010119e-03
<GCONST> 5.698550e+01
<TRANSP> 5
 0.000000e+00 1.000000e+00 0.000000e+00 0.000000e+00 0.000000e+00
 0.000000e+00 9.037873e-01 9.621270e-02 0.000000e+00 0.000000e+00
 0.000000e+00 0.000000e+00 5.589543e-01 4.410457e-01 0.000000e+00
 0.000000e+00 0.000000e+00 0.000000e+00 5.889540e-01 4.110459e-01
 0.000000e+00 0.000000e+00 0.000000e+00 0.000000e+00 0.000000e+00
<ENDHMM>
~h "d-uw+ah"
<BEGINHMM>
<NUMSTATES> 5
<STATE> 2
<NUMMIXES> 3
<MIXTURE> 1 2.599170e-01
<MEAN> 39
 8.075553e+00 -9.268408e+00 -6.469654e+00 -7.978280e-01 -1.220581e+01 1.713866e+01 -1.800893e+01 9.038666e+00 1.355406e+01 -1.489211e+01 -4.465664e+00 -9.088261e+00 5.639647e+01 -4.197335e-01 5.128785e-01 -6.059474e-01 6.460558e-01 1.021893e+00 4.056918e-01 1.416334e+00 -7.199684e-02 -5.108109e-01 -1.184724e+00 6.535938e-01 2.472089e+00 -7.802454e-01 -6.902658e-03 -1.110614e-02 -6.006039e-02 1.988071e-01 -1.214221e-01 2.845875e-01 5.773826e-01 -4.791961e-01 -1.505675e-01 9.828240e-01 6.510615e-01 2.087642e-01 -4.715079e-02
<VARIANCE> 39
 3.444035e+00 7.394386e+00 1.137404e+01 1.607066e+01 3.142703e+00 4.926840e+00 2.954889e+00 8.646708e+00 1.513856e+00 1.206236e+01 3.547377e+00 3.322147e+00 7.026926e-01 8.185489e-03 1.667932e-01 1.411632e-01 8.537831e-02 2.141110e-01 6.862304e-02 5.690855e-01 2.570221e-01 1.584334e-01 5.901932e-01 8.416448e-01 1.037605e+00 2.562434e-03 1.881653e-02 3.886415e-02 1.144188e-01 6.544921e-02 2.277487e-01 1.134619e-01 1.781110e-01 6.948041e-03 1.011455e-01 4.115383e-01 2.740727e-02 2.917340e-01 1.495023e-03
<GCONST> 2.851339e+01
<MIXTURE> 2 2.616543e-01
<MEAN> 39
 6.349002e+00 -7.895319e+00 -4.197439e+00 1.453729e+00 -1.076162e+01 1.568028e+01 -1.917676e+01 -3.350382e+00 1.286925e+00 -1.616858e+01 -4.497146e+00 -1.118426e+01 5.519420e+01 -8.541020e-01 4.028091e-01 -5.580334e-01 1.761317e-01 -3.790004e-01 2.624094e-01 -4.818237e-01 -1.355789e+00 -1.878935e+00 -2.062991e+00 5.072043e-03 -1.624716e+00 -1.090688e+00 -7.985569e-03 3.516635e-02 -9.174027e-03 -7.003187e-01 -7.088180e-01 5.022656e-02 7.989641e-01 6.663916e-01 2.402712e-01 4.742266e-01 3.170685e-01 -1.195586e-01 8.009057e-02
<VARIANCE> 39
 2.668918e+01 3.636932e+01 4.299239e+01 7.317020e+01 9.489002e+00 1.638345e+01 7.603724e+01 7.825734e+00 1.763332e+01 3.184621e+01 3.847347e+00 4.447782e+00 3.602932e+01 5.058830e-01 3.341482e-02 8.510363e-01 6.243011e-01 8.506669e-01 8.655128e-01 7.385588e-02 1.708766e+00 1.512387e+00 2.031291e+00 4.194663e-01 2.603281e-01 1.044997e-01 5.298726e-03 1.791075e-01 2.474800e-01 3.689856e-02 5.464209e-01 1.012007e-01 3.115847e-01 6.287166e-02 1.940304e-01 2.570782e-01 6.171501e-02 6.932863e-02 7.443477e-03
<GCONST> 6.852295e+01
<MIXTURE> 3 4.784288e-01
<MEAN> 39
 6.803504e+00 -1.197847e+01 -8.668964e+00 -5.076539e+00 -1.531507e+01 1.809457e+01 -1.679652e+01 6.467494e+00 1.096250e+01 -1.011755e+01 -8.159582e-01 -1.392407e+01 5.642122e+01 -4.200589e-01 6.200779e-01 -4.505632e-01 3.483325e-01 9.941127e-01 2.251658e-01 -3.443045e-01 6.970792e-02 1.198285e-01 -8.649035e-01 7.453956e-02 8.818591e-01 -6.294036e-01 -1.410067e-02 3.511931e-02 4.356948e-03 1.313055e-01 3.306315e-01 6.471913e-02 -1.588527e-02 -2.965963e-01 2.326268e-02 3.854392e-01 4.648265e-02 1.074764e-01 -2.349295e-02
<VARIANCE> 39
 2.137543e+00 5.265043e+00 8.387573e+00 3.628432e+00 1.306033e+01 1.675993e+00 6.291381e+00 4.601940e+00 3.750833e+00 4.018313e+00 1.080772e+01 3.062856e+01 2.339001e+00 6.158033e-02 2.237041e-01 3.693363e-01 9.263732e-01 1.775732e+00 9.962899e-02 1.276609e-01 1.540021e+00 3.969415e-01 7.296202e-01 1.730425e+00 2.043902e+00 2.350756e-03 1.679350e-02 4.052862e-02 5.789744e-02 1.695486e-01 2.962160e-01 1.207169e-02 1.218040e-01 7.997815e-02 1.168104e-01 6.249820e-02 2.880235e-01 8.907447e-01 1.192703e-02
<GCONST> 4.569460e+01
<STATE> 3
<NUMMIXES> 3
<MIXTURE> 1 1.843645e-01
<MEAN> 39
 8.326358e+00 -6.819586e+00 -6.243079e+00 2.113024e+00 -1.159687e+01 1.960692e+01 -9.657535e+00 8.978235e+00 1.248879e+01 -1.246148e+01 -8.128208e-01 -1.443677e+00 5.467909e+01 -1.140405e+00 -5.786840e-01 -1.214217e+00 1.013527e+00 1.917924e+00 2.034669e+00 3.029518e+00 -3.238272e-01 1.231306e+00 3.610590e+00 1.281716e+00 1.124943e+00 -9.253042e-01 -3.262267e-01 -3.423237e-01 4.470442e-02 1.428086e-01 3.804425e-01 1.689350e-01 -3.353182e-01 -8.995663e-02 9.743501e-02 2.812298e-01 9.875594e-02 -4.402664e-01 -1.936601e-02
<VARIANCE> 39
 4.551714e-01 1.516149e+00 4.285072e+00 2.825547e+00 8.956362e-01 1.898548e+00 1.306192e+01 2.956352e-02 1.598996e+01 3.211672e+01 5.985095e+00 7.026271e+00 4.586520e-01 2.389774e-01 2.295741e-01 1.862593e-03 2.013776e-01 6.751330e-01 1.052647e-01 1.517841e-01 8.863013e-02 2.957397e-01 8.223453e-01 1.607024e-01 6.863149e-01 3.726283e-03 4.933862e-03 2.270462e-03 2.986808e-02 1.793897e-02 4.249881e-02 1.140289e-01 3.159000e-01 2.866177e-03 2.361901e-01 1.333092e+00 3.794639e-02 3.071290e-02 6.581393e-04
<GCONST> 9.121265e+00
<MIXTURE> 2 4.097622e-01
<MEAN> 39
 6.656322e+00 -6.239198e+00 -8.207501e+00 -5.072413e+00 -1.728736e+01 1.519343e+01 -1.984174e+01 -4.923391e+00 -2.468554e+00 -1.794186e+01 -2.756524e+00 -1.451447e+01 5.424516e+01 -1.585427e+00 1.416649e+00 4.898237e-01 1.427474e+00 -8.523206e-01 -7.707937e-01 8.084523e-01 -7.937028e-01 2.424746e-01 1.623622e+00 2.113884e-01 -3.056932e-01 -1.858068e+00 -4.042880e-01 -2.305034e-01 -4.594082e-02 4.098906e-01 4.342025e-01 -1.518295e-01 1.114817e-01 2.645346e-01 6.427771e-01 5.915620e-01 4.581207e-02 4.738033e-01 -2.236588e-01
<VARIANCE> 39
 8.073071e+00 9.375555e+00 5.093194e+00 1.395867e+01 2.449306e+01 8.826406e+00 4.182642e+00 1.955154e+01 4.906273e+01 3.509189e+01 1.344268e+01 9.397475e+00 9.530148e+00 5.925187e-01 5.951540e-01 3.608305e-01 2.469725e+00 3.330987e+00 1.113988e+00 6.298629e-01 2.869626e-01 1.425070e+00 7.167762e-01 7.335104e-01 6.487437e-01 4.476304e-01 4.134599e-02 3.169837e-01 2.060101e-01 2.999539e-01 4.031835e-01 3.728036e-01 1.020822e-01 7.622953e-02 1.435760e-01 4.046042e-01 6.829596e-02 1.025290e-01 7.906814e-02
<GCONST> 7.729583e+01
<MIXTURE> 3 4.058734e-01
<MEAN> 39
 -1.688819e+00 -1.893886e+00 -1.396720e+00 6.779363e+00 -1.439529e+01 1.440414e+01 -1.296421e+01 -2.398793e+00 4.822473e+00 -1.028926e+01 -2.036841e+00 -1.170506e+01 4.650255e+01 -1.633504e+00 -9.425890e-01 -8.391110e-01 2.693596e-01 4.960130e-01 2.470804e-01 7.101249e-01 6.904601e-01 1.314857e+00 1.460829e+00 8.541065e-01 7.424224e-01 -1.140555e+00 9.950379e-02 -5.532019e-01 -3.995220e-01 -4.994293e-01 9.941443e-02 5.183291e-01 1.729645e-01 1.292396e-01 -4.897085e-02 -5.790447e-02 3.002327e-01 5.158305e-01 2.368245e-01
<VARIANCE> 39
 1.274452e+01 1.832678e+01 6.262282e+01 2.274433e+01 3.076494e+01 1.831083e+01 4.111273e+01 1.496867e+01 2.077270e+01 9.455585e+00 6.802670e+00 9.558908e+00 1.108897e+01 3.803167e-01 6.464759e-01 7.494777e-01 2.219888e+00 1.874294e+00 7.606912e-01 3.099382e-01 9.265865e-01 1.021327e+00 1.252056e+00 4.958758e-01 1.281739e+00 3.019845e-01 1.354105e-01 1.087089e-01 1.676305e-01 9.508540e-02 1.257215e-01 1.961223e-01 2.418204e-02 2.204895e-01 2.285792e-01 7.519140e-02 2.626400e-02 6.277750e-02 1.124390e-01
<GCONST> 7.586684e+01
<STATE> 4
<NUMMIXES> 3
<MIXTURE> 1 1.406405e-01
<MEAN> 39
 -3.420042e+00 -8.262621e+00 -5.492260e+00 8.469434e+00 -8.402483e+00 2.026171e+01 -1.038279e+01 3.050777e-01 1.133264e+01 -3.268481e+00 1.644012e+00 -4.325850e+00 4.689694e+01 -1.280003e+00 -4.076798e-01 2.552401e-01 7.920179e-01 5.410417e-01 -3.427872e-02 5.302556e-01 4.610190e-01 7.560654e-01 1.228821e+00 1.683298e-01 -4.753229e-01 -7.328006e-01 1.270201e-01 -1.033484e-01 -3.858678e-01 -4.206629e-01 -3.431032e-02 1.864630e-01 -3.760812e-02 2.141140e-01 9.882186e-02 -8.588166e-01 4.354614e-02 2.898516e-01 4.433978e-02
<VARIANCE> 39
 2.523904e+01 1.710717e+00 5.388348e+00 3.879982e+00 1.428983e+01 1.659993e+01 2.863811e+01 4.892701e+01 3.162362e+01 9.797939e+00 3.590940e+00 5.772016e+00 1.443710e+01 1.133975e-01 4.386203e-01 1.341826e+00 6.957775e-01 1.638459e+00 1.708329e+00 2.289513e-01 1.447393e+00 6.778647e-01 1.115741e+00 5.318141e-01 8.700866e-01 3.128160e-02 1.435420e-02 5.076046e-02 2.678131e-01 1.113223e-01 2.241473e-01 4.695852e-01 7.657045e-01 4.244989e-01 5.718678e-01 3.294660e-01 3.196077e-02 6.281774e-02 5.597442e-03
<GCONST> 6.779674e+01
<MIXTURE> 2 5.000162e-01
<MEAN> 39
 -4.688336e+00 -8.998859e+00 -9.295455e+00 4.933879e+00 -9.879539e+00 1.937117e+01 -1.217375e+01 -2.979167e+00 6.639041e+00 -8.081676e+00 2.019058e+00 -4.317361e+00 4.549551e+01 -9.054539e-01 1.717981e-01 1.838679e-01 -3.256270e-01 -1.079456e+00 -4.807782e-01 4.448716e-01 -1.204378e+00 -1.079991e+00 -5.240340e-01 -2.258135e-01 7.611772e-01 -7.043434e-01 2.204735e-01 2.871707e-01 1.978270e-01 -2.512968e-01 -5.068619e-01 -4.946491e-01 -2.850158e-01 -9.477270e-02 -8.092351e-02 -2.292219e-02 -2.302244e-01 -2.106419e-01 1.212894e-01
<VARIANCE> 39
 7.937633e+00 2.215706e+00 5.253094e+00 7.210473e+00 2.263505e+01 1.059492e+01 2.174656e+01 2.856419e+01 3.038706e+01 1.461945e+01 1.561505e+01 1.782900e+01 4.797754e+00 7.811389e-01 5.483947e-01 4.703536e-01 1.157992e+00 1.364190e+00 1.882652e+00 3.483552e+00 2.071885e+00 7.498160e-01 9.286917e-01 1.486859e+00 1.613529e+00 4.104757e-01 5.773079e-02 8.641482e-02 9.054567e-02 1.358487e-01 1.742848e-01 3.391073e-01 4.476441e-01 3.660263e-01 3.870051e-01 4.366517e-01 1.866591e-01 1.508293e-01 4.433704e-02
<GCONST> 8.167102e+01
<MIXTURE> 3 3.593434e-01
<MEAN> 39
 -4.878274e+00 -9.366179e+00 -8.582835e+00 5.760947e+00 -9.602790e+00 2.046370e+01 -1.088701e+01 -1.762435e+00 9.902059e+00 -6.570693e+00 1.705968e+00 -4.672410e+00 4.560407e+01 -1.002341e+00 -2.333467e-01 -1.741255e-01 -4.336305e-01 -6.116803e-01 1.232191e-01 -1.692816e-01 -1.170581e+00 -9.866059e-01 -4.235131e-02 -2.593005e-02 3.372178e-01 -7.103058e-01 2.282461e-01 2.308943e-01 2.913091e-01 -9.339147e-02 -3.157896e-01 -2.637771e-01 -8.787438e-02 -5.366205e-02 -2.666813e-01 -1.199154e-01 -1.483838e-01 2.206025e-02 1.427924e-01
<VARIANCE> 39
 1.701676e+01 5.423745e+00 9.285593e+00 6.954726e+00 2.069382e+01 1.087087e+01 1.687398e+01 3.947752e+01 1.203444e+01 1.534615e+01 7.732414e+00 1.305787e+01 9.823883e+00 5.604792e-01 1.030236e+00 1.741854e+00 1.223339e+00 1.339980e+00 1.568288e+00 2.162156e+00 1.585149e+00 1.642998e+00 1.368075e+00 1.131720e+00 2.088120e+00 2.920823e-01 4.801390e-02 4.430102e-02 1.025590e-01 2.376888e-01 2.180865e-01 3.382670e-01 4.421668e-01 6.714761e-01 4.383922e-01 3.785664e-01 8.783105e-02 1.801890e-01 3.828202e-02
<GCONST> 8.413362e+01
<TRANSP> 5
 0.000000e+00 1.000000e+00 0.000000e+00 0.000000e+00 0.000000e+00
 0.000000e+00 6.837556e-01 3.162444e-01 0.000000e+00 0.000000e+00
 0.000000e+00 0.000000e+00 7.490270e-01 2.509730e-01 0.000000e+00
 0.000000e+00 0.000000e+00 0.000000e+00 8.404432e-01 1.595568e-01
 0.000000e+00 0.000000e+00 0.000000e+00 0.000000e+00 0.000000e+00
<ENDHMM>
~h "sil"
<BEGINHMM>
<NUMSTATES> 5
<STATE> 2
<NUMMIXES> 3
<MIXTURE> 1 2.740258e-01
<MEAN> 39
 -8.710448e+00 -3.140740e+00 -2.269886e+00 3.211508e+00 -1.830273e+01 9.997618e+00 -1.340907e+01 -4.109396e+00 4.430098e+00 -6.613513e+00 2.546392e+00 -3.537683e+00 4.175568e+01 -4.329272e-01 -7.814198e-02 3.617737e-01 6.226028e-01 1.013873e+00 8.996906e-01 6.211284e-01 4.611048e-01 2.593286e-01 3.800086e-01 5.304945e-01 1.963125e-01 -2.117505e-01 9.775758e-02 1.180107e-01 4.743195e-02 2.095059e-01 2.233745e-01 2.797294e-01 4.242187e-01 2.773287e-01 1.693157e-01 5.550740e-02 -2.259582e-01 9.017015e-02 3.284139e-02
<VARIANCE> 39
 1.568731e+00 6.181408e+00 1.222741e+01 1.917220e+01 1.814107e+01 1.123499e+01 8.600400e+00 1.297143e+01 8.683610e+00 1.899363e+01 1.553750e+01 7.879510e+00 3.328089e-01 2.398421e-01 4.124369e-01 2.305705e-01 4.321863e-01 1.042065e+00 1.158432e+00 1.322103e+00 2.062970e+00 3.455840e-01 2.476162e+00 1.123655e+00 2.949075e-01 5.858586e-02 2.241698e-02 5.717310e-02 6.418772e-02 7.028554e-02 1.855318e-01 1.782973e-01 2.084345e-01 3.580883e-01 7.003184e-02 3.250778e-01 3.484714e-01 1.145797e-01 9.893971e-03
<GCONST> 6.104163e+01
<MIXTURE> 2 4.060426e-01
<MEAN> 39
 -6.013186e+00 -1.604150e+00 -4.651597e+00 8.969125e-02 -2.395229e+01 6.664922e+00 -1.488670e+01 -7.618897e+00 2.315771e+00 -7.791171e+00 2.814030e+00 -6.451897e-01 4.261964e+01 -3.805714e-01 -2.163882e-01 2.581381e-02 4.960794e-02 5.071324e-01 1.575713e-01 -2.194090e-01 6.563533e-03 -6.958219e-02 7.260060e-02 -3.339479e-01 -4.845072e-01 -1.741779e-01 -6.567712e-02 -1.064369e-02 4.370521e-02 1.756368e-02 5.911427e-02 -3.309714e-02 -5.467358e-03 5.417355e-02 1.595055e-02 9.030039e-02 1.340921e-01 8.530831e-02 -2.861832e-02
<VARIANCE> 39
 4.621549e+00 8.133378e+00 3.866991e+00 5.836451e+00 1.110571e+01 1.339261e+01 1.668962e+01 1.545959e+01 1.345167e+01 1.480432e+01 1.334689e+01 1.225490e+01 6.310555e-01 9.660648e-02 1.450540e-01 4.703163e-01 9.560798e-01 6.969036e-01 7.117478e-01 8.164172e-01 1.035089e+00 9.031528e-01 1.186226e+00 1.909407e+00 1.277578e+00 4.931518e-02 1.370120e-02 3.682562e-02 1.210025e-01 1.496108e-01 1.513240e-01 1.010989e-01 1.538626e-01 2.166822e-01 1.055075e-01 1.390766e-01 1.745594e-01 1.166638e-01 7.204351e-03
<GCONST> 5.868798e+01
<MIXTURE> 3 3.199316e-01
<MEAN> 39
 -7.173717e+00 -2.715616e+00 -3.914856e+00 3.269227e-01 -2.174586e+01 7.872118e+00 -1.440957e+01 -6.386500e+00 3.296700e+00 -5.711860e+00 5.313640e+00 3.721935e-01 4.260303e+01 -3.770684e-01 -2.244374e-01 2.444038e-01 2.609546e-01 4.253557e-01 1.066141e-01 1.851292e-01 3.719159e-01 4.569770e-01 9.542992e-02 -3.513547e-02 -1.856671e-01 -1.587236e-01 4.561475e-02 1.220361e-02 4.790357e-03 4.923952e-02 4.257394e-02 1.537219e-01 1.634808e-01 9.064849e-02 -7.571525e-03 -7.479986e-02 -8.784147e-02 -9.358478e-02 1.180467e-02
<VARIANCE> 39
 4.138933e+00 7.819623e+00 4.982893e+00 1.106903e+01 1.471798e+01 1.427845e+01 1.597766e+01 2.404329e+01 2.270837e+01 2.125530e+01 1.612081e+01 1.339122e+01 7.995064e-01 9.252003e-02 2.582092e-01 3.323178e-01 7.767947e-01 8.833713e-01 1.151369e+00 7.901657e-01 1.019636e+00 1.135454e+00 1.012415e+00 1.163827e+00 8.060576e-01 4.029034e-02 1.282982e-02 3.156119e-02 7.470184e-02 1.418656e-01 1.193053e-01 1.866805e-01 8.707453e-02 1.788817e-01 2.099679e-01 2.464951e-01 2.458905e-01 1.382314e-01 6.505166e-03
<GCONST> 6.166629e+01
<STATE> 3
~s "silst"
<STATE> 4
<NUMMIXES> 3
<MIXTURE> 1 1.386655e-01
<MEAN> 39
 -9.990207e+00 -4.258194e+00 -3.937905e+00 3.016341e+00 -1.878730e+01 1.355025e+01 -8.901408e+00 -1.197898e+00 6.446828e+00 -7.372617e+00 -1.391117e+00 -7.036165e+00 4.059368e+01 -2.127247e-02 8.425673e-02 3.299472e-01 4.638427e-01 5.292974e-01 6.063675e-01 5.840835e-01 5.139040e-01 1.654700e-01 3.391695e-01 2.864917e-01 5.211303e-01 -3.357019e-02 6.076458e-02 1.059187e-01 6.880479e-02 4.260684e-02 4.359425e-03 -9.621586e-02 -6.183410e-02 -1.236712e-01 -4.919587e-02 1.023529e-01 2.213245e-01 3.225828e-01 2.106955e-02
<VARIANCE> 39
 7.090616e-01 2.468422e+00 5.753798e+00 8.298369e+00 1.540849e+01 1.166989e+01 8.334946e+00 1.417996e+01 1.458158e+01 5.614283e+00 1.313616e+01 1.576543e+01 3.389189e-01 1.014082e-01 2.054484e-01 3.553589e-01 6.115357e-01 8.024982e-01 1.164942e+00 9.278671e-01 1.049615e+00 7.352211e-01 1.317930e+00 9.972665e-01 1.365430e+00 2.278562e-02 2.271912e-02 2.926237e-02 7.305674e-02 1.597979e-01 2.693239e-01 3.038516e-01 2.011227e-01 1.988881e-01 2.646325e-01 1.796647e-01 2.592637e-01 3.699909e-01 4.693942e-03
<GCONST> 5.748756e+01
<MIXTURE> 2 4.460660e-01
<MEAN> 39
 -9.887654e+00 -3.561521e+00 -3.664657e+00 3.113319e+00 -1.866588e+01 1.304095e+01 -8.732123e+00 -1.976969e+00 5.513983e+00 -7.295338e+00 -2.118894e-01 -5.557424e+00 4.047855e+01 -4.421216e-02 -2.872286e-02 -1.203232e-01 -1.991347e-01 -2.010925e-01 -2.395716e-01 -1.752571e-01 -2.168998e-01 -1.535546e-01 -3.277594e-01 -3.162646e-01 -3.001588e-01 -3.099705e-02 -3.362723e-03 -3.962379e-02 -2.560405e-02 1.580688e-03 1.259094e-02 1.031967e-02 -4.960510e-02 -9.440168e-03 -3.952404e-02 -5.876935e-02 -6.441707e-02 -4.254950e-02 3.045725e-03
<VARIANCE> 39
 6.268294e-01 1.847966e+00 2.404205e+00 4.996325e+00 6.854580e+00 6.711229e+00 7.856990e+00 1.089917e+01 1.105474e+01 1.116629e+01 9.557667e+00 1.500317e+01 2.833478e-01 4.604588e-02 1.309324e-01 3.053901e-01 5.320564e-01 7.885273e-01 7.821503e-01 7.134059e-01 1.224790e+00 1.344337e+00 1.175889e+00 9.312432e-01 1.501040e+00 1.270068e-02 9.569466e-03 2.857677e-02 5.750930e-02 1.201901e-01 1.582965e-01 1.742586e-01 1.813091e-01 2.550386e-01 2.449117e-01 2.766105e-01 1.937732e-01 3.695015e-01 2.654106e-03
<GCONST> 4.888584e+01
<MIXTURE> 3 4.152677e-01
<MEAN> 39
 -9.977657e+00 -3.743141e+00 -3.493030e+00 3.956235e+00 -1.774612e+01 1.346203e+01 -9.014113e+00 -2.243119e+00 5.101002e+00 -7.687570e+00 -5.242368e-01 -5.086978e+00 4.042240e+01 -1.903840e-02 4.049297e-02 6.787046e-02 8.130825e-02 7.126769e-02 6.958683e-02 1.423337e-01 1.628980e-01 9.090639e-02 1.701216e-01 1.448118e-01 1.413780e-01 -2.093532e-02 8.458049e-03 1.485545e-02 -1.151674e-02 -7.341000e-02 -9.059289e-02 -3.243900e-02 2.301659e-02 2.593480e-02 4.881939e-02 3.206660e-02 2.192634e-02 -4.746377e-02 7.152478e-03
<VARIANCE> 39
 6.204836e-01 1.857590e+00 3.054148e+00 5.317765e+00 7.554270e+00 6.499370e+00 7.237476e+00 1.026216e+01 1.012484e+01 1.028768e+01 8.608924e+00 1.017062e+01 3.001251e-01 4.501810e-02 1.462192e-01 2.641954e-01 5.131821e-01 7.574701e-01 5.855579e-01 7.918262e-01 1.101911e+00 1.209918e+00 1.262909e+00 8.669308e-01 1.401167e+00 1.165764e-02 8.344822e-03 2.894977e-02 6.204059e-02 1.079888e-01 1.599210e-01 1.466642e-01 1.438047e-01 2.323346e-01 2.636727e-01 3.189931e-01 1.782952e-01 2.715221e-01 2.323141e-03
<GCONST> 4.686479e+01
<TRANSP> 5
 0.000000e+00 1.000000e+00 0.000000e+00 0.000000e+00 0.000000e+00
 0.000000e+00 8.377473e-01 2.369015e-19 1.622527e-01 0.000000e+00
 0.000000e+00 0.000000e+00 8.465536e-19 1.000000e+00 0.000000e+00
 0.000000e+00 2.338166e-03 0.000000e+00 9.657726e-01 3.188924e-02
 0.000000e+00 0.000000e+00 0.000000e+00 0.000000e+00 0.000000e+00
<ENDHMM>
~h "uw-ah"
<BEGINHMM>
<NUMSTATES> 5
<STATE> 2
<NUMMIXES> 3
<MIXTURE> 1 1.232998e-01
<MEAN> 39
 -1.014277e+01 -4.058017e+00 -4.815243e-01 7.642558e+00 -1.387381e+01 1.402743e+01 -1.048746e+01 -2.551741e+00 4.927571e+00 -8.843376e+00 -2.335080e+00 -5.040462e+00 4.114805e+01 -7.030448e-02 -2.335955e-01 -4.975776e-01 -4.176019e-01 1.166699e-01 7.212532e-01 6.769259e-01 1.144440e-01 6.132556e-01 7.512373e-01 7.781050e-01 1.276516e+00 -5.307319e-03 1.190803e-01 1.019917e-01 4.231068e-02 -1.850998e-01 -1.763934e-01 2.589296e-02 3.243963e-01 7.521337e-02 -3.443381e-01 -1.760266e-01 -1.463739e-02 -1.629914e-01 6.649331e-02
<VARIANCE> 39
 1.810530e+00 4.910097e+00 5.797165e+00 5.463192e+00 1.202460e+01 1.010537e+01 7.971473e+00 9.858419e+00 1.308794e+01 1.325041e+01 1.882320e+01 2.022021e+01 1.360842e+00 1.127953e-01 3.340578e-01 1.211374e+00 1.484383e+00 1.074175e+00 6.860030e-01 8.815851e-01 1.444930e+00 2.219300e+00 6.597731e-01 1.075939e+00 1.638513e+00 5.173345e-02 1.267470e-02 7.580916e-02 1.239309e-01 7.462697e-02 1.610577e-01 1.070251e-01 1.329376e-01 1.882748e-01 2.915910e-01 3.262919e-01 1.839797e-01 5.485182e-01 4.510419e-03
<GCONST> 6.369225e+01
<MIXTURE> 2 4.829990e-01
<MEAN> 39
 -9.441978e+00 -3.503362e+00 -2.429760e+00 4.383964e+00 -1.801825e+01 1.194197e+01 -1.062234e+01 -3.488003e+00 3.862489e+00 -8.243317e+00 3.815079e-01 -4.046450e+00 4.117155e+01 -6.463258e-02 -6.639142e-02 -1.984897e-01 -3.968312e-01 -3.518658e-01 -3.686623e-01 -1.794587e-01 1.792048e-01 1.269999e-01 -1.068696e-01 -2.419026e-01 -2.319642e-01 -3.965692e-02 -1.934928e-02 -3.465881e-03 3.852249e-02 6.602747e-02 8.588360e-02 1.965941e-02 -3.991348e-02 4.767139e-02 2.169194e-02 -2.280634e-02 -5.479068e-03 3.479733e-02 -5.752150e-03
<VARIANCE> 39
 2.898685e+00 3.284180e+00 5.917211e+00 5.983152e+00 9.524732e+00 1.469700e+01 2.278426e+01 1.744561e+01 1.558046e+01 8.928789e+00 1.348587e+01 1.143067e+01 1.721724e+00 9.095763e-02 1.866721e-01 3.740360e-01 6.178634e-01 1.001188e+00 1.015146e+00 1.259865e+00 9.411820e-01 1.693333e+00 9.509767e-01 1.411066e+00 1.425180e+00 4.199328e-02 9.109721e-03 3.830168e-02 6.665382e-02 1.137113e-01 2.009054e-01 2.321102e-01 3.474630e-01 3.357794e-01 3.452970e-01 1.434234e-01 3.453840e-01 3.789713e-01 2.916018e-03
<GCONST> 6.265834e+01
<MIXTURE> 3 3.937014e-01
<MEAN> 39
 -1.011239e+01 -3.328994e+00 -1.552134e+00 5.537195e+00 -1.644762e+01 1.277861e+01 -1.053724e+01 -3.211967e+00 3.716684e+00 -8.063554e+00 -5.338863e-02 -4.067849e+00 4.073269e+01 -4.004804e-02 2.959556e-03 -9.656127e-03 -6.780833e-03 -5.462461e-02 4.588455e-02 1.649022e-01 3.018038e-01 3.020008e-01 3.534687e-01 2.677260e-01 1.684650e-01 -3.178537e-02 3.073298e-02 1.312776e-02 6.249143e-03 -1.427286e-02 -6.586222e-02 -7.374351e-02 -1.191851e-02 -2.489697e-02 1.552030e-02 -4.869297e-02 3.636946e-02 3.136891e-02 2.563634e-02
<VARIANCE> 39
 2.337241e+00 2.874391e+00 7.630539e+00 7.189898e+00 1.437471e+01 1.376551e+01 1.774642e+01 1.493248e+01 1.686588e+01 1.337221e+01 2.020888e+01 1.540205e+01 1.287038e+00 7.492244e-02 2.616960e-01 5.588071e-01 6.551585e-01 1.005417e+00 1.292120e+00 1.565712e+00 1.797391e+00 1.495822e+00 8.860204e-01 1.481616e+00 1.852031e+00 2.581668e-02 1.380516e-02 5.405620e-02 9.006641e-02 1.011497e-01 1.811641e-01 1.909779e-01 2.781943e-01 2.517893e-01 3.706338e-01 1.804824e-01 3.752020e-01 4.425880e-01 3.121554e-03
<GCONST> 6.566882e+01
<STATE> 3
<NUMMIXES> 3
<MIXTURE> 1 3.027512e-01
<MEAN> 39
 -8.067085e+00 -6.617748e+00 -9.116024e+00 -2.170796e+00 -2.147449e+01 6.247738e+00 -1.440425e+01 -1.715354e+00 8.941581e+00 -9.459465e-01 6.052143e+00 1.437165e+00 4.288349e+01 8.142202e-01 -4.208316e-01 -1.912761e+00 -1.065097e+00 2.055687e-02 1.162959e+00 6.087477e-01 4.221200e-01 -4.119760e-01 1.478550e-01 1.747270e+00 1.542170e+00 5.140306e-01 6.706042e-02 1.256838e-01 1.166111e-01 3.904623e-01 4.707576e-01 3.318297e-01 1.437540e-01 -2.553332e-01 -3.787658e-01 -4.563071e-01 -7.025244e-02 -9.046554e-02 1.575548e-03
<VARIANCE> 39
 2.293120e+00 1.551807e+00 1.382178e+01 5.298343e+00 2.313997e+00 8.619444e+00 2.965503e+00 9.063580e+00 1.261478e+01 2.015224e+01 2.074082e+01 1.896388e+01 1.000149e+00 2.271494e-01 2.143636e-01 4.267352e-01 1.608227e-01 4.280591e-01 8.381624e-01 7.259203e-01 2.035664e+00 1.095126e+00 2.162406e+00 5.579705e-01 2.588197e-01 1.920911e-02 7.618479e-02 2.308996e-02 2.767301e-01 3.823969e-02 3.205098e-02 1.845535e-01 1.567903e-01 5.079005e-01 1.447074e-01 1.636710e-01 3.482246e-01 5.988908e-01 1.115239e-02
<GCONST> 5.531757e+01
<MIXTURE> 2 4.623763e-01
<MEAN> 39
 -6.456435e+00 -6.785271e-02 -1.681526e+00 2.163888e+00 -2.105759e+01 6.499869e+00 -1.735054e+01 -9.834268e+00 -5.061803e-01 -8.959122e+00 9.192123e-01 -2.224082e+00 4.216897e+01 1.010121e+00 1.221955e+00 4.812757e-01 -7.515210e-02 -1.509706e+00 -2.442079e+00 -1.816289e+00 -8.552288e-01 -9.700893e-01 -1.243481e+00 -6.800274e-01 5.246032e-02 3.290137e-01 -4.435677e-02 -1.305444e-01 -2.062461e-01 1.081998e-01 1.095622e-01 2.254074e-01 3.539494e-01 4.921933e-01 3.986873e-01 -9.460759e-03 -1.761474e-01 -2.970815e-01 -3.802782e-02
<VARIANCE> 39
 1.419945e+01 2.361513e+01 1.195458e+01 4.794384e+00 2.058739e+01 5.428074e+01 3.968842e+01 1.491294e+01 1.807962e+01 1.904873e+01 1.782014e+01 5.339616e+00 2.690346e+00 7.449407e-01 1.527359e+00 1.120014e+00 3.728999e-01 7.715841e-01 1.985011e+00 2.249742e+00 2.260514e+00 3.834043e+00 1.374787e+00 1.910613e+00 1.028822e+00 1.523690e-01 1.751858e-01 4.044792e-01 3.507185e-01 6.409562e-02 2.709296e-01 7.383314e-01 7.665183e-01 1.452990e-01 5.569347e-01 5.283345e-01 3.276228e-01 6.123158e-02 2.804392e-02
<GCONST> 8.914265e+01
<MIXTURE> 3 2.348726e-01
<MEAN> 39
 -7.090255e+00 -6.057841e+00 -8.203037e+00 -1.216715e+00 -2.062612e+01 1.209549e+01 -9.866158e+00 -3.176391e+00 5.167083e+00 -7.170743e+00 1.209401e+00 -2.307353e+00 4.317477e+01 2.144424e-01 -2.947001e-01 -1.756946e-01 -6.249360e-01 -4.463862e-01 -3.003114e-01 2.067118e-01 3.639464e-02 -8.306642e-01 -1.049379e+00 3.440087e-01 -1.706505e-01 2.323892e-01 -1.421161e-01 2.566587e-02 4.836855e-01 5.187997e-01 4.482663e-01 1.726734e-01 -9.555541e-02 3.837940e-01 1.701260e-01 9.375180e-02 -8.578727e-02 -4.235960e-01 -3.483516e-02
<VARIANCE> 39
 6.283365e+00 6.119617e+00 2.042527e+01 1.334357e+01 1.576826e+01 2.434429e+01 2.073735e+01 5.039727e+00 1.132951e+01 3.886141e+01 6.698480e+01 4.159007e+01 1.144433e+00 1.695490e-01 2.690534e-01 5.084960e-01 1.180989e+00 2.450325e+00 1.142495e+00 1.444951e+00 1.255826e+00 1.586342e+00 1.298806e+00 6.788792e-01 1.484973e+00 1.114956e-01 9.253600e-02 7.607129e-02 1.716096e-01 1.041346e-01 1.461252e-01 4.598632e-01 3.154573e-01 2.683092e-01 1.873849e-01 3.662958e-01 5.166682e-01 6.415503e-01 1.163442e-02
<GCONST> 7.986651e+01
<STATE> 4
<NUMMIXES> 3
<MIXTURE> 1 1.524371e-01
<MEAN> 39
 -6.926054e+00 -8.131270e+00 -5.873122e+00 1.891780e+00 -1.796846e+01 1.274212e+01 -1.117943e+01 1.888873e+00 1.683670e+00 -1.316864e+01 1.128302e+00 -2.146204e+00 4.425508e+01 6.640638e-02 -5.669039e-01 -1.290229e-01 7.029293e-02 -3.098774e-01 4.169058e-01 1.373127e+00 2.387386e+00 6.362053e-01 -1.046550e+00 1.209623e-01 9.577342e-01 4.610367e-01 -2.949545e-01 -7.197170e-02 2.913678e-01 4.185788e-01 5.581481e-01 1.995207e-01 7.581853e-02 -2.021571e-01 3.772655e-01 6.925566e-01 1.570360e-01 -1.725868e-02 -7.974365e-02
<VARIANCE> 39
 2.127574e+00 3.211900e-01 2.832528e+00 9.497314e-01 2.573965e+00 1.561034e+01 4.071549e+01 4.266769e+00 6.492716e+00 6.374215e-01 1.196459e+01 6.943046e+00 3.779402e-01 3.996907e-02 3.703444e-02 2.572035e-02 1.834985e-01 3.498629e-01 8.122348e-02 1.639470e-01 7.001365e-01 1.529831e-01 8.185299e-02 5.247717e-01 4.115815e+00 7.098470e-03 1.631285e-02 1.545013e-02 2.075617e-02 1.275358e-01 3.196669e-02 4.414464e-02 4.016232e-01 1.287775e-01 1.942157e-02 2.034112e-01 2.333978e-01 1.791450e-01 5.052395e-04
<GCONST> 1.980440e+01
<MIXTURE> 2 4.087551e-01
<MEAN> 39
 -5.041690e+00 -2.323444e+00 -6.378388e+00 1.359309e+00 -2.271307e+01 7.394621e+00 -1.331797e+01 -4.486218e+00 5.081493e+00 -8.514479e+00 1.203821e-01 -4.978425e+00 4.313010e+01 -2.141089e-01 9.779686e-03 2.562716e-01 4.358534e-01 3.700500e-01 2.285387e-01 2.567512e-01 1.719329e-01 3.542223e-01 -1.469667e+00 -1.433442e+00 -9.803022e-01 -1.304944e-01 -2.252540e-01 -1.807926e-01 1.008077e-01 -1.624823e-01 3.347630e-01 3.058744e-01 3.208151e-03 -8.199105e-02 -1.785311e-01 4.739873e-02 8.260731e-02 1.677923e-01 -3.738522e-02
<VARIANCE> 39
 1.069044e+01 2.609505e+01 1.764666e+01 5.396137e+00 3.599330e+01 6.029296e+01 5.506235e+01 1.153424e+01 2.135500e+01 3.122593e+01 3.944963e+01 1.528189e+01 1.476624e+00 9.631733e-02 1.506387e-01 9.481021e-01 1.034992e+00 1.625050e+00 6.276776e-01 1.489519e+00 1.919518e+00 7.650383e-01 1.241723e+00 1.252844e+00 1.103977e+00 1.054198e-02 1.762355e-02 6.993832e-03 7.306273e-02 1.283326e-01 2.500033e-01 2.681414e-01 3.821380e-01 1.630566e-01 2.815173e-01 3.425032e-01 6.315179e-01 2.594984e-01 3.329935e-03
<GCONST> 7.283249e+01
<MIXTURE> 3 4.388079e-01
<MEAN> 39
 -8.077885e+00 -5.238533e+00 -5.545606e+00 1.358117e+00 -1.907162e+01 1.246107e+01 -8.914366e+00 -1.439011e-01 6.234911e+00 -8.815103e+00 1.249645e-01 -4.030450e+00 4.265380e+01 -1.521316e-01 1.123077e-01 3.364688e-01 1.673796e-02 -9.852003e-02 3.826529e-01 5.067430e-01 5.179545e-01 2.829414e-01 7.652690e-01 6.806170e-01 -1.300267e-02 -7.252305e-02 1.238366e-02 -6.828965e-02 -1.028341e-01 3.178924e-02 2.695935e-01 2.127118e-01 3.896342e-02 -2.383495e-01 -6.581353e-02 1.112983e-01 5.409671e-02 -1.691248e-01 -1.844082e-02
<VARIANCE> 39
 3.456603e+00 6.161267e+00 1.705415e+01 9.420300e+00 3.679681e+00 4.911269e+00 6.037385e+00 1.002850e+01 4.061678e+00 2.285972e+01 1.532136e+01 2.148107e+01 2.511744e+00 1.200296e-01 2.698682e-01 3.840741e-01 3.642702e-01 2.080827e+00 2.829451e-01 7.289124e-01 8.792572e-01 2.758437e-01 1.551163e+00 2.153036e+00 9.468847e-01 3.989886e-02 2.914533e-02 1.106645e-02 6.081305e-02 1.120391e-01 4.145302e-02 1.121276e-01 2.336913e-01 2.485161e-01 1.078462e-01 4.767673e-01 7.226837e-01 2.754265e-01 4.010119e-03
<GCONST> 5.698550e+01
<TRANSP> 5
 0.000000e+00 1.000000e+00 0.000000e+00 0.000000e+00 0.000000e+00
 0.000000e+00 9.037873e-01 9.621270e-02 0.000000e+00 0.000000e+00
 0.000000e+00 0.000000e+00 5.589543e-01 4.410457e-01 0.000000e+00
 0.000000e+00 0.000000e+00 0.000000e+00 5.889540e-01 4.110459e-01
 0.000000e+00 0.000000e+00 0.000000e+00 0.000000e+00 0.000000e+00
<ENDHMM>
~h "ah-t+uh"
<BEGINHMM>
<NUMSTATES> 5
<STATE> 2
<NUMMIXES> 3
<MIXTURE> 1 2.143645e-01
<MEAN> 39
 -7.274249e+00 -1.339914e+01 -9.354676e+00 -2.598371e-01 -1.719197e+01 1.457514e+01 -6.894536e+00 5.082375e+00 4.783120e+00 -1.294520e+01 2.515200e+00 -3.406329e+00 4.570657e+01 3.533821e-01 2.451179e-01 5.149857e-01 -6.402751e-01 -9.353161e-01 -5.177705e-01 -8.826457e-01 -1.138421e-01 3.395965e-01 1.008730e+00 9.304169e-01 1.981419e-01 3.085281e-01 7.813105e-01 7.917311e-01 2.073295e-01 -3.468573e-01 -2.692938e-01 -2.598140e-01 -6.502367e-01 -5.487007e-01 6.358665e-01 9.809030e-01 5.077035e-01 5.072643e-01 4.402807e-01
<VARIANCE> 39
 4.897379e-01 2.110125e+00 2.019282e+01 2.197017e+00 1.048707e+01 2.424422e+00 1.527913e+00 3.839377e+00 6.215994e+00 1.855684e+01 1.178621e+01 2.083978e+01 7.136588e-01 7.564023e-02 7.968671e-01 8.485824e-01 4.395162e-01 1.282646e+00 3.545905e-01 3.675922e-01 9.389248e-01 1.326676e+00 1.007213e+00 5.629039e-01 1.243262e+00 2.526120e-02 2.438805e-01 9.626628e-02 1.115765e-01 2.081629e-01 1.604180e-01 9.261636e-02 1.529771e-01 1.021290e-01 1.181057e-01 3.130479e-01 5.354944e-01 3.347197e-01 1.063472e-01
<GCONST> 5.788947e+01
<MIXTURE> 2 4.101924e-01
<MEAN> 39
 -8.557683e+00 -1.021890e+01 -6.850212e+00 1.371468e+00 -1.479160e+01 1.500092e+01 -1.007452e+01 6.957346e-01 4.085401e+00 -8.445506e+00 6.791753e+00 -1.668700e-01 4.438846e+01 -7.016710e-02 -4.580473e-01 -4.134350e-01 -5.273545e-01 4.121055e-02 5.999710e-02 6.444117e-02 1.363260e-01 -9.521059e-02 -5.596123e-01 2.022503e-01 1.478602e-01 7.024096e-02 1.176619e-01 2.313352e-02 -1.660184e-01 -1.008387e-01 -2.558775e-01 -1.466865e-01 1.252748e-01 9.739228e-02 -4.328721e-02 -1.660055e-01 -1.339784e-01 -5.672950e-02 1.880122e-02
<VARIANCE> 39
 2.149094e+00 1.248437e+01 1.927826e+01 8.742753e+00 7.199393e+00 8.803825e+00 6.080688e+00 2.413467e+01 1.258410e+01 4.194537e+01 2.855239e+01 8.031160e+00 2.311488e+00 1.327292e-01 2.447194e-01 5.171789e-01 6.483528e-01 8.492374e-01 1.306762e+00 2.006132e+00 1.640926e+00 8.683611e-01 3.638668e+00 3.980398e+00 1.428446e+00 1.699670e-02 1.025160e-02 3.698960e-02 1.162853e-01 1.673260e-01 1.241168e-01 1.655670e-01 3.805512e-01 3.859012e-01 1.312138e-01 1.165974e+00 9.730566e-01 4.361311e-01 4.286984e-03
<GCONST> 7.155633e+01
<MIXTURE> 3 3.754430e-01
<MEAN> 39
 -7.752870e+00 -1.182676e+01 -9.108428e+00 9.291011e-01 -1.431036e+01 1.548233e+01 -7.054550e+00 3.798995e+00 4.907909e+00 -1.092799e+01 5.951744e+00 -8.828515e-01 4.514860e+01 9.944564e-02 -5.474346e-01 -8.065659e-02 3.458785e-01 2.198966e-02 -2.407200e-01 1.835735e-02 3.154728e-01 8.796147e-02 1.604642e-01 1.485967e-01 -4.678779e-01 1.838248e-01 5.106988e-02 1.194601e-01 2.130328e-01 -5.467917e-02 -2.107304e-01 -2.476236e-01 -3.934568e-01 -2.158469e-01 -5.155078e-02 1.902351e-01 8.902397e-02 8.741022e-02 2.304486e-02
<VARIANCE> 39
 1.098216e+00 3.269776e+00 1.380128e+01 5.726332e+00 5.514954e+00 1.159967e+01 1.292702e+01 1.105760e+01 1.045965e+01 2.045333e+01 1.301883e+01 1.392459e+01 5.028790e-01 9.612562e-02 1.136269e-01 8.432207e-01 5.015287e-01 4.783388e-01 7.034457e-01 1.246813e+00 1.693037e+00 8.580651e-01 4.904844e+00 5.509454e+00 2.040008e+00 5.048489e-02 2.162141e-02 5.196518e-02 1.065354e-01 1.435734e-01 1.072875e-01 1.045046e-01 1.975161e-01 2.468549e-01 2.584515e-01 6.138550e-01 7.178116e-01 4.273622e-01 1.293415e-02
<GCONST> 6.562179e+01
<STATE> 3
<NUMMIXES> 3
<MIXTURE> 1 1.327666e-01
<MEAN> 39
 -5.541303e+00 -8.946490e+00 -6.597806e+00 -1.147750e+00 -1.889024e+01 1.048319e+01 -1.239129e+01 2.426128e+00 6.528323e+00 -8.111079e+00 7.419986e+00 -2.682211e-01 4.625777e+01 3.562731e+00 2.168638e+00 6.640570e-01 -1.804105e+00 -1.656324e+00 -1.691511e+00 -2.408157e+00 -4.699969e-01 2.096254e+00 2.132036e+00 3.951926e-01 5.381588e-01 2.271436e+00 8.924633e-01 -3.206489e-01 -2.020702e-02 -5.569476e-01 1.932009e-02 1.152084e-01 -3.510329e-01 4.265929e-01 6.245957e-01 -3.110783e-01 -5.567155e-01 -3.249911e-01 8.729846e-01
<VARIANCE> 39
 1.693515e+01 2.612501e+01 3.662051e+01 6.829270e+00 1.233435e+01 6.597569e+00 5.642984e+00 8.280233e+00 1.776236e+01 2.333817e+01 6.373554e+00 1.176147e+01 9.406749e+00 2.903413e+00 1.665639e+00 5.538185e-01 9.888381e-01 6.895962e-01 3.267095e-01 9.066917e-01 8.399256e-01 1.270530e+00 1.831039e+00 1.162198e+00 8.045449e-01 1.499424e+00 3.685000e-01 4.435042e-01 2.327728e-01 2.219454e-01 3.685718e-01 1.048672e-01 9.115335e-02 1.821325e-01 2.638308e-01 4.342138e-01 1.097665e-01 2.210653e-01 1.326783e-01
<GCONST> 8.448276e+01
<MIXTURE> 2 4.918094e-01
<MEAN> 39
 1.036206e+01 -1.192694e+01 -3.650501e+00 -1.148809e+01 -2.074042e+01 1.166389e+01 -2.078633e+01 8.103636e+00 1.707919e+01 -8.543004e+00 -1.826800e-03 -3.822734e+00 6.211011e+01 3.565370e-01 -3.908299e-01 6.929638e-02 -4.651548e-01 3.456813e-01 4.577742e-01 -5.121149e-02 5.069928e-01 7.287672e-01 -3.089144e-01 -9.935848e-01 -5.242446e-01 5.624982e-01 -5.144785e-01 -1.982912e-01 -1.014675e-01 1.946928e-01 1.796916e-01 1.714029e-01 4.144580e-01 -1.419597e-02 -3.968872e-01 -2.172599e-01 -2.143398e-02 5.074710e-02 -3.337000e-01
<VARIANCE> 39
 7.728074e+00 2.901206e+01 1.323387e+01 2.204344e+01 1.386681e+01 1.790820e+01 2.404397e+01 1.668514e+01 1.768987e+01 1.716345e+01 1.575172e+01 1.195973e+01 2.732516e+01 4.763987e+00 4.112811e+00 1.660940e+00 4.604215e+00 2.360828e+00 1.148768e+00 4.572496e+00 2.182873e+00 3.019137e+00 2.025258e+00 1.639988e+00 8.425520e-01 6.826502e+00 2.928076e-01 7.605566e-01 1.968033e-01 4.174147e-01 5.509218e-01 2.858070e-01 6.054279e-01 2.950233e-01 6.362005e-01 5.395994e-01 3.535044e-01 1.969978e-01 1.483045e-01
<GCONST> 1.076853e+02
<MIXTURE> 3 3.754241e-01
<MEAN> 39
 1.098891e+01 -1.474780e+01 -1.808110e+00 -1.221816e+01 -1.889207e+01 1.360541e+01 -2.165417e+01 9.521531e+00 1.663930e+01 -1.104418e+01 -1.617557e+00 -4.465225e+00 6.471354e+01 -3.186528e-01 4.949083e-01 1.528310e-01 7.327360e-01 6.458058e-02 4.996078e-01 3.527532e-02 -4.288811e-01 3.162346e-01 8.505623e-02 -2.049711e-01 -1.370533e-01 -6.358943e-01 -2.327316e-01 2.172327e-01 -2.118658e-01 1.317110e-01 -1.397423e-01 -8.185267e-02 1.843353e-01 -1.295803e-01 3.812490e-02 1.952898e-01 7.810951e-02 6.403609e-02 -3.836638e-01
<VARIANCE> 39
 9.180454e+00 2.340836e+01 9.496237e+00 2.639627e+01 9.260223e+00 1.355828e+01 2.551340e+01 1.806657e+01 1.512171e+01 1.242372e+01 1.048903e+01 9.019285e+00 2.907917e+01 2.068573e+00 2.623422e+00 1.668085e+00 2.584883e+00 1.688067e+00 1.283247e+00 4.851302e+00 1.475266e+00 2.443882e+00 1.465945e+00 1.651960e+00 9.028556e-01 3.846017e+00 1.569027e-01 4.323571e-01 1.828340e-01 4.076597e-01 4.294836e-01 2.649530e-01 8.649469e-01 2.614383e-01 4.614630e-01 2.279739e-01 4.070418e-01 1.980147e-01 1.478410e-01
<GCONST> 9.998069e+01
<STATE> 4
<NUMMIXES> 3
<MIXTURE> 1 1.519057e-01
<MEAN> 39
 -5.343412e+00 -3.985302e+00 -5.186092e+00 -3.676646e+00 -2.539852e+01 1.097032e+01 -5.952753e+00 9.318246e+00 2.069400e+01 -3.189889e+00 -5.411161e+00 -7.263221e+00 4.432955e+01 -1.135911e+00 6.173353e-02 7.623489e-01 9.900897e-01 -1.810857e-01 -3.070537e-01 9.046935e-01 1.505420e-01 5.363420e-01 9.304536e-01 7.052967e-01 -2.833163e-01 -8.355650e-01 2.828578e-01 -6.259059e-02 2.537945e-01 1.456722e-02 3.945331e-01 5.535564e-01 -6.841362e-01 -8.052521e-01 -5.288490e-01 -3.112434e-02 5.229381e-01 6.023016e-01 3.243173e-01
<VARIANCE> 39
 5.522140e-01 5.473619e+00 1.058783e+01 1.214029e+01 5.226409e+00 4.075609e+01 1.676484e+01 6.264861e+00 3.835790e+01 4.603617e+00 2.823654e+01 2.255075e+01 5.132337e-01 1.012920e-01 4.836476e-01 9.482346e-01 2.401847e-01 7.867517e-01 1.011250e+00 1.386864e+00 2.450766e+00 2.384276e+00 3.218555e-01 2.095517e+00 2.548958e+00 1.861095e-01 1.268827e-02 8.785678e-02 1.856285e-01 7.743617e-02 1.943876e-01 5.698316e-01 2.699965e-01 1.224716e-01 6.164638e-01 6.929207e-02 4.974652e-01 6.811095e-01 1.366713e-02
<GCONST> 6.966754e+01
<MIXTURE> 2 4.612108e-01
<MEAN> 39
 -4.005673e+00 -5.423060e+00 -5.193000e+00 -1.869831e+00 -2.045800e+01 1.315156e+01 -1.011970e+01 3.995374e+00 1.455469e+01 -6.214173e+00 -3.853919e+00 -5.329947e+00 4.611258e+01 -1.167411e+00 4.514195e-01 -1.240593e-01 9.074763e-02 -8.155257e-01 -8.494993e-01 8.068220e-01 -2.583102e-01 -6.872728e-01 3.869014e-01 4.113504e-02 1.108054e-01 -1.082799e+00 8.313879e-02 -1.007444e-01 2.100342e-01 3.136634e-02 -1.155526e-01 -3.516610e-02 -9.055760e-02 1.384796e-01 7.157634e-02 3.943848e-02 9.937683e-02 -7.511457e-02 1.489627e-01
<VARIANCE> 39
 2.482521e+01 7.178982e+00 9.557052e+00 1.745158e+01 1.367935e+01 1.684888e+01 1.807265e+01 1.251903e+01 3.007945e+01 1.360565e+01 9.204051e+00 6.383706e+00 1.513992e+01 8.272069e-01 4.085971e-01 1.335012e+00 5.458642e-01 9.530869e-01 1.683830e+00 2.528865e+00 1.455936e+00 2.391701e+00 1.617687e+00 1.447347e+00 1.579482e+00 8.421437e-01 1.945745e-02 6.014842e-02 1.320554e-01 1.527978e-01 2.785524e-01 3.575869e-01 2.824287e-01 2.096527e-01 3.699322e-01 2.839400e-01 2.343919e-01 3.458089e-01 2.723416e-02
<GCONST> 8.387098e+01
<MIXTURE> 3 3.868835e-01
<MEAN> 39
 -6.571290e+00 -5.694945e+00 -6.496082e+00 -3.796209e+00 -2.330209e+01 1.414292e+01 -5.962368e+00 5.442381e+00 1.439745e+01 -3.707180e+00 -1.796266e+00 -4.734860e+00 4.422566e+01 -1.000917e+00 9.210970e-02 6.391947e-01 5.158059e-01 -3.422125e-01 -7.998402e-02 2.594242e-01 -3.467668e-01 -5.316380e-01 5.821502e-01 6.383937e-01 2.484886e-01 -6.909359e-01 1.937051e-01 -3.071147e-03 2.078720e-01 2.212078e-01 2.149706e-01 -1.894501e-01 -4.309899e-01 -5.460535e-02 1.202134e-01 -2.415927e-01 -1.618988e-01 -1.199102e-01 1.825300e-01
<VARIANCE> 39
 6.357722e+00 5.286435e+00 1.715672e+01 1.476024e+01 1.378776e+01 1.161590e+01 1.107348e+01 6.460502e+00 1.329201e+01 1.018885e+01 6.710621e+00 5.005628e+00 3.700704e+00 4.043460e-01 2.838577e-01 9.899235e-01 3.920664e-01 8.219393e-01 1.593463e+00 3.420331e+00 1.582435e+00 1.466172e+00 1.547959e+00 1.242579e+00 1.593315e+00 3.504902e-01 2.333742e-02 6.566004e-02 2.824993e-01 9.149572e-02 2.182234e-01 2.348885e-01 3.372510e-01 2.666985e-01 4.441775e-01 3.445670e-01 2.477784e-01 2.665740e-01 4.156104e-02
<GCONST> 7.581461e+01
<TRANSP> 5
 0.000000e+00 1.000000e+00 0.000000e+00 0.000000e+00 0.000000e+00
 0.000000e+00 8.711338e-01 1.288662e-01 0.000000e+00 0.000000e+00
 0.000000e+00 0.000000e+00 9.280212e-01 7.197880e-02 0.000000e+00
 0.000000e+00 0.000000e+00 0.000000e+00 8.803366e-01 1.196634e-01
 0.000000e+00 0.000000e+00 0.000000e+00 0.000000e+00 0.000000e+00
<ENDHMM>
~h "s+ah"
<BEGINHMM>
<NUMSTATES> 5
<STATE> 2
<NUMMIXES> 3
<MIXTURE> 1 1.482073e-01
<MEAN> 39
 -1.084792e+01 -2.028398e+00 -4.941073e-01 6.239819e+00 -1.458480e+01 1.302991e+01 -8.988979e+00 -2.703355e+00 4.174648e+00 -6.849247e+00 5.220120e-01 -6.933509e-01 3.995319e+01 8.142605e-02 -6.668162e-02 -2.200453e-01 1.105656e-01 6.767355e-01 7.161338e-01 5.232093e-01 3.696104e-01 6.606115e-01 4.086553e-01 8.083069e-01 5.357754e-01 9.628876e-02 -1.386990e-02 1.767713e-02 8.453418e-02 1.057014e-02 1.811167e-01 2.248143e-02 -7.435687e-03 1.788134e-01 -6.206200e-02 -4.619475e-02 2.684216e-02 -2.517404e-01 1.957202e-02
<VARIANCE> 39
 6.715979e-01 1.032007e+00 2.324906e+00 3.633408e+00 4.048109e+00 5.350220e+00 4.285506e+00 1.110869e+01 1.012408e+01 2.063910e+01 1.865919e+01 5.880931e+00 3.407350e-01 5.358486e-02 1.165879e-01 2.184743e-01 4.198751e-01 4.141989e-01 3.081411e-01 7.499614e-01 7.518850e-01 7.452992e-01 1.426039e+00 7.788857e-01 9.447513e-01 1.697668e-02 9.146187e-03 1.505038e-02 4.718183e-02 6.929316e-02 1.631554e-01 1.412304e-01 1.921507e-01 1.437713e-01 1.722536e-01 4.600885e-01 3.180129e-01 2.144974e-01 2.911042e-03
<GCONST> 4.189578e+01
<MIXTURE> 2 4.600234e-01
<MEAN> 39
 -1.117280e+01 -2.254503e+00 -2.968761e-02 6.067232e+00 -1.387985e+01 1.273541e+01 -9.826113e+00 -2.080121e+00 3.322676e+00 -8.216482e+00 -2.791315e-01 -2.599775e+00 4.013478e+01 -3.865101e-02 7.107615e-03 4.011893e-02 -1.232650e-01 -4.369213e-01 -3.815362e-01 -2.053186e-01 -1.413953e-01 -4.351697e-01 -4.052349e-01 -5.064781e-01 -2.900845e-01 -4.963003e-02 3.325190e-02 -6.173261e-03 -2.547592e-02 3.272992e-02 -6.675760e-02 -4.694956e-02 -1.912516e-02 -1.397393e-01 -3.015071e-02 4.284222e-02 -2.507071e-03 5.020051e-02 1.211638e-02
<VARIANCE> 39
 6.759908e-01 1.499530e+00 4.290959e+00 5.936883e+00 6.782477e+00 6.449282e+00 1.050625e+01 1.206875e+01 9.988172e+00 1.049747e+01 1.234229e+01 1.042729e+01 4.461487e-01 5.222892e-02 1.192971e-01 3.257698e-01 5.361016e-01 8.031663e-01 7.432535e-01 1.043835e+00 7.396419e-01 9.623150e-01 1.568888e+00 1.753708e+00 1.123651e+00 1.956018e-02 9.592751e-03 2.776440e-02 5.538189e-02 1.113971e-01 1.761025e-01 1.414863e-01 2.540650e-01 1.307658e-01 1.945410e-01 4.058083e-01 3.980325e-01 2.673092e-01 4.588824e-03
<GCONST> 5.123108e+01
<MIXTURE> 3 3.917700e-01
<MEAN> 39
 -1.130225e+01 -1.965439e+00 1.872984e-01 6.355461e+00 -1.405231e+01 1.265647e+01 -8.786580e+00 -2.411423e+00 2.980792e+00 -7.870727e+00 -5.424371e-01 -2.527712e+00 3.989064e+01 1.445377e-02 -4.383147e-04 -3.351839e-02 -3.326482e-02 1.236796e-02 -2.209373e-02 -6.131385e-02 1.183190e-01 1.667291e-01 2.067699e-01 2.943043e-01 1.145649e-01 4.398042e-03 2.148350e-02 -4.989389e-02 -6.091351e-02 -2.863565e-03 3.687272e-02 4.828896e-02 -6.346730e-02 -2.714402e-03 3.245228e-02 2.731983e-02 3.927792e-02 -6.899148e-03 2.388100e-02
<VARIANCE> 39
 9.271107e-01 1.958626e+00 3.319430e+00 4.667378e+00 7.344929e+00 8.254146e+00 8.595617e+00 1.073756e+01 1.004011e+01 8.824600e+00 8.907087e+00 1.213108e+01 5.271885e-01 4.933514e-02 1.253616e-01 3.057126e-01 4.654992e-01 6.981570e-01 6.533050e-01 8.931527e-01 6.460779e-01 7.373761e-01 1.228737e+00 1.021007e+00 1.514587e+00 2.032407e-02 1.045712e-02 3.060676e-02 4.982013e-02 9.289389e-02 1.700884e-01 1.640227e-01 2.077140e-01 1.086730e-01 1.742520e-01 2.398288e-01 2.671926e-01 3.294999e-01 4.067869e-03
<GCONST> 4.833894e+01
<STATE> 3
<NUMMIXES> 3
<MIXTURE> 1 1.898330e-01
<MEAN> 39
 -1.057495e+01 -9.721027e-02 -4.889963e-01 7.655537e+00 -1.356284e+01 1.369046e+01 -8.965100e+00 -6.216199e+00 -2.993121e+00 -1.188120e+01 -2.909029e+00 -6.514032e-01 3.980979e+01 2.566431e-01 -9.262241e-01 -2.652152e-01 1.697817e+00 8.027431e-01 1.546616e+00 8.175970e-01 -2.168832e-01 9.108131e-02 -5.883817e-01 -1.394491e+00 -1.331807e+00 3.663521e-01 -1.120638e-01 -1.296297e+00 -6.831748e-03 9.783383e-01 3.515615e-01 -9.329597e-02 -7.836169e-01 1.009314e+00 1.738449e+00 -2.660903e-01 3.028346e-03 -4.818229e-01 3.633258e-01
<VARIANCE> 39
 2.402767e-04 1.962879e-04 2.862798e-03 8.301489e-06 8.701287e-02 2.958740e-03 1.064069e-02 3.681415e-02 1.072857e-01 4.223445e-02 4.272299e-02 2.787002e-02 5.006282e-05 3.982579e-05 1.163277e-03 8.913117e-03 5.591258e-04 7.030942e-04 1.231445e-02 1.163357e-02 3.183515e-05 3.230552e-04 1.760823e-03 2.307572e-05 2.650577e-03 1.700340e-04 8.071850e-05 2.846823e-04 2.105820e-03 5.054684e-03 9.849262e-04 1.354728e-04 9.803419e-04 1.956974e-03 2.412143e-03 2.609853e-04 2.233686e-05 8.441461e-04 3.955070e-05
<GCONST> -1.963564e+02
<MIXTURE> 2 3.791545e-01
<MEAN> 39
 -1.054517e+01 -3.682190e+00 -2.658962e+00 1.956032e+00 -1.948208e+01 8.300642e+00 -1.049628e+01 -5.919455e-01 2.432193e+00 -9.916135e+00 -6.365888e-01 -3.028913e+00 4.087994e+01 3.932590e-01 -1.028811e+00 -7.777873e-01 6.667812e-01 -3.006656e-01 -7.909691e-01 -2.251375e+00 -1.116304e+00 4.569148e-02 5.483174e-01 1.383650e+00 -1.777439e+00 4.495363e-01 1.874082e-01 4.389464e-03 -1.458828e-01 -1.195195e-01 3.338796e-01 1.172778e-01 -2.136476e-01 -2.744548e-01 6.912257e-02 -2.063179e-01 -5.820737e-02 -1.059650e-01 1.194766e-01
<VARIANCE> 39
 8.595474e-01 2.920750e-01 1.347039e-02 4.309863e+00 1.158999e+01 4.898573e-01 8.603556e+00 2.554185e-01 1.811136e-01 1.256927e-01 2.282208e+01 1.069452e+01 1.991127e+00 1.183197e-03 6.946338e-04 3.882872e-01 3.440273e-02 1.312079e-03 1.189020e-01 4.139281e-02 3.819641e-02 1.154436e-02 8.807007e-01 9.990712e-01 2.906730e-01 5.074091e-02 2.009747e-03 4.166510e-02 1.806346e-01 6.751566e-03 4.697353e-03 7.099530e-02 6.430376e-03 1.873895e-02 2.623158e-01 3.737389e-01 6.639668e-03 7.549553e-02 1.525171e-03
<GCONST> -1.950575e+01
<MIXTURE> 3 4.310125e-01
<MEAN> 39
 -1.048264e+01 -1.113751e+00 -2.334117e+00 6.926628e+00 -9.419900e+00 1.329081e+01 -9.314192e+00 8.911757e-02 4.714824e+00 -7.296911e+00 1.799803e+00 -4.142686e+00 3.991820e+01 5.097165e-01 -9.853289e-01 -1.864905e+00 1.084860e+00 1.355760e+00 -1.080269e+00 -1.527168e+00 -2.245103e-01 -2.874476e-01 1.157741e-01 -1.673201e+00 -5.354056e-01 5.899865e-01 9.289491e-02 -7.587963e-01 -9.468741e-01 -4.189633e-01 -2.848345e-01 -8.552885e-02 -2.456096e-01 -1.832209e-01 2.533881e-01 -4.227418e-02 -1.615745e-01 6.175921e-02 1.717531e-01
<VARIANCE> 39
 2.988187e-01 3.628351e-01 1.232125e+00 2.008120e+00 6.930836e+00 4.485044e+00 5.530682e+00 4.585259e+00 1.838364e+00 4.169977e-01 1.072119e+01 7.179126e-01 8.969592e-02 9.434333e-03 1.190613e+00 1.412764e+00 5.015814e-01 4.021341e-02 1.355797e-02 8.750456e-02 2.594087e-02 3.142605e-02 1.165596e-01 2.742854e-02 1.770079e-01 2.471750e-02 1.253060e-04 1.379796e-02 4.157344e-02 2.952785e-01 3.751837e-02 1.641401e-01 1.031835e-01 4.213786e-02 1.459138e-01 5.273880e-02 3.252580e-01 1.960792e-02 1.250475e-03
<GCONST> -1.480612e+00
<STATE> 4
<NUMMIXES> 3
<MIXTURE> 1 1.322048e-01
<MEAN> 39
 -4.279684e+00 -9.601334e+00 -3.425786e+00 2.110461e+00 -1.835242e+01 9.725678e+00 -1.557285e+01 1.104239e+00 6.842037e+00 -1.016767e+01 4.923125e+00 -3.069388e+00 4.776432e+01 1.514213e+00 1.792631e-01 -2.394618e-02 -1.113803e-01 2.434705e-01 -5.511421e-01 -6.651148e-01 2.542239e-01 5.604171e-01 2.017341e-01 4.136457e-01 7.692845e-01 1.136665e+00 2.586153e-01 9.920137e-02 1.342584e-01 -2.503801e-01 -6.976473e-02 -1.102387e-01 -1.954542e-01 1.966400e-01 3.767701e-01 4.065565e-01 3.515986e-02 1.046303e-01 2.195604e-01
<VARIANCE> 39
 5.715503e+01 5.241316e+01 1.320533e+01 5.527639e+01 1.905540e+01 1.453686e+01 2.504814e+01 8.865189e+00 1.531836e+01 1.864198e+01 3.494772e+01 2.359292e+01 2.874617e+01 5.545108e+00 6.218957e+00 2.409825e+00 2.619148e+00 1.104631e+00 2.164325e+00 4.015572e+00 2.547250e+00 4.917164e+00 2.422499e+00 8.369117e-01 1.662688e+00 3.754472e+00 6.302862e-01 7.200516e-01 2.977528e-01 4.938032e-01 1.979526e-01 2.858350e-01 4.487463e-01 3.925207e-01 3.163180e-01 3.193116e-01 1.911570e-01 4.930335e-01 2.662459e-01
<GCONST> 1.124470e+02
<MIXTURE> 2 4.972645e-01
<MEAN> 39
 -3.371104e+00 -4.292601e+00 6.891863e-01 2.396234e+00 -1.833795e+01 9.969424e+00 -1.610621e+01 -3.578964e+00 1.078212e+00 -1.019168e+01 2.948162e+00 -4.421079e+00 4.724104e+01 -2.981448e-01 7.932797e-02 9.088553e-02 4.279647e-02 -1.629185e-01 -2.148826e-01 -2.984333e-02 -2.154745e-01 -1.827417e-01 -2.293102e-01 -3.179584e-01 -3.038504e-01 -2.524577e-01 -2.613718e-02 -9.955551e-03 -1.827886e-02 6.538910e-03 4.254998e-02 2.368714e-02 4.957908e-02 -1.914501e-02 -4.401673e-02 -6.954834e-02 -8.540668e-02 -5.310572e-02 -1.724739e-02
<VARIANCE> 39
 8.903618e+01 3.253276e+01 1.852606e+01 6.496593e+01 2.981550e+01 1.461701e+01 3.990982e+01 3.495980e+01 6.600423e+01 2.924597e+01 4.866315e+01 1.148477e+01 6.394028e+01 4.035026e-01 6.873956e-01 7.348529e-01 1.119732e+00 1.403647e+00 1.256221e+00 1.252211e+00 1.436446e+00 2.076933e+00 1.987252e+00 1.382881e+00 9.969603e-01 4.142246e-01 3.412163e-02 1.353529e-01 1.413513e-01 1.867058e-01 3.475714e-01 2.864963e-01 2.244039e-01 3.344026e-01 5.132498e-01 4.063935e-01 2.336383e-01 2.028842e-01 3.072238e-02
<GCONST> 9.663497e+01
<MIXTURE> 3 3.705309e-01
<MEAN> 39
 -1.756648e+00 -6.459905e+00 -1.390389e+00 4.322509e-01 -1.714995e+01 1.016395e+01 -1.630214e+01 -5.774856e-01 5.575397e+00 -7.992860e+00 3.096676e+00 -4.210780e+00 4.936017e+01 -1.207363e-01 -1.726068e-01 5.898752e-02 4.703596e-03 6.636396e-02 4.324153e-01 1.484067e-01 -1.214885e-02 -5.827243e-02 1.136139e-01 2.195071e-01 6.577508e-03 -3.596460e-02 -7.128353e-02 3.365716e-02 6.072227e-03 1.588695e-02 -7.852381e-02 1.531588e-02 4.398400e-02 -2.534209e-02 -8.824603e-02 -4.714531e-02 9.473509e-02 7.227118e-02 -8.231878e-02
<VARIANCE> 39
 9.643351e+01 3.136750e+01 3.219917e+01 7.128324e+01 2.332825e+01 1.376454e+01 4.559107e+01 2.673552e+01 4.943420e+01 2.267451e+01 4.021620e+01 1.426101e+01 8.978575e+01 6.441765e-01 1.312165e+00 1.046848e+00 1.963513e+00 1.399003e+00 1.267259e+00 1.605944e+00 1.454611e+00 2.284533e+00 1.563294e+00 1.296882e+00 1.477590e+00 1.006432e+00 1.219213e-01 1.993707e-01 1.902955e-01 3.261383e-01 2.773433e-01 2.755330e-01 2.921111e-01 3.029583e-01 4.742497e-01 3.007761e-01 1.911257e-01 2.717161e-01 8.989107e-02
<GCONST> 1.032749e+02
<TRANSP> 5
 0.000000e+00 1.000000e+00 0.000000e+00 0.000000e+00 0.000000e+00
 0.000000e+00 9.690128e-01 3.098722e-02 0.000000e+00 0.000000e+00
 0.000000e+00 0.000000e+00 2.419566e-01 7.580434e-01 0.000000e+00
 0.000000e+00 0.000000e+00 0.000000e+00 9.740904e-01 2.590961e-02
 0.000000e+00 0.000000e+00 0.000000e+00 0.000000e+00 0.000000e+00
<ENDHMM>
