~o
<STREAMINFO> 1 39
<VECSIZE> 39<NULLD><MFCC_D_A_0><DIAGC>
~h "initial_0_D_A"
<BEGINHMM>
<NUMSTATES> 5
<STATE> 2
<MEAN> 39
 -9.259659e+00 8.819770e+00 6.013619e-01 1.153249e+00 2.035424e+00 -5.248948e-01 -3.439228e+00 -8.995905e+00 -8.876531e+00 -4.408757e+00 -4.367589e+00 -2.373024e+00 4.953589e+01 -1.567931e+00 3.063264e-01 9.699895e-01 3.104017e-01 -2.561550e-01 2.357748e+00 -2.951038e-01 -3.448994e-01 -3.183789e-01 -1.876291e+00 4.111522e-01 1.814472e+00 -4.186093e+00 1.134967e-01 -1.533457e+00 -1.034499e+00 -9.406195e-01 -2.567682e-01 -6.781348e-01 -4.666396e-02 8.024645e-01 8.175071e-01 9.324821e-01 -2.427634e-01 -5.139070e-01 1.051262e+00
<VARIANCE> 39
 9.441536e+00 1.153892e+01 2.735925e+01 1.960309e+01 6.423934e+00 4.783137e+01 2.800883e+01 1.566305e+01 2.357508e+01 2.280528e+01 2.079031e+01 9.784245e+00 1.398840e+01 1.519190e+00 4.676528e+00 3.969638e+00 5.115109e+00 6.127876e-01 7.820896e+00 2.257672e+00 2.455373e+00 3.785423e+00 2.763242e+00 4.257105e+00 2.069240e+00 2.880240e+00 3.804079e-02 2.159882e-01 5.203900e-01 4.311155e-01 8.154814e-02 2.012948e+00 8.423607e-01 1.974884e-01 9.198017e-01 5.504088e-01 3.664157e-01 3.188130e-01 2.182025e-01
<GCONST> 1.082906e+02
<STATE> 3
<MEAN> 39
 -1.245659e+01 3.584120e+00 -2.554908e+00 -2.032062e+00 1.949973e-01 -1.754691e+00 -3.948731e+00 -4.759784e+00 -4.315945e+00 -1.129534e+00 -2.363758e+00 -1.554731e+00 4.537169e+01 -1.167278e+00 -1.621685e+00 -1.302009e+00 -3.059531e-01 -2.664104e-01 7.648301e-02 6.399588e-01 1.670730e+00 2.389108e+00 1.828044e+00 6.459201e-01 3.674777e-01 -1.029597e+00 2.465719e-01 1.463954e-01 2.059317e-01 9.574680e-02 2.140751e-01 1.200522e-01 -1.874210e-02 -1.336475e-01 -1.185153e-01 2.847007e-01 -1.661307e-01 -2.714888e-01 7.080331e-01
<VARIANCE> 39
 8.802231e+00 2.968133e+00 1.052264e+01 1.262027e+01 4.054598e+00 1.116280e+01 1.808434e+01 7.819160e+00 1.660600e+01 3.488547e+01 1.078668e+01 1.440009e+01 1.435384e+01 7.339175e-01 5.136405e-01 1.534956e+00 9.022799e-01 2.218963e-01 4.067932e+00 4.028193e+00 3.638089e-01 4.259986e-01 1.897205e+00 1.024963e+00 7.302437e-01 1.974049e-01 3.158256e-01 4.195019e-01 8.831131e-01 9.118595e-01 1.127405e-02 3.341950e-01 1.052209e+00 2.740926e-01 2.911325e-01 5.702423e-01 2.923550e-01 1.656424e-01 1.070124e-01
<GCONST> 8.404846e+01
<STATE> 4
<MEAN> 39
 -1.425399e+01 8.729895e-01 -2.527345e+00 -2.593578e+00 5.954064e-01 1.794865e+00 -4.859652e+00 -3.161077e+00 -1.963928e-01 3.480148e+00 -9.659073e-01 -1.332588e+00 4.534609e+01 -1.419093e-01 -1.331722e-01 4.736243e-01 4.531280e-01 4.500499e-01 8.362982e-01 -3.818313e-01 -2.044743e-01 -2.186207e-01 2.859478e-02 2.950939e-01 5.082950e-03 -1.762153e-02 1.997466e-01 5.589668e-01 1.935090e-01 4.574275e-01 4.795762e-02 -3.461191e-01 3.092499e-01 -2.540883e-01 -7.589391e-01 -8.189327e-01 -2.111258e-01 2.460869e-01 1.263302e-01
<VARIANCE> 39
 8.761921e+00 8.997840e-01 9.930729e+00 2.381882e+01 5.612000e+00 7.491296e+00 3.176548e+01 1.201424e+01 1.469697e+01 3.254937e+00 1.392684e+01 1.085132e+01 1.637082e+01 1.696835e+00 8.290201e-01 3.656678e+00 4.344276e+00 3.336209e-01 8.323474e-01 4.589653e+00 3.763086e-01 9.242231e-01 1.931289e+00 4.810931e-01 2.021097e+00 1.294850e+00 3.866518e-01 2.825035e-01 4.881976e-01 4.191730e-01 8.904957e-02 2.441830e-01 1.187033e+00 6.625682e-01 4.500393e-01 5.855318e-01 2.195108e-01 4.969985e-01 3.107533e-01
<GCONST> 9.116698e+01
<TRANSP> 5
 0.000000e+00 1.000000e+00 0.000000e+00 0.000000e+00 0.000000e+00
 0.000000e+00 6.250000e-01 3.750000e-01 0.000000e+00 0.000000e+00
 0.000000e+00 0.000000e+00 6.250000e-01 3.750000e-01 0.000000e+00
 0.000000e+00 0.000000e+00 0.000000e+00 6.250000e-01 3.750000e-01
 0.000000e+00 0.000000e+00 0.000000e+00 0.000000e+00 0.000000e+00
<ENDHMM>
