~o
<STREAMINFO> 1 39
<VECSIZE> 39<NULLD><MFCC_D_A_0><DIAGC>
~s "silst"
<NUMMIXES> 3
<MIXTURE> 1 2.500000e-01
<MEAN> 39
 1.611146e+00 -1.379594e+00 -1.558163e+01 -7.781860e+00 -1.114138e+01 -7.836659e+00 -9.484092e-01 -2.529587e+00 -2.548494e+00 -2.086045e+00 -2.839196e+00 -1.223688e+00 5.787924e+01 7.302539e-01 6.336846e-01 5.889332e-01 5.826782e-01 6.967120e-01 7.516952e-01 8.296649e-01 7.475246e-01 6.525729e-01 5.391303e-01 5.584052e-01 5.345551e-01 1.105488e+00 2.123890e-01 2.218872e-01 2.849475e-01 2.737378e-01 3.213857e-01 3.476827e-01 3.270539e-01 3.024473e-01 3.247678e-01 2.368112e-01 2.640823e-01 2.019016e-01 2.578965e-01
<VARIANCE> 39
 4.205086e+01 2.647596e+01 3.589272e+01 2.769906e+01 3.297289e+01 6.215195e+01 4.824424e+01 7.425184e+01 3.133758e+01 2.163431e+01 2.767833e+01 2.004668e+01 1.432428e+02 2.441934e+00 1.900033e+00 2.626636e+00 2.555074e+00 3.273509e+00 3.381591e+00 3.706978e+00 3.821502e+00 2.888824e+00 2.004772e+00 2.480985e+00 1.762405e+00 4.368847e+00 3.877904e-01 3.610728e-01 4.332452e-01 5.374036e-01 6.186389e-01 6.443579e-01 6.732642e-01 5.931758e-01 5.458435e-01 3.715067e-01 4.496292e-01 3.317121e-01 5.500674e-01
<GCONST> 1.230481e+02
<MIXTURE> 2 5.000000e-01
<MEAN> 39
 -2.279652e+00 -4.466882e+00 -1.917626e+01 -1.093965e+01 -1.458670e+01 -1.256685e+01 -5.115893e+00 -7.699757e+00 -5.907292e+00 -4.876807e+00 -5.995808e+00 -3.910099e+00 5.069820e+01 -2.073475e-01 -1.933655e-01 -3.834808e-01 -3.763978e-01 -3.888584e-01 -3.516510e-01 -3.255460e-01 -4.253951e-01 -3.672196e-01 -3.104095e-01 -3.866633e-01 -2.619786e-01 -1.486192e-01 -1.612480e-01 -1.386488e-01 -1.099807e-01 -1.661091e-01 -1.505359e-01 -1.339488e-01 -1.652622e-01 -1.596602e-01 -1.185196e-01 -1.288969e-01 -1.382441e-01 -1.436651e-01 -1.871027e-01
<VARIANCE> 39
 4.205086e+01 2.647596e+01 3.589272e+01 2.769906e+01 3.297289e+01 6.215195e+01 4.824424e+01 7.425184e+01 3.133758e+01 2.163431e+01 2.767833e+01 2.004668e+01 1.432428e+02 2.441934e+00 1.900033e+00 2.626636e+00 2.555074e+00 3.273509e+00 3.381591e+00 3.706978e+00 3.821502e+00 2.888824e+00 2.004772e+00 2.480985e+00 1.762405e+00 4.368847e+00 3.877904e-01 3.610728e-01 4.332452e-01 5.374036e-01 6.186389e-01 6.443579e-01 6.732642e-01 5.931758e-01 5.458435e-01 3.715067e-01 4.496292e-01 3.317121e-01 5.500674e-01
<GCONST> 1.230481e+02
<MIXTURE> 3 2.500000e-01
<MEAN> 39
 -9.827197e-01 -3.437786e+00 -1.797805e+01 -9.887056e+00 -1.343826e+01 -1.099012e+01 -3.726732e+00 -5.976367e+00 -4.787693e+00 -3.946553e+00 -4.943604e+00 -3.014629e+00 5.309188e+01 1.051863e-01 8.231786e-02 -5.934277e-02 -5.670577e-02 -2.700162e-02 1.613101e-02 5.952430e-02 -3.442189e-02 -2.728873e-02 -2.722955e-02 -7.164049e-02 3.532618e-03 2.694165e-01 -3.670231e-02 -1.847016e-02 2.166207e-02 -1.949351e-02 6.771326e-03 2.659504e-02 -1.156807e-03 -5.624384e-03 2.924287e-02 -6.994203e-03 -4.135266e-03 -2.847625e-02 -3.876966e-02
<VARIANCE> 39
 4.205086e+01 2.647596e+01 3.589272e+01 2.769906e+01 3.297289e+01 6.215195e+01 4.824424e+01 7.425184e+01 3.133758e+01 2.163431e+01 2.767833e+01 2.004668e+01 1.432428e+02 2.441934e+00 1.900033e+00 2.626636e+00 2.555074e+00 3.273509e+00 3.381591e+00 3.706978e+00 3.821502e+00 2.888824e+00 2.004772e+00 2.480985e+00 1.762405e+00 4.368847e+00 3.877904e-01 3.610728e-01 4.332452e-01 5.374036e-01 6.186389e-01 6.443579e-01 6.732642e-01 5.931758e-01 5.458435e-01 3.715067e-01 4.496292e-01 3.317121e-01 5.500674e-01
<GCONST> 1.230481e+02
~h "s"
<BEGINHMM>
<NUMSTATES> 5
<STATE> 2
<NUMMIXES> 3
<MIXTURE> 1 1.482073e-01
<MEAN> 39
 -1.084792e+01 -2.028398e+00 -4.941073e-01 6.239819e+00 -1.458480e+01 1.302991e+01 -8.988979e+00 -2.703355e+00 4.174648e+00 -6.849247e+00 5.220120e-01 -6.933509e-01 3.995319e+01 8.142605e-02 -6.668162e-02 -2.200453e-01 1.105656e-01 6.767355e-01 7.161338e-01 5.232093e-01 3.696104e-01 6.606115e-01 4.086553e-01 8.083069e-01 5.357754e-01 9.628876e-02 -1.386990e-02 1.767713e-02 8.453418e-02 1.057014e-02 1.811167e-01 2.248143e-02 -7.435687e-03 1.788134e-01 -6.206200e-02 -4.619475e-02 2.684216e-02 -2.517404e-01 1.957202e-02
<VARIANCE> 39
 6.715979e-01 1.032007e+00 2.324906e+00 3.633408e+00 4.048109e+00 5.350220e+00 4.285506e+00 1.110869e+01 1.012408e+01 2.063910e+01 1.865919e+01 5.880930e+00 3.407350e-01 5.358486e-02 1.165879e-01 2.184743e-01 4.198751e-01 4.141989e-01 3.081411e-01 7.499614e-01 7.518850e-01 7.452992e-01 1.426039e+00 7.788857e-01 9.447514e-01 1.697668e-02 9.146187e-03 1.505038e-02 4.718183e-02 6.929316e-02 1.631554e-01 1.412304e-01 1.921507e-01 1.437713e-01 1.722536e-01 4.600885e-01 3.180129e-01 2.144974e-01 2.911042e-03
<GCONST> 4.189578e+01
<MIXTURE> 2 4.600234e-01
<MEAN> 39
 -1.117280e+01 -2.254503e+00 -2.968761e-02 6.067232e+00 -1.387985e+01 1.273541e+01 -9.826113e+00 -2.080121e+00 3.322676e+00 -8.216482e+00 -2.791315e-01 -2.599775e+00 4.013478e+01 -3.865101e-02 7.107615e-03 4.011893e-02 -1.232650e-01 -4.369213e-01 -3.815362e-01 -2.053186e-01 -1.413953e-01 -4.351697e-01 -4.052349e-01 -5.064781e-01 -2.900845e-01 -4.963003e-02 3.325190e-02 -6.173261e-03 -2.547592e-02 3.272992e-02 -6.675760e-02 -4.694956e-02 -1.912516e-02 -1.397393e-01 -3.015071e-02 4.284222e-02 -2.507071e-03 5.020051e-02 1.211638e-02
<VARIANCE> 39
 6.759908e-01 1.499530e+00 4.290959e+00 5.936883e+00 6.782477e+00 6.449282e+00 1.050625e+01 1.206875e+01 9.988172e+00 1.049747e+01 1.234229e+01 1.042729e+01 4.461487e-01 5.222892e-02 1.192971e-01 3.257698e-01 5.361016e-01 8.031663e-01 7.432535e-01 1.043835e+00 7.396419e-01 9.623150e-01 1.568888e+00 1.753708e+00 1.123651e+00 1.956018e-02 9.592751e-03 2.776440e-02 5.538189e-02 1.113971e-01 1.761025e-01 1.414863e-01 2.540650e-01 1.307658e-01 1.945410e-01 4.058083e-01 3.980325e-01 2.673092e-01 4.588824e-03
<GCONST> 5.123108e+01
<MIXTURE> 3 3.917700e-01
<MEAN> 39
 -1.130225e+01 -1.965439e+00 1.872984e-01 6.355461e+00 -1.405231e+01 1.265647e+01 -8.786580e+00 -2.411423e+00 2.980792e+00 -7.870727e+00 -5.424371e-01 -2.527712e+00 3.989064e+01 1.445377e-02 -4.383147e-04 -3.351839e-02 -3.326482e-02 1.236796e-02 -2.209373e-02 -6.131385e-02 1.183190e-01 1.667291e-01 2.067699e-01 2.943043e-01 1.145649e-01 4.398042e-03 2.148350e-02 -4.989389e-02 -6.091351e-02 -2.863565e-03 3.687272e-02 4.828896e-02 -6.346730e-02 -2.714402e-03 3.245228e-02 2.731983e-02 3.927792e-02 -6.899148e-03 2.388100e-02
<VARIANCE> 39
 9.271107e-01 1.958626e+00 3.319430e+00 4.667378e+00 7.344929e+00 8.254146e+00 8.595617e+00 1.073756e+01 1.004011e+01 8.824600e+00 8.907087e+00 1.213108e+01 5.271885e-01 4.933514e-02 1.253616e-01 3.057126e-01 4.654992e-01 6.981570e-01 6.533050e-01 8.931527e-01 6.460779e-01 7.373761e-01 1.228737e+00 1.021007e+00 1.514587e+00 2.032407e-02 1.045712e-02 3.060676e-02 4.982013e-02 9.289389e-02 1.700884e-01 1.640227e-01 2.077140e-01 1.086730e-01 1.742520e-01 2.398288e-01 2.671926e-01 3.294999e-01 4.067869e-03
<GCONST> 4.833894e+01
<STATE> 3
<NUMMIXES> 3
<MIXTURE> 1 1.898330e-01
<MEAN> 39
 -1.057495e+01 -9.721027e-02 -4.889963e-01 7.655537e+00 -1.356284e+01 1.369046e+01 -8.965100e+00 -6.216199e+00 -2.993121e+00 -1.188120e+01 -2.909029e+00 -6.514032e-01 3.980979e+01 2.566431e-01 -9.262241e-01 -2.652152e-01 1.697817e+00 8.027431e-01 1.546616e+00 8.175970e-01 -2.168832e-01 9.108131e-02 -5.883817e-01 -1.394491e+00 -1.331807e+00 3.663521e-01 -1.120638e-01 -1.296297e+00 -6.831748e-03 9.783383e-01 3.515615e-01 -9.329597e-02 -7.836169e-01 1.009314e+00 1.738449e+00 -2.660903e-01 3.028346e-03 -4.818229e-01 3.633258e-01
<VARIANCE> 39
 2.402767e-04 1.962879e-04 2.862798e-03 8.301489e-06 8.701287e-02 2.958740e-03 1.064069e-02 3.681415e-02 1.072857e-01 4.223445e-02 4.272299e-02 2.787002e-02 5.006282e-05 3.982579e-05 1.163277e-03 8.913117e-03 5.591258e-04 7.030942e-04 1.231445e-02 1.163357e-02 3.183515e-05 3.230552e-04 1.760823e-03 2.307572e-05 2.650577e-03 1.700340e-04 8.071850e-05 2.846823e-04 2.105820e-03 5.054684e-03 9.849262e-04 1.354728e-04 9.803419e-04 1.956974e-03 2.412143e-03 2.609853e-04 2.233686e-05 8.441461e-04 3.955070e-05
<GCONST> -1.963564e+02
<MIXTURE> 2 3.791545e-01
<MEAN> 39
 -1.054517e+01 -3.682190e+00 -2.658962e+00 1.956032e+00 -1.948208e+01 8.300642e+00 -1.049628e+01 -5.919455e-01 2.432193e+00 -9.916135e+00 -6.365888e-01 -3.028913e+00 4.087994e+01 3.932590e-01 -1.028811e+00 -7.777873e-01 6.667812e-01 -3.006656e-01 -7.909691e-01 -2.251375e+00 -1.116304e+00 4.569148e-02 5.483174e-01 1.383650e+00 -1.777439e+00 4.495363e-01 1.874082e-01 4.389464e-03 -1.458828e-01 -1.195195e-01 3.338796e-01 1.172778e-01 -2.136476e-01 -2.744548e-01 6.912257e-02 -2.063179e-01 -5.820737e-02 -1.059650e-01 1.194766e-01
<VARIANCE> 39
 8.595474e-01 2.920750e-01 1.347039e-02 4.309863e+00 1.158999e+01 4.898573e-01 8.603556e+00 2.554185e-01 1.811136e-01 1.256927e-01 2.282208e+01 1.069452e+01 1.991127e+00 1.183197e-03 6.946338e-04 3.882872e-01 3.440273e-02 1.312079e-03 1.189020e-01 4.139281e-02 3.819641e-02 1.154436e-02 8.807007e-01 9.990711e-01 2.906730e-01 5.074091e-02 2.009747e-03 4.166510e-02 1.806346e-01 6.751566e-03 4.697353e-03 7.099530e-02 6.430376e-03 1.873895e-02 2.623158e-01 3.737389e-01 6.639668e-03 7.549553e-02 1.525171e-03
<GCONST> -1.950575e+01
<MIXTURE> 3 4.310125e-01
<MEAN> 39
 -1.048264e+01 -1.113751e+00 -2.334117e+00 6.926628e+00 -9.419900e+00 1.329081e+01 -9.314192e+00 8.911757e-02 4.714824e+00 -7.296911e+00 1.799803e+00 -4.142686e+00 3.991820e+01 5.097165e-01 -9.853289e-01 -1.864905e+00 1.084860e+00 1.355760e+00 -1.080269e+00 -1.527168e+00 -2.245103e-01 -2.874476e-01 1.157741e-01 -1.673201e+00 -5.354056e-01 5.899865e-01 9.289491e-02 -7.587963e-01 -9.468741e-01 -4.189633e-01 -2.848345e-01 -8.552885e-02 -2.456096e-01 -1.832209e-01 2.533881e-01 -4.227418e-02 -1.615745e-01 6.175921e-02 1.717531e-01
<VARIANCE> 39
 2.988187e-01 3.628351e-01 1.232125e+00 2.008120e+00 6.930837e+00 4.485044e+00 5.530682e+00 4.585259e+00 1.838364e+00 4.169977e-01 1.072119e+01 7.179126e-01 8.969592e-02 9.434333e-03 1.190613e+00 1.412764e+00 5.015814e-01 4.021341e-02 1.355797e-02 8.750456e-02 2.594087e-02 3.142605e-02 1.165596e-01 2.742854e-02 1.770079e-01 2.471750e-02 1.253060e-04 1.379796e-02 4.157344e-02 2.952785e-01 3.751837e-02 1.641401e-01 1.031835e-01 4.213786e-02 1.459138e-01 5.273880e-02 3.252580e-01 1.960792e-02 1.250475e-03
<GCONST> -1.480612e+00
<STATE> 4
<NUMMIXES> 3
<MIXTURE> 1 1.322048e-01
<MEAN> 39
 -4.279684e+00 -9.601334e+00 -3.425786e+00 2.110461e+00 -1.835242e+01 9.725678e+00 -1.557285e+01 1.104239e+00 6.842037e+00 -1.016767e+01 4.923125e+00 -3.069388e+00 4.776432e+01 1.514213e+00 1.792631e-01 -2.394618e-02 -1.113803e-01 2.434705e-01 -5.511421e-01 -6.651148e-01 2.542239e-01 5.604171e-01 2.017341e-01 4.136457e-01 7.692845e-01 1.136665e+00 2.586153e-01 9.920137e-02 1.342584e-01 -2.503801e-01 -6.976473e-02 -1.102387e-01 -1.954542e-01 1.966400e-01 3.767701e-01 4.065565e-01 3.515986e-02 1.046303e-01 2.195604e-01
<VARIANCE> 39
 5.715503e+01 5.241316e+01 1.320533e+01 5.527639e+01 1.905540e+01 1.453686e+01 2.504814e+01 8.865189e+00 1.531836e+01 1.864198e+01 3.494772e+01 2.359292e+01 2.874617e+01 5.545108e+00 6.218957e+00 2.409825e+00 2.619148e+00 1.104631e+00 2.164325e+00 4.015572e+00 2.547250e+00 4.917164e+00 2.422499e+00 8.369117e-01 1.662688e+00 3.754472e+00 6.302862e-01 7.200516e-01 2.977528e-01 4.938032e-01 1.979526e-01 2.858350e-01 4.487463e-01 3.925207e-01 3.163180e-01 3.193116e-01 1.911570e-01 4.930335e-01 2.662459e-01
<GCONST> 1.124470e+02
<MIXTURE> 2 4.972645e-01
<MEAN> 39
 -3.371104e+00 -4.292601e+00 6.891863e-01 2.396234e+00 -1.833795e+01 9.969424e+00 -1.610621e+01 -3.578964e+00 1.078212e+00 -1.019168e+01 2.948162e+00 -4.421079e+00 4.724104e+01 -2.981448e-01 7.932797e-02 9.088553e-02 4.279647e-02 -1.629185e-01 -2.148826e-01 -2.984333e-02 -2.154745e-01 -1.827417e-01 -2.293102e-01 -3.179584e-01 -3.038504e-01 -2.524577e-01 -2.613718e-02 -9.955551e-03 -1.827886e-02 6.538910e-03 4.254998e-02 2.368714e-02 4.957908e-02 -1.914501e-02 -4.401673e-02 -6.954834e-02 -8.540668e-02 -5.310572e-02 -1.724739e-02
<VARIANCE> 39
 8.903618e+01 3.253276e+01 1.852606e+01 6.496593e+01 2.981550e+01 1.461701e+01 3.990982e+01 3.495980e+01 6.600423e+01 2.924597e+01 4.866315e+01 1.148477e+01 6.394028e+01 4.035026e-01 6.873956e-01 7.348529e-01 1.119732e+00 1.403647e+00 1.256221e+00 1.252211e+00 1.436446e+00 2.076933e+00 1.987252e+00 1.382881e+00 9.969602e-01 4.142246e-01 3.412163e-02 1.353529e-01 1.413513e-01 1.867058e-01 3.475714e-01 2.864963e-01 2.244039e-01 3.344026e-01 5.132498e-01 4.063935e-01 2.336383e-01 2.028842e-01 3.072238e-02
<GCONST> 9.663497e+01
<MIXTURE> 3 3.705309e-01
<MEAN> 39
 -1.756648e+00 -6.459905e+00 -1.390389e+00 4.322509e-01 -1.714995e+01 1.016395e+01 -1.630214e+01 -5.774856e-01 5.575397e+00 -7.992860e+00 3.096676e+00 -4.210780e+00 4.936017e+01 -1.207363e-01 -1.726068e-01 5.898752e-02 4.703596e-03 6.636396e-02 4.324153e-01 1.484067e-01 -1.214885e-02 -5.827243e-02 1.136139e-01 2.195071e-01 6.577508e-03 -3.596460e-02 -7.128353e-02 3.365716e-02 6.072227e-03 1.588695e-02 -7.852381e-02 1.531588e-02 4.398400e-02 -2.534209e-02 -8.824603e-02 -4.714531e-02 9.473509e-02 7.227118e-02 -8.231878e-02
<VARIANCE> 39
 9.643351e+01 3.136750e+01 3.219917e+01 7.128324e+01 2.332825e+01 1.376454e+01 4.559107e+01 2.673552e+01 4.943420e+01 2.267451e+01 4.021620e+01 1.426101e+01 8.978575e+01 6.441765e-01 1.312165e+00 1.046848e+00 1.963513e+00 1.399003e+00 1.267259e+00 1.605944e+00 1.454611e+00 2.284533e+00 1.563294e+00 1.296882e+00 1.477590e+00 1.006432e+00 1.219213e-01 1.993707e-01 1.902955e-01 3.261383e-01 2.773433e-01 2.755330e-01 2.921111e-01 3.029583e-01 4.742497e-01 3.007761e-01 1.911257e-01 2.717161e-01 8.989107e-02
<GCONST> 1.032749e+02
<TRANSP> 5
 0.000000e+00 1.000000e+00 0.000000e+00 0.000000e+00 0.000000e+00
 0.000000e+00 9.690128e-01 3.098722e-02 0.000000e+00 0.000000e+00
 0.000000e+00 0.000000e+00 2.419566e-01 7.580434e-01 0.000000e+00
 0.000000e+00 0.000000e+00 0.000000e+00 9.740904e-01 2.590961e-02
 0.000000e+00 0.000000e+00 0.000000e+00 0.000000e+00 0.000000e+00
<ENDHMM>
~h "t-uh"
<BEGINHMM>
<NUMSTATES> 5
<STATE> 2
<NUMMIXES> 3
<MIXTURE> 2 1.000000e+00
<MEAN> 39
 -8.861709e+00 -3.394944e+00 -1.129142e+00 2.347431e+00 -2.034375e+01 1.148965e+01 -1.134499e+01 -1.281759e+00 1.013436e+01 -3.436562e+00 3.082246e+00 -3.001842e+00 4.226488e+01 -2.523193e-01 3.174456e-01 4.347596e-01 9.848784e-01 3.819724e-01 1.845310e-02 -1.186342e+00 -9.389993e-01 -5.442340e-01 -7.543702e-01 1.319602e+00 1.244162e+00 -2.494165e-01 2.459345e-01 -2.661028e-01 -4.770875e-01 -2.605092e-01 1.398340e-01 1.007306e-01 1.047225e-01 2.174595e-01 -3.153560e-01 -6.022393e-01 -3.313877e-01 -5.526546e-02 1.812115e-01
<VARIANCE> 39
 1.497613e+00 1.295170e+00 1.341734e+00 2.596829e+01 2.931504e+01 1.933079e+00 5.138588e+00 2.023447e+00 2.412108e+01 1.667752e+01 4.874735e+00 5.585321e-01 1.656321e+00 8.259695e-02 3.763970e-01 4.925752e-02 1.314357e+00 2.805693e+00 5.593496e-02 7.901842e-01 1.350463e+00 8.009307e-01 1.739116e-01 4.204823e-01 2.889681e-01 8.771237e-04 1.681289e-02 2.076702e-02 9.160890e-02 1.311729e-01 1.254244e-01 6.621526e-02 3.578968e-01 6.107243e-02 9.489774e-02 3.184014e-01 6.362673e-02 5.056597e-02 1.320688e-02
<GCONST> 3.609849e+01
<STATE> 3
<NUMMIXES> 3
<MIXTURE> 1 1.093647e-01
<MEAN> 39
 -4.794841e-01 5.657623e+00 6.144918e+00 5.683448e+00 -1.932179e+01 8.891819e+00 -1.347521e+01 -3.721404e+00 2.413370e+00 -5.665943e+00 4.929006e+00 -1.759456e+00 4.608955e+01 -9.910153e-01 -2.132555e-01 1.174023e-01 1.139395e+00 7.881723e-01 5.777473e-01 9.099552e-01 5.411321e-01 8.797022e-01 3.707078e-01 -8.537452e-01 -4.284135e-01 -8.036378e-01 2.312831e-02 -2.562202e-01 -1.428125e-01 -1.215450e-01 3.888452e-02 2.410296e-01 -3.416043e-02 -2.467125e-01 -2.485408e-01 -6.453052e-02 1.767553e-01 9.919436e-02 1.109107e-01
<VARIANCE> 39
 1.100362e+01 3.631988e+00 8.830749e+00 3.226320e+01 2.265368e+01 2.071608e+01 2.029637e+01 1.069840e+01 1.970771e+01 7.375347e+00 1.153726e+01 9.850130e+00 5.284137e+00 9.257652e-01 5.052448e-01 4.827380e-01 1.523838e+00 1.397562e+00 2.655278e+00 1.757229e+00 9.456146e-01 1.821835e+00 2.292029e-01 4.546027e-01 4.303514e-01 3.678102e-01 2.776163e-01 7.720643e-02 4.969444e-02 2.147765e-01 2.580036e-01 7.201841e-01 2.373154e-01 2.023169e-01 4.242921e-01 9.681919e-02 3.251152e-02 7.619721e-02 1.040951e-01
<GCONST> 7.661591e+01
<MIXTURE> 2 3.952790e-01
<MEAN> 39
 2.633436e-01 -3.504957e+00 -2.697815e+00 -3.146221e+00 -2.294722e+01 8.349115e+00 -1.757963e+01 -3.509035e+00 3.981718e+00 -8.103657e+00 5.714184e+00 -6.139475e-01 4.931960e+01 8.816859e-01 4.657741e-02 8.485693e-02 -1.905900e-01 -6.389029e-02 -3.957147e-01 -6.669049e-01 -1.843382e-01 -3.829964e-01 -2.115445e-02 2.016335e-01 -1.107220e-01 7.139659e-01 5.310013e-02 5.584561e-02 4.871530e-02 -1.163260e-01 -2.777707e-02 9.717141e-02 1.389013e-01 6.620236e-02 -5.640784e-02 9.743231e-02 4.199621e-02 -8.649608e-02 4.684345e-02
<VARIANCE> 39
 5.399702e+01 2.043164e+01 2.080088e+01 2.185807e+01 1.298798e+01 2.157545e+01 4.517406e+01 2.598789e+01 5.158020e+01 2.918656e+01 3.734212e+01 3.061425e+01 3.657404e+01 4.583271e+00 1.992984e+00 2.245793e+00 2.235397e+00 1.541307e+00 2.420700e+00 3.921560e+00 1.198941e+00 2.616688e+00 1.941520e+00 1.912691e+00 1.068402e+00 3.191960e+00 5.295594e-01 3.714303e-01 4.253525e-01 3.776872e-01 3.298794e-01 4.559628e-01 5.565568e-01 2.413144e-01 3.583468e-01 3.377562e-01 3.036312e-01 2.338013e-01 3.615203e-01
<GCONST> 1.125242e+02
<MIXTURE> 3 4.953564e-01
<MEAN> 39
 1.036781e+01 -1.132127e+00 2.989395e+00 -6.979692e+00 -2.311184e+01 1.012479e+01 -2.346125e+01 -8.023684e+00 -3.991886e+00 -7.148797e+00 1.289264e+01 -1.540150e+00 5.799637e+01 -2.412158e-01 2.752751e-01 9.044605e-02 1.021709e-01 -1.892376e-02 1.370634e-01 3.137172e-01 -1.582486e-01 -4.084358e-01 -2.608950e-01 4.727369e-02 1.897059e-01 -3.115124e-01 -7.074721e-02 -2.211560e-02 -4.778324e-02 9.012705e-02 3.907796e-02 -3.456073e-02 2.454918e-02 4.068430e-02 9.405979e-02 -3.590072e-02 -1.168443e-01 1.884474e-02 -7.245577e-02
<VARIANCE> 39
 4.214546e+00 4.845840e+00 3.921835e+00 4.883601e+00 5.689951e+00 7.883829e+00 1.104435e+01 8.148177e+00 1.446996e+01 1.220870e+01 8.306220e+00 6.676406e+00 7.496810e+00 1.347167e-01 2.692784e-01 2.775412e-01 2.896696e-01 7.801228e-01 7.795269e-01 8.652968e-01 8.095595e-01 9.032169e-01 1.002210e+00 1.061834e+00 8.344136e-01 1.946521e-01 2.327741e-02 5.596887e-02 3.971101e-02 5.319835e-02 1.614428e-01 1.222839e-01 1.744088e-01 1.609230e-01 1.478233e-01 1.567709e-01 9.399968e-02 1.502925e-01 2.926409e-02
<GCONST> 5.674895e+01
<STATE> 4
<NUMMIXES> 3
<MIXTURE> 1 2.185740e-01
<MEAN> 39
 -3.604656e+00 -2.921133e+00 -6.175228e+00 -4.718452e+00 -2.172698e+01 1.491593e+01 -5.320479e+00 -1.895386e+00 -6.253645e-01 -5.998874e+00 8.805478e+00 4.810412e-01 4.534708e+01 -2.231048e-01 -5.784310e-01 -5.941689e-01 -2.188037e-01 1.542889e-01 2.133778e-01 -4.796525e-01 3.545024e-01 1.003502e+00 1.021705e+00 6.227472e-01 7.866088e-01 -2.124720e-01 -6.222512e-02 1.867920e-01 2.481344e-01 3.328964e-01 1.433409e-01 -9.841571e-02 -2.198860e-01 -3.872332e-02 1.991252e-01 1.548191e-01 -1.082486e-01 2.465897e-01 -2.418938e-02
<VARIANCE> 39
 2.580139e-01 5.079902e-01 1.284594e+00 1.074145e+00 4.370795e+00 2.114740e+00 5.687165e+00 1.632202e+01 2.856809e+01 1.530739e+01 3.113880e+00 4.747913e+00 7.543863e-02 2.834317e-02 2.529484e-01 3.623180e-01 8.028618e-02 1.342634e-01 1.603020e-01 1.256196e-01 1.806720e+00 7.665892e-01 1.768553e-02 4.531271e-01 4.935519e-01 2.707275e-03 2.894746e-02 7.064580e-03 1.184263e-01 6.609125e-02 1.154075e-01 1.658258e-02 3.916449e-02 6.462992e-01 6.272569e-01 3.707862e-01 2.662290e-01 5.506353e-02 2.166940e-03
<GCONST> 2.230830e+01
<MIXTURE> 2 4.890393e-01
<MEAN> 39
 -3.809304e+00 -1.275579e+00 -4.413951e+00 -2.193351e+00 -2.207037e+01 1.272909e+01 -4.979370e+00 -1.576037e-01 7.248362e-01 -8.469033e+00 7.100911e+00 2.322922e+00 4.493880e+01 -3.410398e-01 -9.454741e-02 1.267060e-01 2.024369e-01 7.678587e-01 6.979706e-01 -1.510658e-02 -6.143046e-01 -8.214825e-01 -1.078316e+00 -8.227280e-01 -6.537275e-01 -1.585534e-01 -2.048982e-01 -2.507877e-01 -1.190182e-02 -5.030027e-02 1.606330e-02 -2.650537e-01 -4.012286e-01 -2.590459e-01 2.061141e-01 2.335525e-01 -1.837710e-01 -2.678376e-01 -9.275611e-02
<VARIANCE> 39
 1.237114e+01 4.116114e+00 3.269205e+00 9.982647e+00 7.532429e+00 3.436942e+00 8.260972e+00 1.695734e+00 4.899894e+00 1.321852e+01 5.375617e+00 4.502784e+00 5.566599e+00 6.464933e-01 5.127646e-01 3.488299e-01 4.050069e-01 5.131414e-01 3.774588e-01 2.325135e+00 8.157637e-01 1.122922e+00 5.289315e-01 4.275145e-01 8.174690e-01 1.288139e-01 1.696870e-01 7.577586e-02 1.298362e-01 8.062904e-02 2.516631e-01 5.305015e-02 3.726941e-01 9.821789e-02 1.678003e-01 2.387010e-01 1.119715e-01 9.488401e-02 4.775935e-02
<GCONST> 5.903574e+01
<MIXTURE> 3 2.923868e-01
<MEAN> 39
 -5.272638e+00 3.744553e-01 8.771060e-01 3.567286e+00 -1.898575e+01 1.418796e+01 -9.440062e+00 -5.732765e+00 1.249120e+00 -6.516102e+00 2.097469e+00 -4.303211e+00 4.332742e+01 -1.076968e+00 -1.341819e+00 -1.002831e+00 -4.224541e-01 2.753524e-01 7.301547e-01 -3.253092e-01 -8.244084e-01 3.354369e-01 8.780537e-01 4.723811e-01 6.090866e-01 -5.288423e-01 2.113468e-02 1.121665e-01 1.773982e-01 -7.067144e-02 -1.231842e-01 -3.678040e-01 -1.267533e-01 3.759337e-01 4.300989e-01 -1.875611e-01 1.470233e-01 3.246212e-01 6.152442e-02
<VARIANCE> 39
 5.642839e-01 1.364112e+01 2.382393e+01 2.595719e+01 9.967243e+00 7.954865e+00 6.885615e+00 2.483308e+00 4.027633e+00 3.308101e+01 1.242584e+01 2.194554e+01 1.099993e+00 6.633908e-01 1.464805e-01 1.140470e-02 2.175100e-01 7.138330e-01 1.864451e+00 2.173025e+00 3.228262e+00 1.196057e+00 7.322279e-01 3.199660e-01 1.022503e+00 1.431747e-01 1.551391e-02 2.556401e-02 2.765195e-03 8.672186e-02 3.910170e-01 1.645536e-01 1.389761e-01 1.002809e-01 1.888270e-02 2.448024e-01 1.355690e-01 1.052014e-01 4.322000e-03
<GCONST> 5.040693e+01
<TRANSP> 5
 0.000000e+00 1.000000e+00 0.000000e+00 0.000000e+00 0.000000e+00
 0.000000e+00 0.000000e+00 1.000000e+00 0.000000e+00 0.000000e+00
 0.000000e+00 0.000000e+00 9.649967e-01 3.500330e-02 0.000000e+00
 0.000000e+00 0.000000e+00 0.000000e+00 7.085675e-01 2.914325e-01
 0.000000e+00 0.000000e+00 0.000000e+00 0.000000e+00 0.000000e+00
<ENDHMM>
~h "d+uw"
<BEGINHMM>
<NUMSTATES> 5
<STATE> 2
<NUMMIXES> 3
<MIXTURE> 1 1.304247e-01
<MEAN> 39
 1.212781e+00 5.392866e+00 1.532396e+00 2.733445e+00 -2.320462e+01 5.227480e+00 -1.709654e+01 -6.194150e+00 2.777229e-01 -1.145488e+01 1.925056e+00 -5.625189e+00 4.671740e+01 2.286705e+00 2.128113e+00 3.478421e+00 1.473180e+00 1.086879e+00 5.596529e-01 8.664775e-01 1.688570e+00 1.990805e+00 9.810140e-01 4.229746e-01 -1.124315e+00 1.551226e+00 -1.587420e-02 -3.706801e-01 1.806404e-01 -3.651676e-02 1.478874e-01 4.498838e-02 -1.255488e-01 4.546758e-01 1.678687e-01 5.079136e-02 2.008614e-01 4.186249e-01 1.832881e-01
<VARIANCE> 39
 1.689126e+01 1.012146e+01 1.286993e+01 1.451371e+01 1.311225e+01 1.292127e+01 2.517444e+01 4.171426e+01 2.177373e+01 1.480149e+01 2.213907e+00 3.743069e+00 5.811513e+00 1.519118e+00 9.202632e-01 6.158797e-01 1.665681e-01 2.961969e-01 2.363512e+00 1.157455e+00 1.920054e+00 2.647022e+00 1.123912e+00 4.462053e-01 1.739950e+00 4.798823e-01 1.237769e-01 2.625090e-01 3.823569e-01 1.025981e-01 1.011170e-01 1.600707e-01 8.650813e-01 6.176949e-01 8.320554e-01 2.983799e-01 2.622650e-02 3.861270e-02 3.087444e-02
<GCONST> 7.920897e+01
<MIXTURE> 2 4.483559e-01
<MEAN> 39
 -6.032076e+00 -1.666595e+00 -6.383653e+00 -2.906785e+00 -2.367795e+01 7.125110e+00 -1.175028e+01 -3.128751e+00 2.565971e+00 -9.721784e+00 1.342695e+00 -2.653487e+00 4.254078e+01 1.173932e+00 7.845342e-01 2.078511e-01 -1.516900e-01 -8.545146e-01 -1.355368e+00 -1.775115e+00 -1.386918e+00 -1.292294e+00 -8.722671e-01 3.594710e-02 7.444080e-01 6.443471e-01 2.679211e-01 2.939796e-01 4.092338e-01 4.206032e-01 9.911759e-02 8.323007e-02 -1.700263e-01 -9.419565e-02 -7.651357e-02 -9.356933e-02 -9.220840e-02 -2.451237e-01 1.344246e-01
<VARIANCE> 39
 1.836296e+01 5.160956e+00 1.884849e+01 3.302409e+01 3.065546e+01 2.410893e+01 2.715424e+01 1.946404e+01 8.925137e+00 1.186170e+01 1.329432e+01 1.711095e+01 5.942464e+00 4.955845e-01 3.161837e-01 1.928922e+00 2.935779e+00 1.711912e+00 1.798646e+00 1.745000e+00 1.206633e+00 1.671314e+00 2.006289e+00 2.520057e+00 2.019333e+00 1.470493e-01 1.595347e-01 1.248541e-01 1.880182e-01 3.017534e-01 2.083798e-01 3.079625e-01 4.652984e-01 4.022899e-01 4.268480e-01 4.576262e-01 4.882512e-01 4.534495e-01 4.562766e-02
<GCONST> 9.264352e+01
<MIXTURE> 3 4.212195e-01
<MEAN> 39
 2.481454e+00 7.027454e+00 7.930382e+00 7.002678e+00 -2.191786e+01 4.937990e+00 -1.919521e+01 -7.870776e+00 -2.302010e+00 -1.255165e+01 2.560957e+00 -3.986176e+00 4.775587e+01 1.535559e+00 6.467605e-01 1.946611e+00 8.907954e-01 2.155917e-01 1.922743e-01 -1.224680e+00 1.152175e-01 -4.586017e-01 -1.737958e-01 7.883543e-01 -5.397699e-01 1.293263e+00 -2.620049e-01 -3.413277e-01 -3.145641e-01 -2.498174e-01 1.058825e-01 2.796809e-01 1.711154e-01 1.495572e-01 1.360366e-01 1.765716e-01 2.387081e-02 -1.298949e-01 -1.067714e-01
<VARIANCE> 39
 1.981853e+01 9.331645e+00 3.020494e+01 1.455579e+01 1.907467e+01 1.863269e+01 1.849935e+01 1.393292e+01 1.824143e+01 9.307260e+00 1.611653e+01 6.263893e+00 1.473565e+01 5.164729e-01 2.130653e+00 6.821021e-01 9.678501e-01 1.313405e+00 2.114918e+00 1.296278e+00 6.442828e-01 2.997002e-01 6.303653e-01 9.266035e-01 7.223198e-01 3.138074e-01 1.365701e-01 2.269007e-01 2.811436e-01 6.278541e-02 1.914384e-01 3.745963e-01 3.076309e-01 3.770649e-01 5.082589e-01 2.422560e-01 3.344301e-01 8.883672e-02 1.290499e-01
<GCONST> 8.418420e+01
<STATE> 3
<NUMMIXES> 3
<MIXTURE> 1 4.568634e-01
<MEAN> 39
 1.297681e+01 -1.033325e+01 -1.593209e+00 -1.156995e+01 -1.972410e+01 1.420614e+01 -1.824116e+01 6.389258e+00 4.707349e+00 -1.062785e+01 2.895495e+00 -9.681391e+00 6.403227e+01 -5.045277e-02 4.121599e-02 -8.457066e-02 1.199897e-01 -4.025836e-02 4.843036e-02 3.565046e-01 1.702085e-01 -9.076186e-02 -3.546277e-01 -4.794059e-02 2.173727e-01 -1.164264e-01 8.010222e-04 2.007171e-03 -5.417180e-02 -3.084105e-03 7.805166e-02 4.272727e-02 -2.841189e-02 -1.364544e-01 -6.787027e-02 1.123487e-01 1.336217e-01 7.563432e-02 -1.748599e-03
<VARIANCE> 39
 1.215303e+00 3.331660e+01 1.056209e+01 1.201199e+01 1.632939e+01 1.022247e+01 1.315329e+01 2.240483e+01 5.324081e+01 2.092078e+01 2.843989e+01 3.995090e+01 7.245778e+00 7.794851e-02 3.054498e-01 1.554138e-01 7.780822e-01 5.940503e-01 6.294314e-01 6.466835e-01 6.157399e-01 4.875760e-01 8.548645e-01 1.157535e+00 6.611565e-01 1.296079e-01 1.614419e-02 4.952411e-02 2.937761e-02 1.214054e-01 9.442152e-02 1.205979e-01 1.304105e-01 7.580590e-02 1.109813e-01 1.328559e-01 1.763837e-01 1.184705e-01 1.722640e-02
<GCONST> 6.210976e+01
<MIXTURE> 2 2.265466e-01
<MEAN> 39
 8.336801e+00 2.484449e+00 9.578797e+00 5.262316e+00 -2.000340e+01 7.610828e+00 -2.307385e+01 -3.813692e+00 1.253224e+00 -9.906300e+00 5.543873e+00 -4.938031e+00 5.489459e+01 6.147439e-01 -1.080000e+00 -8.644210e-01 -1.353716e+00 -1.326728e-01 5.373845e-01 -3.175646e-01 -1.662198e-01 -1.722542e-01 4.421828e-01 6.520515e-01 3.525825e-01 9.104609e-01 -8.582935e-03 7.197747e-02 -1.218987e-01 -2.094648e-01 -9.590963e-02 1.154111e-01 2.147034e-01 -7.657107e-02 -2.431560e-01 -1.397433e-01 1.247809e-01 9.272402e-02 -3.442832e-02
<VARIANCE> 39
 8.397206e+00 3.532478e+01 2.120082e+01 4.283401e+01 8.131750e+00 1.621745e+01 1.488857e+01 1.400517e+01 1.365023e+01 2.360416e+01 1.546101e+01 1.489087e+01 1.954619e+01 8.174608e-01 2.594870e+00 1.275624e+00 4.393920e+00 1.062773e+00 3.700593e+00 2.023982e+00 1.775486e+00 3.686953e+00 3.552905e+00 2.670580e+00 1.119716e+00 1.570536e+00 1.850442e-01 6.105966e-01 2.470118e-01 6.321876e-01 1.961772e-01 7.772336e-01 5.742378e-01 3.340471e-01 6.452571e-01 8.781273e-01 4.863001e-01 1.997646e-01 3.755275e-01
<GCONST> 1.063851e+02
<MIXTURE> 3 3.165897e-01
<MEAN> 39
 1.349216e+01 -5.934229e+00 -6.726318e-01 -1.433763e+01 -2.150058e+01 1.460954e+01 -1.948560e+01 -2.430664e+00 -2.854199e+00 -5.653706e+00 1.295096e+01 -3.882707e+00 6.314538e+01 -5.575064e-02 -5.402804e-01 -3.698698e-01 -1.882068e-01 4.102108e-01 1.480694e-01 -4.601161e-03 6.447605e-01 8.593695e-01 3.117059e-01 -7.059132e-01 -9.248917e-01 1.549111e-01 -5.084889e-02 -1.107122e-02 1.021441e-01 2.358118e-01 -4.682130e-02 -2.183544e-01 -5.402165e-02 1.722412e-01 2.428289e-01 -1.009253e-01 -3.253513e-01 -8.919434e-02 -6.350593e-02
<VARIANCE> 39
 1.159362e+00 2.091904e+01 1.062027e+01 1.603923e+01 1.168440e+01 7.738035e+00 1.561098e+01 1.470106e+01 4.723529e+01 4.471129e+01 1.821936e+01 5.186373e+01 3.901857e+00 1.059447e-01 1.205481e+00 2.996000e-01 1.240687e+00 7.105330e-01 1.196280e+00 2.054751e+00 1.476441e+00 3.133298e+00 3.614852e+00 2.817949e+00 3.251261e+00 2.904766e-01 2.444814e-02 1.399758e-01 3.846912e-02 1.142558e-01 7.142433e-02 2.875040e-01 2.607333e-01 2.716334e-01 3.079045e-01 3.920412e-01 3.699331e-01 4.954747e-01 3.389484e-02
<GCONST> 8.228399e+01
<STATE> 4
<NUMMIXES> 3
<MIXTURE> 1 4.783049e-01
<MEAN> 39
 1.073662e+01 -8.954489e+00 -2.850936e+00 -7.952399e-01 -1.385970e+01 1.763476e+01 -1.801597e+01 6.197862e+00 7.795544e+00 -1.209129e+01 2.108531e+00 -8.401314e+00 5.919984e+01 -5.184580e-01 6.389847e-01 -2.460210e-02 1.256215e+00 7.360470e-01 2.001219e-01 5.532041e-01 1.716731e-02 7.511144e-01 4.324979e-01 -3.743266e-01 -9.860741e-02 -7.985616e-01 -1.387159e-01 1.415904e-01 1.240689e-01 -9.172852e-02 -1.388872e-01 1.397063e-01 4.006177e-01 2.247202e-01 1.279219e-01 -1.709554e-01 -1.481437e-01 -1.256927e-01 -1.261213e-01
<VARIANCE> 39
 1.156395e+00 2.481384e+00 8.202957e-01 5.302228e+00 7.648691e+00 3.739486e+00 3.972291e+00 6.175861e+00 9.930142e+00 2.547175e+00 9.922112e+00 3.291439e+00 2.299368e+00 8.974722e-02 1.876916e-01 8.621150e-02 6.804258e-01 1.724766e-01 5.319078e-01 2.736082e+00 1.274869e+00 7.891515e-01 4.669942e-01 3.411918e-01 3.192016e-01 1.719541e-01 1.415003e-02 2.621057e-02 2.898240e-02 1.368776e-01 2.083891e-02 3.882708e-02 2.642019e-01 1.949358e-01 2.197353e-01 1.370118e-01 2.451113e-02 4.854451e-02 9.466006e-03
<GCONST> 3.685698e+01
<MIXTURE> 2 3.477946e-01
<MEAN> 39
 8.324282e+00 -9.397834e+00 -3.479745e+00 -3.309117e+00 -1.450605e+01 1.535822e+01 -1.353842e+01 2.733372e+00 5.962455e+00 -9.549059e+00 -3.754736e+00 -1.110891e+01 5.846716e+01 -7.572870e-01 6.701835e-01 1.782557e-01 1.212663e+00 -8.353157e-03 -3.520438e-01 -9.011983e-01 -1.299647e+00 -1.206873e+00 -1.077144e+00 -7.585735e-01 3.891037e-01 -1.137271e+00 -5.429446e-02 -1.225327e-01 -2.309086e-01 -1.949749e-01 -3.220863e-02 1.444961e-01 -3.188133e-01 5.618048e-02 -3.475147e-02 -3.286667e-01 2.664517e-01 -4.049309e-01 -3.246810e-02
<VARIANCE> 39
 1.934315e+01 3.684858e+01 2.839322e+01 6.974569e+01 5.783169e+00 1.609160e+01 2.993785e+01 5.615941e+00 1.135307e+01 2.303744e+01 7.433053e+00 1.175822e+01 3.724300e+01 2.413718e-01 1.860632e-01 4.210646e-01 4.422214e-01 1.102503e+00 9.755571e-01 1.945174e+00 1.234876e+00 1.879443e-01 2.018701e+00 3.391651e-01 8.150710e-01 5.786527e-02 5.967464e-03 3.086468e-02 2.157299e-02 2.721637e-01 6.051020e-02 3.636725e-02 3.153668e-01 2.059407e-01 8.650652e-02 1.312889e-01 1.798148e-01 3.765284e-02 2.495132e-02
<GCONST> 6.445617e+01
<MIXTURE> 3 1.739004e-01
<MEAN> 39
 4.560194e+00 -3.331250e+00 -2.785118e-01 8.544770e+00 -1.025009e+01 2.410490e+01 -4.713526e+00 6.512890e+00 9.395726e+00 -1.231546e+01 3.620246e-01 -1.048849e+01 5.161013e+01 -1.369415e+00 1.205630e+00 1.541350e+00 1.515681e+00 -1.093801e-01 1.809367e-01 1.390590e+00 -1.246518e+00 -7.246470e-01 -1.861952e-01 -8.553887e-01 -5.763915e-02 -1.386915e+00 1.388777e-02 1.078973e-02 2.156364e-01 -3.657649e-01 -2.186834e-01 -7.067869e-01 -1.110681e+00 -4.258392e-01 -3.588474e-01 1.636237e-01 -4.681604e-02 1.132100e-01 1.258846e-01
<VARIANCE> 39
 2.248147e+00 1.369372e+00 5.765251e+00 3.030665e+00 3.752731e-01 6.141697e+00 7.688804e+00 2.077711e+01 1.957758e+00 3.480768e-01 4.189308e+00 2.399842e+00 3.099754e+00 6.896704e-02 1.479530e-02 1.333620e-01 8.243266e-01 1.333490e-01 1.793410e+00 5.238772e+00 3.053702e-01 1.591688e-01 3.047365e-01 2.786367e-01 1.334395e-01 7.554780e-02 1.021610e-02 1.468946e-03 8.073120e-02 4.147759e-02 6.014270e-03 8.212148e-02 1.857663e-01 1.089359e-01 6.230109e-02 8.131413e-02 3.192570e-03 1.185426e-02 4.119818e-03
<GCONST> 1.639052e+01
<TRANSP> 5
 0.000000e+00 1.000000e+00 0.000000e+00 0.000000e+00 0.000000e+00
 0.000000e+00 9.129795e-01 8.702054e-02 0.000000e+00 0.000000e+00
 0.000000e+00 0.000000e+00 9.794913e-01 2.050873e-02 0.000000e+00
 0.000000e+00 0.000000e+00 0.000000e+00 8.261008e-01 1.738992e-01
 0.000000e+00 0.000000e+00 0.000000e+00 0.000000e+00 0.000000e+00
<ENDHMM>
~h "s-ah+t"
<BEGINHMM>
<NUMSTATES> 5
<STATE> 2
<NUMMIXES> 3
<MIXTURE> 1 7.501304e-01
<MEAN> 39
 -9.179331e+00 -6.613197e+00 -3.482790e+00 7.105969e+00 -1.156400e+01 1.551008e+01 -1.048226e+01 -2.455830e+00 5.509632e+00 -7.152890e+00 -3.412461e+00 -5.404843e+00 4.230131e+01 1.040631e-01 -7.223475e-01 -1.321688e+00 -1.609354e+00 -1.068096e+00 2.983399e-01 4.097042e-01 7.095256e-01 1.457928e+00 9.890063e-01 1.298689e+00 1.299050e+00 2.817822e-01 1.088287e-01 1.722032e-01 3.247887e-01 6.503483e-02 -1.156186e-01 1.425467e-02 4.532909e-01 1.559421e-02 -6.649390e-01 -6.560397e-01 1.357373e-02 1.676219e-01 7.786325e-02
<VARIANCE> 39
 1.616441e+00 4.572072e+00 3.801837e+01 1.631937e+01 1.333400e+00 2.510106e+00 7.848527e+00 2.492265e+00 1.828445e+01 1.228717e+01 1.801155e+01 2.095568e+01 6.122386e-01 3.608418e-01 1.805902e-01 4.953035e-01 5.087203e-01 5.677367e-01 1.615627e-01 9.189839e-01 1.454998e-01 2.450438e+00 1.237239e+00 3.720788e-01 1.603186e+00 1.075220e-01 1.742478e-02 8.825279e-02 2.694560e-01 3.083509e-01 4.626900e-02 3.243987e-02 5.089789e-02 1.436791e-02 3.900646e-01 1.197504e-01 1.997024e-01 8.174092e-01 9.019890e-03
<GCONST> 5.272664e+01
<MIXTURE> 2 2.498695e-01
<MEAN> 39
 -7.823942e+00 -5.818254e+00 -4.057542e+00 2.457262e+00 -1.806425e+01 7.710505e+00 -1.494281e+01 -6.767989e+00 1.581848e+00 -1.077362e+01 -3.803325e-01 -4.084816e+00 4.271725e+01 6.943087e-02 -5.389323e-01 -8.463882e-01 -7.618967e-01 3.901230e-01 -2.918817e-01 -8.959188e-01 5.757275e-01 -7.813334e-01 -3.807429e-01 -5.778067e-01 -1.332706e+00 3.170414e-02 -4.466610e-02 2.840986e-01 4.181325e-01 3.212106e-01 2.763655e-01 1.769334e-01 3.266383e-01 5.340189e-01 -2.147022e-02 -2.297775e-01 -2.222274e-02 8.677909e-01 -1.307424e-02
<VARIANCE> 39
 9.119592e-01 2.415681e-01 3.956455e-01 3.270647e-02 9.018860e-01 3.295214e-01 1.180431e+01 2.863751e+00 6.750152e-01 2.277622e+00 5.019332e-01 1.160789e+00 1.525752e+00 4.410572e-01 1.508454e-01 3.359579e-01 7.206932e-02 1.710203e-01 1.032948e+00 1.762924e-01 6.182025e-01 3.647876e-01 1.211439e+00 6.167697e-01 2.827841e-01 2.057242e-01 3.031355e-04 3.852947e-03 1.404070e-01 1.107969e-01 3.394247e-02 1.082908e-03 1.668265e-01 4.069939e-01 6.036251e-03 1.334392e-04 3.545829e-03 1.699775e-01 5.094008e-03
<GCONST> -3.538666e+00
<STATE> 3
<NUMMIXES> 3
<MIXTURE> 3 1.000000e+00
<MEAN> 39
 -8.460061e+00 -9.007556e+00 -8.959785e+00 -6.199950e-01 -1.690304e+01 1.131618e+01 -1.179401e+01 -2.497142e+00 2.339557e+00 -8.490833e+00 1.031256e+00 -5.217870e+00 4.313080e+01 4.258737e-01 -3.580903e-01 1.450829e-01 -3.698771e-01 -4.199342e-01 -8.097051e-03 3.518201e-01 8.376506e-01 -1.341169e+00 -1.588320e+00 1.844726e-01 6.868451e-01 4.870201e-01 -9.034821e-02 1.786295e-01 5.792963e-01 8.283938e-01 2.756847e-01 6.636909e-02 3.485692e-01 2.858725e-01 -7.524057e-02 -1.971848e-01 -1.452040e-01 3.141369e-01 -2.034942e-02
<VARIANCE> 39
 1.494102e+00 4.651982e+00 1.448673e+01 4.669698e+00 3.063763e+00 1.815864e+01 2.026574e+01 3.002851e+00 1.840321e+01 1.289992e+01 2.339748e+00 3.808445e+00 8.951593e-01 2.005915e-01 3.252021e-01 9.048793e-01 1.444737e+00 1.861011e+00 1.174095e-01 7.867085e-01 3.917363e-01 3.167484e-01 4.744209e-01 1.006923e+00 1.745714e+00 6.002356e-02 2.711179e-02 1.902775e-02 2.200830e-02 1.041980e-01 2.405261e-02 4.111660e-02 1.462148e-01 2.529224e-01 2.943307e-01 4.983060e-02 4.947018e-03 6.584154e-01 1.444651e-02
<GCONST> 4.614975e+01
<STATE> 4
<NUMMIXES> 3
<MIXTURE> 1 4.999994e-01
<MEAN> 39
 -6.861301e+00 -8.095474e+00 -5.790950e+00 1.967529e+00 -1.801568e+01 1.256549e+01 -1.143138e+01 1.960497e+00 1.600704e+00 -1.319049e+01 1.143219e+00 -1.985204e+00 4.427079e+01 5.334670e-02 -5.715138e-01 -1.329746e-01 6.390134e-02 -3.197178e-01 4.071137e-01 1.387314e+00 2.394890e+00 6.440900e-01 -1.071582e+00 7.056346e-02 1.024595e+00 4.611302e-01 -2.992128e-01 -7.979324e-02 2.851156e-01 3.996692e-01 5.574673e-01 2.137786e-01 1.054890e-01 -1.985549e-01 3.777460e-01 6.694947e-01 1.354249e-01 -4.544033e-02 -7.874673e-02
<VARIANCE> 39
 2.152403e+00 2.320226e-01 2.904622e+00 8.646981e-01 2.622056e+00 1.555285e+01 4.070404e+01 4.449755e+00 6.086100e+00 6.422942e-01 1.180788e+01 7.065545e+00 3.883491e-01 3.999026e-02 3.604858e-02 2.117591e-02 1.724360e-01 3.246922e-01 8.280081e-02 1.424394e-01 6.841066e-01 1.507191e-01 2.897933e-02 5.165591e-01 4.081884e+00 6.933011e-03 1.612967e-02 1.527643e-02 2.163461e-02 1.299838e-01 3.150801e-02 4.356835e-02 3.771999e-01 1.186935e-01 1.873453e-02 1.828771e-01 2.151583e-01 1.702995e-01 3.411379e-04
<GCONST> 1.704875e+01
<MIXTURE> 3 5.000007e-01
<MEAN> 39
 -6.887929e+00 -8.140281e+00 -8.687393e+00 1.771368e+00 -1.730930e+01 9.048441e+00 -1.207455e+01 2.234350e+00 4.107869e+00 -1.374124e+01 1.944815e+00 3.746800e-01 4.458834e+01 -1.717668e-01 -2.131726e-01 1.011902e+00 1.139509e+00 9.365350e-01 3.338792e-01 9.565015e-01 3.292713e-01 -8.606009e-01 -1.408232e+00 -5.254982e-01 7.241879e-01 2.323610e-01 -1.734741e-01 -5.190479e-02 8.058849e-02 1.429650e-01 3.938317e-01 3.374937e-01 1.685907e-01 -3.592256e-01 2.595549e-02 3.888707e-01 1.235066e-01 -4.133164e-01 -1.522194e-01
<VARIANCE> 39
 1.543801e+00 4.224993e+00 1.124069e+01 3.177910e+00 7.050864e+00 3.843490e+00 2.853701e+00 1.657132e+00 7.878349e-01 8.539839e+00 6.678010e+00 1.123238e+01 2.547892e+00 2.375451e-01 4.999446e-01 2.679484e-01 1.367663e-01 4.391245e-01 6.641681e-01 9.276848e-01 9.869378e-02 1.835785e+00 6.611465e-01 1.441607e-01 7.257408e-02 5.211630e-02 4.237140e-02 1.286927e-02 1.020822e-02 2.823223e-01 5.898320e-02 5.848440e-02 2.039374e-01 1.552601e-01 4.854487e-02 8.054760e-03 5.398024e-02 3.229099e-01 1.333694e-02
<GCONST> 3.406094e+01
<TRANSP> 5
 0.000000e+00 1.000000e+00 0.000000e+00 0.000000e+00 0.000000e+00
 0.000000e+00 5.010781e-01 4.989220e-01 0.000000e+00 0.000000e+00
 0.000000e+00 0.000000e+00 1.292445e-03 9.987075e-01 0.000000e+00
 0.000000e+00 0.000000e+00 0.000000e+00 3.333331e-01 6.666669e-01
 0.000000e+00 0.000000e+00 0.000000e+00 0.000000e+00 0.000000e+00
<ENDHMM>
~h "d-uw+ah"
<BEGINHMM>
<NUMSTATES> 5
<STATE> 2
<NUMMIXES> 3
<MIXTURE> 1 2.307700e-01
<MEAN> 39
 8.182448e+00 -9.084741e+00 -6.508590e+00 -1.273372e-01 -1.224722e+01 1.717268e+01 -1.808359e+01 8.923878e+00 1.394341e+01 -1.513653e+01 -4.295845e+00 -8.597885e+00 5.638162e+01 -4.183172e-01 5.057226e-01 -5.978186e-01 6.916219e-01 9.185462e-01 4.173880e-01 1.611495e+00 -5.138722e-02 -6.370152e-01 -1.195944e+00 6.679782e-01 2.437029e+00 -7.940004e-01 -1.937676e-02 -2.946559e-02 -7.949424e-02 1.624782e-01 -8.639060e-02 3.057196e-01 6.044897e-01 -4.591947e-01 -1.365303e-01 1.061065e+00 6.219844e-01 1.704167e-01 -4.879032e-02
<VARIANCE> 39
 3.437297e+00 7.351598e+00 1.217987e+01 1.198495e+01 3.166636e+00 5.532758e+00 3.098848e+00 9.640442e+00 1.084298e-01 1.250850e+01 3.265365e+00 7.275247e-01 7.173474e-01 8.822390e-03 1.796108e-01 1.511086e-01 7.171062e-02 6.513937e-02 6.904639e-02 2.135081e-01 2.202812e-01 1.981831e-02 6.264648e-01 8.510816e-01 9.052766e-01 7.904412e-04 1.865619e-02 3.576782e-02 1.149532e-01 5.200329e-02 2.262108e-01 1.184598e-01 1.782545e-01 2.409339e-03 1.077125e-01 3.758919e-01 1.734908e-02 3.153643e-01 1.614911e-03
<GCONST> 1.711467e+01
<MIXTURE> 2 2.307721e-01
<MEAN> 39
 6.148055e+00 -7.347687e+00 -4.003119e+00 2.149050e+00 -9.861272e+00 1.559154e+01 -1.938341e+01 -4.143458e+00 3.319034e-01 -1.714251e+01 -5.023453e+00 -1.054427e+01 5.492698e+01 -8.716193e-01 4.464225e-01 -5.274841e-01 1.971407e-01 -3.348896e-01 2.641393e-01 -5.405870e-01 -1.592307e+00 -2.104610e+00 -2.056105e+00 -2.992376e-02 -1.671576e+00 -1.134188e+00 -1.070666e-02 3.934906e-02 2.944413e-02 -6.956770e-01 -8.817290e-01 3.636013e-02 9.159204e-01 7.051811e-01 2.101106e-01 4.850895e-01 3.676777e-01 -1.198804e-01 6.868942e-02
<VARIANCE> 39
 2.900807e+01 3.690061e+01 4.701342e+01 7.554511e+01 1.786608e+00 1.798795e+01 8.341637e+01 1.890065e+00 9.695616e+00 2.497779e+01 1.280648e+00 4.963028e-01 3.898044e+01 5.547321e-01 1.629172e-02 9.284562e-01 6.828955e-01 9.137371e-01 9.545570e-01 4.445196e-02 1.285433e+00 1.123394e+00 2.239156e+00 4.476987e-01 2.627113e-01 9.503817e-02 5.756186e-03 1.973602e-01 2.570063e-01 4.005626e-02 2.827741e-01 1.095765e-01 1.970129e-01 5.293100e-02 2.039897e-01 2.821999e-01 4.056174e-02 7.567990e-02 6.783146e-03
<GCONST> 5.929770e+01
<MIXTURE> 3 5.384577e-01
<MEAN> 39
 7.032471e+00 -1.176321e+01 -8.096780e+00 -5.069439e+00 -1.534527e+01 1.790904e+01 -1.701642e+01 6.723541e+00 1.089954e+01 -1.007480e+01 -1.004654e+00 -1.383235e+01 5.657135e+01 -4.292327e-01 5.695083e-01 -4.661306e-01 3.457634e-01 9.331837e-01 2.070863e-01 -3.078288e-01 1.531487e-01 1.894632e-01 -9.850137e-01 3.761728e-02 8.189346e-01 -6.314752e-01 -4.484887e-03 2.896753e-02 -2.580570e-02 1.100985e-01 3.155352e-01 8.094267e-02 2.852877e-02 -2.916672e-01 4.588132e-03 3.412421e-01 9.213404e-02 1.565145e-01 -1.534079e-02
<VARIANCE> 39
 2.471510e+00 5.877603e+00 1.006484e+01 3.978266e+00 1.269261e+01 1.608043e+00 6.123965e+00 5.323446e+00 3.262644e+00 4.203858e+00 1.074464e+01 2.839737e+01 2.245348e+00 5.649939e-02 2.189293e-01 3.329265e-01 8.169864e-01 1.761013e+00 9.709003e-02 1.259601e-01 1.457998e+00 3.689447e-01 7.581956e-01 1.623824e+00 2.255213e+00 2.019863e-03 1.541757e-02 3.934966e-02 6.618632e-02 1.904684e-01 3.072084e-01 1.351473e-02 1.573298e-01 9.149041e-02 1.324537e-01 7.993840e-02 2.907555e-01 8.043666e-01 1.229852e-02
<GCONST> 4.645002e+01
<STATE> 3
<NUMMIXES> 3
<MIXTURE> 1 1.875006e-01
<MEAN> 39
 8.307073e+00 -6.817072e+00 -6.276924e+00 2.160525e+00 -1.157947e+01 1.964802e+01 -9.550093e+00 8.979156e+00 1.260803e+01 -1.231463e+01 -8.490404e-01 -1.501610e+00 5.465897e+01 -1.150282e+00 -5.915546e-01 -1.215266e+00 1.022732e+00 1.935213e+00 2.040157e+00 3.019076e+00 -3.149474e-01 1.232668e+00 3.601133e+00 1.272579e+00 1.100446e+00 -9.250628e-01 -3.243120e-01 -3.413004e-01 4.806744e-02 1.389104e-01 3.743556e-01 1.594066e-01 -3.498405e-01 -9.093101e-02 8.364522e-02 2.509381e-01 9.625913e-02 -4.367272e-01 -1.859826e-02
<VARIANCE> 39
 4.635791e-01 1.485335e+00 4.251796e+00 2.875240e+00 8.916965e-01 1.940187e+00 1.334478e+01 2.899731e-02 1.634029e+01 3.248671e+01 5.924871e+00 7.042245e+00 4.685574e-01 2.387290e-01 2.327683e-01 1.876940e-03 2.012884e-01 6.755427e-01 1.045417e-01 1.538731e-01 9.057440e-02 2.897587e-01 8.097364e-01 1.613893e-01 7.008701e-01 3.652590e-03 5.007557e-03 2.273840e-03 2.979487e-02 1.829603e-02 4.339483e-02 1.160217e-01 3.194818e-01 2.852663e-03 2.404181e-01 1.349525e+00 3.746514e-02 3.068038e-02 6.727636e-04
<GCONST> 9.329641e+00
<MIXTURE> 2 4.374986e-01
<MEAN> 39
 6.652957e+00 -6.480548e+00 -8.291391e+00 -4.849213e+00 -1.654854e+01 1.573011e+01 -2.033566e+01 -4.594614e+00 -1.533113e+00 -1.744680e+01 -2.344143e+00 -1.352659e+01 5.435967e+01 -1.506420e+00 1.343980e+00 4.399063e-01 1.488754e+00 -6.412932e-01 -6.741222e-01 6.831901e-01 -8.321528e-01 2.695361e-01 1.574947e+00 1.245801e-01 -4.447842e-01 -1.792170e+00 -4.416426e-01 -2.288689e-01 -5.343677e-02 3.858999e-01 4.007541e-01 -1.672726e-01 1.567191e-01 2.889807e-01 6.322381e-01 5.962982e-01 5.648577e-02 4.131359e-01 -2.560832e-01
<VARIANCE> 39
 6.896602e+00 8.630409e+00 4.677257e+00 1.318930e+01 2.848025e+01 9.746622e+00 3.074339e+00 1.914089e+01 5.532713e+01 3.485936e+01 1.379273e+01 1.723523e+01 7.744802e+00 5.061325e-01 6.151338e-01 3.728720e-01 2.318934e+00 3.676747e+00 1.129441e+00 6.415004e-01 2.439545e-01 1.273709e+00 6.376455e-01 6.159918e-01 5.396144e-01 4.395573e-01 3.857517e-02 2.840308e-01 1.929272e-01 2.789820e-01 3.812006e-01 3.235792e-01 1.100199e-01 6.979398e-02 1.162554e-01 3.372729e-01 6.812820e-02 1.029496e-01 6.646951e-02
<GCONST> 7.548707e+01
<MIXTURE> 3 3.750008e-01
<MEAN> 39
 -2.336679e+00 -1.273147e+00 -7.669714e-01 7.444889e+00 -1.503079e+01 1.371678e+01 -1.185127e+01 -2.584240e+00 4.302225e+00 -1.026823e+01 -2.460939e+00 -1.263751e+01 4.576421e+01 -1.729332e+00 -1.042216e+00 -8.847439e-01 1.074857e-01 3.555120e-01 2.139146e-01 8.484433e-01 8.511607e-01 1.367015e+00 1.504941e+00 1.005448e+00 9.865131e-01 -1.161300e+00 1.823961e-01 -5.803306e-01 -4.184067e-01 -5.425149e-01 1.122832e-01 5.886899e-01 1.250295e-01 9.015818e-02 -9.076487e-02 -1.141672e-01 3.076365e-01 5.898095e-01 3.105953e-01
<VARIANCE> 39
 8.687254e+00 1.552105e+01 6.224027e+01 1.901953e+01 2.989232e+01 1.613345e+01 3.215337e+01 1.636805e+01 2.171624e+01 1.169294e+01 6.151309e+00 4.277593e+00 5.980394e+00 4.390343e-01 5.758411e-01 7.774692e-01 2.075311e+00 1.807006e+00 8.514701e-01 2.619897e-01 6.942521e-01 1.140594e+00 1.397791e+00 4.205338e-01 9.503964e-01 3.645340e-01 7.379122e-02 1.207332e-01 1.758580e-01 8.722980e-02 1.455579e-01 1.752470e-01 1.033913e-02 2.278792e-01 2.447752e-01 8.462308e-02 2.426987e-02 4.339135e-02 7.168632e-02
<GCONST> 7.108175e+01
<STATE> 4
<NUMMIXES> 3
<MIXTURE> 1 1.545132e-01
<MEAN> 39
 -5.309749e+00 -8.616088e+00 -5.345890e+00 9.247458e+00 -8.981318e+00 1.883263e+01 -1.168957e+01 -1.773738e+00 1.167664e+01 -2.055336e+00 8.416871e-01 -4.830447e+00 4.574837e+01 -1.176511e+00 -3.651083e-01 5.905558e-02 3.274668e-01 2.240233e-01 -2.323185e-02 5.562721e-01 4.701540e-01 8.678504e-01 8.457212e-01 9.790200e-04 -7.059274e-01 -7.171869e-01 1.916634e-01 -9.298494e-02 -4.882001e-01 -5.884447e-01 -1.698764e-02 3.830227e-01 1.018491e-01 1.907353e-01 -4.094976e-02 -8.529404e-01 1.147668e-01 3.777030e-01 6.757114e-02
<VARIANCE> 39
 2.313355e+01 6.689597e-01 3.498986e+00 3.138505e+00 9.744973e+00 1.597314e+01 2.134180e+01 3.909744e+01 2.763024e+01 8.587035e+00 6.313379e+00 4.604596e+00 1.196539e+01 1.139049e-01 3.166734e-01 1.472840e+00 1.627714e+00 1.412439e+00 1.445896e+00 5.534108e-02 1.221012e+00 4.210920e-01 1.680678e+00 4.067144e-01 3.353661e-01 1.738289e-02 1.712215e-02 3.890006e-02 1.795419e-01 1.202818e-01 1.664733e-01 3.804000e-01 5.828889e-01 3.751681e-01 6.740404e-01 2.390214e-01 3.212394e-02 5.610650e-02 3.404912e-03
<GCONST> 5.983353e+01
<MIXTURE> 2 4.195502e-01
<MEAN> 39
 -4.919246e+00 -8.698258e+00 -9.676378e+00 5.166416e+00 -9.714427e+00 1.866332e+01 -1.300592e+01 -3.563277e+00 5.412160e+00 -8.851699e+00 1.636752e+00 -4.353264e+00 4.520644e+01 -8.676683e-01 1.713085e-01 2.534299e-01 -2.243844e-01 -1.219087e+00 -5.681364e-01 8.490059e-01 -1.222890e+00 -1.152098e+00 -7.173050e-01 -5.298113e-01 7.029350e-01 -6.443737e-01 2.676492e-01 2.587649e-01 1.417806e-01 -3.714252e-01 -5.197612e-01 -4.204648e-01 -1.359969e-01 5.633077e-02 2.963153e-02 -5.293257e-03 -2.154837e-01 -2.920184e-01 1.572758e-01
<VARIANCE> 39
 2.080080e+00 1.639772e+00 6.891337e+00 7.064202e+00 2.256374e+01 8.874064e+00 2.367204e+01 2.258507e+01 2.827995e+01 1.257903e+01 1.713463e+01 1.745442e+01 1.104449e+00 7.210247e-01 3.437536e-01 3.373699e-01 9.599717e-01 1.393211e+00 1.735420e+00 3.849016e+00 2.280793e+00 3.532127e-01 7.764636e-01 1.765805e+00 1.809934e+00 3.929455e-01 5.738238e-02 9.505957e-02 6.758054e-02 5.224584e-02 1.699146e-01 3.790964e-01 5.940292e-01 3.471738e-01 3.665799e-01 4.306487e-01 2.366333e-01 9.010536e-02 4.518804e-02
<GCONST> 7.554212e+01
<MIXTURE> 3 4.259367e-01
<MEAN> 39
 -4.043267e+00 -9.518070e+00 -8.508092e+00 5.011011e+00 -9.633845e+00 2.147528e+01 -9.895603e+00 -7.948563e-01 1.026777e+01 -6.649589e+00 2.462213e+00 -4.394681e+00 4.619941e+01 -1.046472e+00 -1.587781e-01 -1.090399e-01 -3.932765e-01 -5.053045e-01 8.114362e-02 -4.969571e-01 -1.220539e+00 -1.042044e+00 1.351006e-01 2.830258e-01 5.854344e-01 -7.723567e-01 1.628080e-01 2.791862e-01 3.874162e-01 6.549645e-02 -3.574277e-01 -4.668971e-01 -3.194060e-01 -2.099589e-01 -2.989976e-01 -9.158085e-02 -2.113613e-01 1.934816e-02 9.874771e-02
<VARIANCE> 39
 2.076421e+01 5.743407e+00 6.471905e+00 5.461852e+00 2.349903e+01 8.829245e+00 1.445439e+01 4.511971e+01 1.019211e+01 1.167623e+01 6.093355e+00 1.504608e+01 1.297746e+01 6.834090e-01 1.233126e+00 1.605542e+00 1.328032e+00 1.400240e+00 1.801676e+00 1.438986e+00 1.461698e+00 1.704863e+00 1.228136e+00 7.049364e-01 1.886137e+00 3.391436e-01 4.653530e-02 4.615976e-02 6.058946e-02 1.773876e-01 2.293658e-01 2.422425e-01 3.304772e-01 6.290637e-01 3.885300e-01 4.089373e-01 4.636166e-02 1.854323e-01 4.014403e-02
<GCONST> 8.094884e+01
<TRANSP> 5
 0.000000e+00 1.000000e+00 0.000000e+00 0.000000e+00 0.000000e+00
 0.000000e+00 6.923056e-01 3.076944e-01 0.000000e+00 0.000000e+00
 0.000000e+00 0.000000e+00 7.500004e-01 2.499996e-01 0.000000e+00
 0.000000e+00 0.000000e+00 0.000000e+00 8.399802e-01 1.600198e-01
 0.000000e+00 0.000000e+00 0.000000e+00 0.000000e+00 0.000000e+00
<ENDHMM>
~h "sil"
<BEGINHMM>
<NUMSTATES> 5
<STATE> 2
<NUMMIXES> 3
<MIXTURE> 1 3.279061e-01
<MEAN> 39
 -9.007135e+00 -3.625183e+00 -2.641208e+00 2.465173e+00 -1.910494e+01 1.083854e+01 -1.306804e+01 -4.287704e+00 4.025362e+00 -7.338799e+00 2.034128e+00 -3.883910e+00 4.154034e+01 -4.075237e-01 -2.454578e-01 1.008264e-01 4.746201e-01 1.024656e+00 1.043135e+00 7.698436e-01 9.441192e-01 4.010302e-01 1.834805e-01 3.698964e-01 1.006315e-01 -1.771408e-01 9.625062e-02 1.273055e-01 8.713453e-02 1.585181e-01 3.744722e-02 2.734084e-02 1.432145e-01 1.061618e-01 1.817674e-01 1.866630e-01 -2.078492e-01 -2.915237e-02 4.666479e-02
<VARIANCE> 39
 1.463258e+00 4.274292e+00 1.382494e+01 1.855363e+01 1.857510e+01 1.184856e+01 8.386764e+00 1.084477e+01 8.458746e+00 1.569335e+01 1.775503e+01 1.012028e+01 3.178962e-01 2.360829e-01 4.046712e-01 1.992615e-01 4.992698e-01 9.730451e-01 6.969056e-01 6.576313e-01 9.316712e-01 5.306324e-01 2.203437e+00 9.286535e-01 5.948735e-01 6.044470e-02 2.701625e-02 4.941392e-02 5.943148e-02 6.986997e-02 1.480866e-01 4.070734e-01 2.175123e-01 2.792448e-01 5.897899e-02 3.313753e-01 3.753229e-01 2.196376e-01 1.014238e-02
<GCONST> 6.038354e+01
<MIXTURE> 2 3.697177e-01
<MEAN> 39
 -5.283514e+00 -6.848024e-01 -4.709121e+00 -8.550752e-01 -2.536957e+01 5.272094e+00 -1.599908e+01 -8.849938e+00 1.453665e+00 -8.127619e+00 2.182838e+00 -2.504434e-01 4.269987e+01 -3.180720e-01 -2.166146e-01 -7.619245e-03 9.959801e-02 4.132765e-01 3.251804e-01 -1.868444e-01 8.815975e-03 -7.841349e-02 1.570435e-01 -3.360655e-01 -4.087106e-01 -1.180528e-01 -6.405922e-02 -1.185540e-02 4.405702e-03 6.787050e-02 3.105889e-03 -5.586378e-02 2.812499e-02 8.546614e-02 3.363572e-02 1.202749e-01 2.054474e-01 9.352504e-02 -2.633988e-02
<VARIANCE> 39
 3.871658e+00 5.875658e+00 3.550372e+00 4.070192e+00 8.745630e+00 8.471854e+00 1.930494e+01 1.216663e+01 8.641213e+00 7.725742e+00 1.217972e+01 1.118920e+01 6.225207e-01 1.235502e-01 1.493385e-01 4.600444e-01 9.735887e-01 7.660858e-01 2.973519e-01 7.905098e-01 1.101829e+00 6.197127e-01 1.133456e+00 2.425416e+00 1.366693e+00 4.244617e-02 1.238556e-02 3.050735e-02 8.068625e-02 1.695071e-01 1.249025e-01 5.688774e-02 1.529001e-01 2.166965e-01 8.008736e-02 8.955053e-02 1.418055e-01 8.703781e-02 7.837655e-03
<GCONST> 5.244273e+01
<MIXTURE> 3 3.023764e-01
<MEAN> 39
 -7.074927e+00 -3.178364e+00 -3.550261e+00 4.916160e-01 -2.193576e+01 8.550064e+00 -1.401025e+01 -5.995997e+00 4.363563e+00 -3.581206e+00 7.519184e+00 1.753403e+00 4.300366e+01 -4.080196e-01 -3.138148e-01 2.954757e-01 1.715743e-01 2.447820e-01 -2.072819e-02 7.342564e-02 1.387584e-01 6.204665e-01 6.911543e-03 7.145064e-02 -3.049229e-01 -1.866490e-01 5.370662e-02 -2.578538e-03 -6.001911e-02 -9.705418e-02 3.500473e-02 1.394057e-01 1.315628e-01 1.526435e-01 5.715590e-03 -1.667925e-01 -1.305813e-01 -1.628507e-01 1.168943e-02
<VARIANCE> 39
 2.149219e+00 5.387434e+00 3.527547e+00 7.964095e+00 5.374521e+00 1.132407e+01 1.374945e+01 2.895962e+01 2.612157e+01 1.167467e+01 4.249017e+00 6.995605e+00 4.864425e-01 7.667901e-02 2.006881e-01 2.521032e-01 6.845741e-01 7.757135e-01 1.578928e+00 7.105139e-01 8.774778e-01 1.576465e+00 1.302482e+00 7.219311e-01 6.864433e-01 3.560746e-02 8.867477e-03 2.200760e-02 4.055269e-02 8.792856e-02 1.437487e-01 1.979479e-01 3.250591e-02 1.492645e-01 2.801968e-01 2.111102e-01 1.938716e-01 9.598877e-02 4.562118e-03
<GCONST> 5.116285e+01
<STATE> 3
~s "silst"
<STATE> 4
<NUMMIXES> 3
<MIXTURE> 1 1.544384e-01
<MEAN> 39
 -1.016371e+01 -4.528813e+00 -4.529000e+00 1.774200e+00 -1.999541e+01 1.321765e+01 -8.310211e+00 -9.399556e-02 7.495348e+00 -7.309876e+00 -2.130264e+00 -8.453362e+00 4.050520e+01 -2.748848e-02 1.897298e-02 1.310859e-01 2.159456e-01 3.635853e-01 4.728200e-01 4.566853e-01 5.014954e-01 1.776533e-01 1.615400e-01 1.370973e-01 2.539249e-01 -3.916794e-02 9.317297e-02 1.190912e-01 1.102551e-01 1.596304e-01 8.473703e-02 -4.712146e-02 -1.353290e-01 -2.379849e-01 -1.976748e-01 5.064849e-02 2.925488e-01 4.473219e-01 3.563654e-02
<VARIANCE> 39
 8.467159e-01 2.007388e+00 5.552192e+00 8.704391e+00 1.413097e+01 1.255958e+01 1.097318e+01 1.518961e+01 1.215040e+01 4.350340e+00 1.113995e+01 1.489692e+01 3.018260e-01 1.009014e-01 1.969631e-01 4.700302e-01 8.853608e-01 1.011922e+00 1.103106e+00 1.064541e+00 1.275072e+00 7.829331e-01 7.811524e-01 1.011697e+00 1.597644e+00 1.984562e-02 2.466307e-02 3.057531e-02 7.684024e-02 1.563171e-01 2.950034e-01 3.442896e-01 2.186025e-01 2.316433e-01 2.376252e-01 1.780599e-01 2.163547e-01 3.283133e-01 5.509095e-03
<GCONST> 5.806048e+01
<MIXTURE> 2 4.000127e-01
<MEAN> 39
 -9.640839e+00 -3.356160e+00 -3.759752e+00 2.785901e+00 -1.919247e+01 1.255146e+01 -8.768185e+00 -1.702777e+00 6.096510e+00 -6.597983e+00 4.204120e-01 -5.140430e+00 4.057010e+01 -3.310818e-02 -1.317929e-02 -4.768435e-02 -1.749203e-01 -1.438065e-01 -2.519058e-01 -2.517315e-01 -3.124776e-01 -1.994190e-01 -2.838723e-01 -3.125844e-01 -3.094442e-01 -2.651273e-02 -2.604642e-02 -6.596710e-02 -8.656159e-03 5.879327e-02 1.119898e-01 5.078587e-02 -4.599468e-02 -5.736209e-02 -1.407040e-01 -1.551701e-01 -1.442151e-01 -1.035356e-01 -4.473855e-03
<VARIANCE> 39
 6.345361e-01 1.652334e+00 2.147794e+00 3.794230e+00 6.338900e+00 6.380511e+00 8.739252e+00 9.790779e+00 9.603507e+00 1.103246e+01 9.238763e+00 1.376087e+01 2.900276e-01 4.827188e-02 1.293100e-01 2.956532e-01 5.197610e-01 7.884383e-01 8.739091e-01 6.678953e-01 1.147012e+00 1.264328e+00 1.205365e+00 1.029788e+00 1.600750e+00 1.319419e-02 9.568859e-03 2.591934e-02 5.366085e-02 1.035575e-01 1.462350e-01 1.926957e-01 2.014168e-01 2.522476e-01 2.228636e-01 2.530282e-01 1.909631e-01 3.910264e-01 2.841183e-03
<GCONST> 4.786968e+01
<MIXTURE> 3 4.455501e-01
<MEAN> 39
 -1.011280e+01 -3.760678e+00 -3.117392e+00 4.566554e+00 -1.705120e+01 1.393131e+01 -9.143185e+00 -2.894340e+00 4.206832e+00 -8.420509e+00 -7.781966e-01 -4.975141e+00 4.036395e+01 -2.339435e-02 4.624741e-02 3.640768e-02 9.866029e-02 3.318397e-02 6.208127e-02 1.993897e-01 1.929734e-01 1.227118e-01 1.575579e-01 1.436476e-01 1.629353e-01 -1.912393e-02 1.709498e-02 2.720967e-02 -4.626887e-02 -1.515762e-01 -1.847310e-01 -7.597153e-02 3.972053e-02 9.156764e-02 1.737497e-01 1.262057e-01 5.109308e-02 -5.205503e-02 1.069298e-02
<VARIANCE> 39
 4.837458e-01 1.956519e+00 3.123940e+00 4.048440e+00 5.024662e+00 5.421538e+00 5.797091e+00 9.500529e+00 9.300341e+00 1.001398e+01 7.750526e+00 9.431686e+00 2.982277e-01 4.047360e-02 1.444311e-01 2.793901e-01 4.835369e-01 7.543706e-01 5.494142e-01 7.223117e-01 1.012175e+00 1.266944e+00 1.454277e+00 8.226982e-01 1.280838e+00 1.111509e-02 6.363485e-03 2.698191e-02 5.888434e-02 8.955823e-02 1.129434e-01 1.042418e-01 1.158464e-01 2.219005e-01 2.401340e-01 3.181780e-01 1.524037e-01 2.307625e-01 1.988681e-03
<GCONST> 4.275790e+01
<TRANSP> 5
 0.000000e+00 1.000000e+00 0.000000e+00 0.000000e+00 0.000000e+00
 0.000000e+00 8.231158e-01 5.605194e-45 1.768842e-01 0.000000e+00
 0.000000e+00 0.000000e+00 0.000000e+00 1.000000e+00 0.000000e+00
 0.000000e+00 4.924709e-04 0.000000e+00 9.678627e-01 3.164479e-02
 0.000000e+00 0.000000e+00 0.000000e+00 0.000000e+00 0.000000e+00
<ENDHMM>
~h "uw-ah"
<BEGINHMM>
<NUMSTATES> 5
<STATE> 2
<NUMMIXES> 3
<MIXTURE> 1 4.349611e-02
<MEAN> 39
 -8.532334e+00 -5.102822e+00 -1.988533e+00 6.372302e+00 -1.580234e+01 1.460575e+01 -9.264162e+00 6.624053e-01 1.035945e+01 -5.512500e+00 1.992083e-01 -1.051894e+01 4.175620e+01 -2.720244e-01 -6.339104e-01 -8.507999e-01 -7.741842e-01 -8.059297e-03 2.214459e-01 1.317773e-01 -2.125619e+00 -1.599316e+00 7.960005e-01 2.052958e+00 2.270497e+00 -9.088970e-02 2.920268e-01 6.968709e-01 6.090696e-01 -8.519263e-02 -4.698104e-01 -5.259241e-01 -2.760843e-01 -3.938957e-01 -7.499720e-01 -5.079455e-01 -2.054636e-01 1.570318e-01 1.226182e-01
<VARIANCE> 39
 3.924180e-01 5.730715e-02 4.109702e+00 2.364579e+00 1.977967e+00 4.234973e-01 2.626772e-01 7.448488e-01 1.558958e+00 2.870074e+01 3.722294e+00 2.818613e-01 9.772184e-01 1.722731e-01 1.085968e-01 1.072071e-01 8.367302e-03 1.934900e-02 1.068143e+00 3.726139e-01 4.347440e-01 7.408155e-03 3.120678e-03 5.628173e-01 1.252617e-01 6.616984e-02 1.966557e-02 9.819079e-03 1.624286e-04 7.903015e-03 6.266978e-02 2.918293e-01 1.940133e-01 2.757555e-02 1.776057e-01 4.051962e-01 4.858484e-02 3.470079e-01 4.667391e-03
<GCONST> -3.995207e+00
<MIXTURE> 2 5.441760e-01
<MEAN> 39
 -8.549331e+00 -4.457127e+00 -3.865074e+00 3.206275e+00 -1.982948e+01 1.262258e+01 -1.106921e+01 -4.150578e+00 4.110783e+00 -7.553853e+00 2.153781e+00 -3.207787e+00 4.189169e+01 -1.812479e-01 6.567822e-02 -9.959006e-02 -4.020712e-01 -5.390155e-01 -5.624936e-01 -4.870040e-01 3.453771e-01 6.385199e-01 1.722724e-01 -1.836219e-01 -1.804065e-01 -1.786162e-01 -1.792359e-02 -2.051716e-02 6.737892e-02 1.647666e-01 1.782840e-01 3.416505e-02 2.033995e-02 1.341301e-01 1.396507e-01 3.864913e-03 -9.108360e-02 -1.611023e-01 -3.823864e-03
<VARIANCE> 39
 1.827399e+00 1.238169e+00 4.162689e+00 5.133253e+00 6.966155e+00 1.572331e+01 2.814909e+01 2.426052e+01 1.680789e+01 7.715581e+00 1.134722e+01 1.540870e+01 1.090940e+00 6.899927e-02 1.518148e-01 3.234426e-01 5.846412e-01 8.402413e-01 1.121547e+00 6.595703e-01 9.451805e-01 1.932212e+00 7.695455e-01 8.171339e-01 1.822324e+00 2.866952e-02 1.082786e-02 2.256856e-02 6.200948e-02 1.044306e-01 1.838248e-01 2.788045e-01 4.114351e-01 3.321652e-01 4.630210e-01 1.904771e-01 2.148708e-01 3.559317e-01 3.320833e-03
<GCONST> 5.835679e+01
<MIXTURE> 3 4.123281e-01
<MEAN> 39
 -9.344355e+00 -3.984415e+00 -2.788949e+00 4.733620e+00 -1.823600e+01 1.294161e+01 -1.074713e+01 -2.032330e+00 5.766741e+00 -6.985875e+00 6.427199e-01 -4.312598e+00 4.115174e+01 -7.041634e-02 4.116882e-02 1.926437e-01 3.762367e-01 3.662231e-01 2.697230e-01 5.255548e-01 3.321625e-02 -2.487946e-01 7.796987e-02 6.280758e-02 -1.645834e-02 -2.237448e-02 6.003651e-02 -1.312283e-02 -6.932203e-02 -1.067372e-01 -1.405574e-01 -1.157644e-01 -1.335914e-01 -2.492235e-01 -1.739684e-01 -5.553109e-02 1.866902e-01 1.303498e-01 4.212830e-02
<VARIANCE> 39
 1.297306e+00 1.966757e+00 3.933048e+00 2.483537e+00 5.531873e+00 1.338424e+01 1.005137e+01 9.948155e+00 9.015824e+00 8.620481e+00 1.325634e+01 1.236020e+01 7.111103e-01 5.547061e-02 1.694765e-01 6.288716e-01 3.721032e-01 5.839380e-01 1.100885e+00 1.900795e+00 1.605705e+00 7.196724e-01 9.028658e-01 1.579664e+00 1.630495e+00 9.902244e-03 8.552871e-03 4.412317e-02 9.610908e-02 8.170480e-02 1.186356e-01 1.307806e-01 2.042770e-01 1.244173e-01 2.969134e-01 9.584682e-02 3.965443e-01 4.394686e-01 1.404017e-03
<GCONST> 5.092605e+01
<STATE> 3
<NUMMIXES> 3
<MIXTURE> 2 7.777792e-01
<MEAN> 39
 -5.502387e+00 2.671450e-01 -1.874500e+00 1.798511e+00 -2.202673e+01 5.487283e+00 -1.899947e+01 -1.142490e+01 -1.471222e+00 -8.409103e+00 2.255507e+00 -1.759685e+00 4.259108e+01 1.236634e+00 1.344746e+00 4.497126e-01 1.984013e-02 -1.556780e+00 -2.802152e+00 -2.125308e+00 -1.012862e+00 -1.341529e+00 -1.356363e+00 -4.362965e-01 2.340526e-01 4.157551e-01 -7.587487e-02 -1.693266e-01 -2.565137e-01 1.204453e-01 5.974899e-02 1.782299e-01 3.894452e-01 6.038689e-01 5.644659e-01 -1.128639e-01 -3.540201e-01 -3.386611e-01 -6.085851e-02
<VARIANCE> 39
 1.205014e+01 2.541230e+01 7.331562e+00 2.559528e+00 1.887846e+01 6.207211e+01 3.473725e+01 4.835980e+00 1.714532e+01 1.998214e+01 1.049567e+01 3.771615e+00 1.495114e+00 5.984393e-01 1.680327e+00 1.344790e+00 3.238038e-01 8.630396e-01 1.553131e+00 1.993946e+00 2.452439e+00 3.597800e+00 1.411305e+00 1.268753e+00 9.135471e-01 1.292531e-01 2.113303e-01 4.829955e-01 4.034901e-01 5.345029e-02 2.964547e-01 8.511428e-01 8.814028e-01 1.050658e-01 5.352678e-01 5.507967e-01 2.025698e-01 3.640148e-02 3.235035e-02
<GCONST> 8.378434e+01
<MIXTURE> 3 2.222208e-01
<MEAN> 39
 -7.694389e+00 -5.887977e+00 -7.495966e+00 -5.198165e-01 -2.111148e+01 1.042552e+01 -1.019731e+01 -2.328421e+00 5.203278e+00 -1.326559e+01 -6.862864e+00 -7.556027e+00 4.289252e+01 -2.694788e-01 1.068172e-01 7.327159e-01 -7.929906e-01 -1.345160e+00 -1.378898e+00 -9.063374e-01 -4.428862e-01 2.466117e-01 -3.118845e-02 4.671710e-01 1.296732e-01 -1.609232e-01 3.471592e-02 1.048683e-01 2.612574e-01 3.523373e-01 5.939008e-01 8.783024e-01 -7.979733e-03 -2.229559e-02 1.067724e-01 7.186261e-01 6.742859e-01 -1.637966e-01 3.343387e-03
<VARIANCE> 39
 2.611574e+00 3.705700e-03 3.262708e+00 9.753981e-02 2.523560e+01 1.119054e+01 4.837369e+00 8.964841e-02 4.873015e-01 1.857167e+00 5.648876e+00 4.036226e-01 7.743347e-01 1.815324e-02 4.502130e-02 3.900478e-03 2.852729e-01 4.906859e-01 4.293331e-01 9.138045e-01 3.662100e-01 1.409816e+00 8.936496e-01 1.177863e-01 1.328122e+00 4.074327e-02 1.101889e-02 1.555912e-02 1.193001e-02 6.944915e-03 1.010355e-01 7.332050e-02 2.505396e-01 2.562218e-02 6.077650e-02 7.549602e-02 1.817380e-01 2.201042e-01 5.804137e-04
<GCONST> 5.705397e+00
<STATE> 4
<NUMMIXES> 3
<MIXTURE> 2 5.833214e-01
<MEAN> 39
 -4.620730e+00 -6.416703e-01 -4.907425e+00 1.674805e+00 -2.495274e+01 5.700210e+00 -1.461749e+01 -5.425663e+00 5.611403e+00 -9.152054e+00 -1.487783e+00 -6.106659e+00 4.286142e+01 -1.715201e-01 7.853401e-02 8.231213e-02 1.061051e-01 6.852699e-02 3.043455e-01 4.523312e-01 -2.124402e-01 3.870239e-01 -1.306734e+00 -1.213760e+00 -5.482989e-01 -1.620414e-01 -2.228894e-01 -1.917874e-01 1.317160e-01 -1.667232e-01 4.838938e-01 4.041263e-01 3.114656e-02 -1.619619e-01 -4.279249e-01 3.873030e-02 2.505116e-01 1.771378e-01 -2.240587e-02
<VARIANCE> 39
 1.184645e+01 2.726765e+01 4.311074e+00 4.158452e+00 1.820283e+01 6.931207e+01 6.007596e+01 1.064405e+01 2.198044e+01 3.524374e+01 2.869319e+01 1.014814e+01 6.160654e-01 6.804966e-02 1.192267e-01 9.005436e-01 1.109253e+00 1.041222e+00 8.803870e-01 1.589143e+00 1.320002e+00 8.549563e-01 9.782401e-01 1.634142e+00 1.039282e+00 5.612559e-03 1.187877e-02 8.421270e-03 6.484257e-02 1.333871e-01 1.354879e-01 2.157832e-01 4.225467e-01 1.915574e-01 3.783245e-02 4.094942e-01 6.229809e-01 2.371154e-01 2.595282e-03
<GCONST> 6.475017e+01
<MIXTURE> 3 4.166786e-01
<MEAN> 39
 -7.788069e+00 -5.723177e+00 -6.387800e+00 3.092014e-02 -2.003366e+01 1.399646e+01 -8.547306e+00 -5.897604e-01 7.436869e+00 -6.403587e+00 6.534754e-01 -5.814377e+00 4.283868e+01 -1.514730e-01 4.116520e-01 4.413834e-01 -1.863226e-01 -1.027485e+00 8.518405e-02 4.435450e-01 3.914533e-01 5.260755e-01 1.430412e+00 1.485908e+00 2.552140e-01 -2.164655e-01 9.021245e-02 8.451922e-03 -1.259828e-01 2.624504e-01 2.495242e-01 3.411362e-01 2.656365e-01 -1.796352e-01 -5.848493e-02 -1.058463e-01 -2.905515e-01 -1.628941e-01 -1.053569e-02
<VARIANCE> 39
 1.663016e+00 2.384186e+00 8.767026e+00 4.472168e+00 4.141108e-01 2.011480e+00 2.296668e+00 1.193696e+01 2.575437e+00 8.341244e+00 6.228982e+00 1.024766e+01 2.572576e-01 9.137790e-02 3.779763e-02 3.117013e-01 5.444033e-02 1.112822e+00 1.335350e-01 7.666627e-01 9.363928e-01 2.334157e-01 6.389461e-01 1.008958e+00 7.561711e-02 7.575714e-03 7.410831e-03 1.598182e-03 4.637975e-02 1.418963e-02 3.213344e-02 6.580351e-02 1.733159e-01 2.450184e-01 4.319598e-02 5.896922e-01 5.405890e-01 2.330369e-01 1.701725e-03
<GCONST> 2.427060e+01
<TRANSP> 5
 0.000000e+00 1.000000e+00 0.000000e+00 0.000000e+00 0.000000e+00
 0.000000e+00 9.130502e-01 8.694983e-02 0.000000e+00 0.000000e+00
 0.000000e+00 0.000000e+00 5.555586e-01 4.444415e-01 0.000000e+00
 0.000000e+00 0.000000e+00 0.000000e+00 6.666550e-01 3.333450e-01
 0.000000e+00 0.000000e+00 0.000000e+00 0.000000e+00 0.000000e+00
<ENDHMM>
~h "ah-t+uh"
<BEGINHMM>
<NUMSTATES> 5
<STATE> 2
<NUMMIXES> 3
<MIXTURE> 1 1.109430e-01
<MEAN> 39
 -7.580653e+00 -1.422390e+01 -6.914905e+00 3.310255e-01 -1.924035e+01 1.454744e+01 -6.885314e+00 5.276834e+00 3.728162e+00 -1.441905e+01 1.878932e+00 -4.154237e+00 4.620027e+01 2.397132e-01 3.149262e-01 1.017297e+00 -6.785806e-01 -1.515176e+00 -4.792530e-01 -8.685285e-01 -6.253306e-01 -4.186580e-02 1.075303e+00 8.259593e-01 7.919665e-01 2.797981e-01 9.493405e-01 9.738904e-01 9.433571e-02 -5.249875e-01 -3.332790e-01 -1.436741e-01 -3.640625e-01 -4.237476e-01 7.483385e-01 9.994646e-01 6.727687e-01 5.555900e-01 5.046572e-01
<VARIANCE> 39
 1.173840e-02 7.831070e-01 6.106325e+00 2.231614e+00 2.313766e+00 1.940724e+00 9.210079e-01 1.973976e+00 6.532391e+00 2.233112e+01 1.378333e+01 2.972542e+01 4.628934e-01 6.837747e-02 1.093695e+00 5.772511e-01 1.912415e-02 9.576876e-01 2.093256e-01 1.745868e-01 5.166575e-01 1.678387e+00 1.402421e+00 7.836463e-01 1.156699e+00 3.263741e-02 1.433306e-01 2.818732e-02 1.382203e-01 2.407012e-02 3.789192e-02 9.645089e-02 4.305803e-02 8.392969e-02 1.317666e-01 2.962463e-01 5.511730e-01 4.753150e-01 5.561338e-02
<GCONST> 3.822682e+01
<MIXTURE> 2 2.549437e-01
<MEAN> 39
 -9.097697e+00 -1.090038e+01 -4.318076e+00 2.901767e+00 -1.493114e+01 1.494278e+01 -1.159906e+01 -5.820822e-01 3.043346e+00 -8.954166e+00 6.972707e+00 2.977913e-01 4.460128e+01 -1.948444e-01 -3.349088e-01 -8.746599e-02 -8.195964e-01 2.482551e-01 5.668239e-01 4.381390e-01 5.770933e-02 -3.142979e-01 -9.254350e-01 3.095985e-01 7.485498e-02 -5.521882e-03 1.416245e-01 2.552244e-02 -3.677759e-01 -1.792418e-01 -2.677206e-01 -7.298747e-02 3.386236e-01 2.335956e-01 -6.675205e-02 -3.207968e-01 -2.222619e-01 -3.380597e-01 3.214531e-03
<VARIANCE> 39
 5.174011e-01 1.152823e+01 5.592396e+00 9.204400e+00 8.710759e+00 1.134815e+01 6.114690e+00 3.348675e+01 1.285553e+01 5.517044e+01 3.205980e+01 6.478323e+00 1.546866e+00 1.238134e-01 3.598243e-01 6.228479e-01 9.830002e-01 1.193248e+00 1.208837e+00 1.984887e+00 1.712069e+00 3.908730e-01 3.161001e+00 4.311737e+00 1.408180e+00 2.182790e-02 5.575750e-03 4.211277e-02 3.027975e-02 1.648868e-01 1.281550e-01 2.231697e-01 3.448413e-01 4.394597e-01 1.085389e-01 1.216458e+00 9.927365e-01 1.369439e-01 8.542030e-03
<GCONST> 6.795393e+01
<MIXTURE> 3 6.341132e-01
<MEAN> 39
 -7.577571e+00 -1.276741e+01 -8.269103e+00 2.027143e+00 -1.464683e+01 1.461468e+01 -8.882250e+00 3.942143e+00 3.981035e+00 -1.081693e+01 6.921081e+00 -2.507142e+00 4.555120e+01 -3.352115e-02 -4.366426e-01 3.292252e-01 2.048574e-01 -2.974842e-01 -1.578348e-01 -2.751594e-01 3.711340e-01 2.039024e-01 1.240311e-01 3.855458e-01 -4.388523e-01 1.749399e-01 -1.111563e-02 3.930611e-02 1.445108e-01 -3.044284e-02 -9.451260e-02 -1.511608e-01 -2.913429e-01 -1.867884e-01 9.230267e-02 1.913145e-01 -5.211390e-02 8.219292e-02 8.120026e-03
<VARIANCE> 39
 1.189667e+00 4.034631e+00 6.941865e+00 6.218004e+00 6.637438e+00 1.408356e+01 1.773007e+01 1.601564e+01 1.404094e+01 1.500251e+01 1.697254e+01 9.385527e+00 8.684955e-01 1.490595e-01 1.747226e-01 7.991185e-01 7.093969e-01 5.908576e-01 1.125201e+00 1.148375e+00 2.690587e+00 1.649501e+00 3.237851e+00 3.832503e+00 1.608682e+00 7.393999e-02 4.767367e-02 5.592788e-02 9.134089e-02 1.336496e-01 9.935585e-02 2.079324e-01 2.620506e-01 6.215540e-01 4.802020e-01 6.136447e-01 6.156237e-01 4.195099e-01 2.528695e-02
<GCONST> 7.259126e+01
<STATE> 3
<NUMMIXES> 3
<MIXTURE> 1 1.836961e-01
<MEAN> 39
 -6.529638e+00 -1.242070e+01 -4.016584e+00 -5.907159e-01 -2.002146e+01 1.090616e+01 -1.350791e+01 1.834291e+00 4.627184e+00 -1.130787e+01 7.847809e+00 -2.727516e+00 4.729681e+01 3.325151e+00 2.390044e+00 6.646788e-01 -1.003781e+00 -8.875929e-01 -1.558921e+00 -1.499647e+00 -6.846175e-01 1.457216e+00 1.635965e+00 1.681856e-01 1.160798e+00 2.001104e+00 1.006239e+00 2.327230e-01 3.068771e-03 -4.884645e-01 2.028445e-01 -5.944432e-02 -4.741269e-01 4.819946e-01 6.218470e-01 1.308960e-01 -2.250510e-01 6.918044e-02 7.392321e-01
<VARIANCE> 39
 1.114088e+01 3.041289e+01 5.088338e+00 7.469593e+00 7.389585e+00 5.720483e+00 7.805260e+00 9.927254e+00 8.993137e+00 7.701842e+00 1.871667e+01 1.746447e+01 7.525161e+00 4.237105e+00 2.655382e+00 8.220751e-01 1.865748e+00 1.472404e+00 9.165894e-01 2.041846e+00 1.070046e+00 1.468657e+00 2.108475e+00 8.821595e-01 2.197502e+00 1.447906e+00 3.782444e-01 8.100677e-01 2.402299e-01 3.735139e-01 2.190177e-01 1.259787e-01 1.437789e-01 2.842483e-01 1.647686e-01 3.148991e-01 3.023362e-01 6.262907e-01 1.192332e-01
<GCONST> 9.024139e+01
<MIXTURE> 2 4.059855e-01
<MEAN> 39
 1.034034e+01 -8.781654e+00 -1.617577e+00 -9.078888e+00 -2.251290e+01 8.630217e+00 -2.219916e+01 6.036406e+00 1.450655e+01 -7.125150e+00 4.235172e+00 -2.381052e+00 6.061472e+01 6.654152e-01 -4.060432e-01 -3.326596e-02 -4.765248e-01 7.117478e-01 4.609497e-01 2.843303e-02 1.102043e+00 8.580486e-01 -4.198304e-01 -1.145393e+00 -1.192535e+00 8.384397e-01 -7.676228e-01 -6.722857e-01 -3.250426e-01 1.136298e-01 4.828669e-01 5.401904e-01 7.822015e-01 4.858200e-02 -3.773810e-01 -4.658314e-01 -2.539726e-01 -2.452737e-01 -3.091154e-01
<VARIANCE> 39
 5.924370e+00 1.519827e+01 9.515400e+00 1.627573e+01 9.368648e+00 1.106501e+01 2.781352e+01 1.007197e+01 1.276342e+01 9.842010e+00 2.021495e+01 2.186720e+01 1.126345e+01 7.260308e+00 4.904614e+00 6.843135e-01 7.679842e+00 1.914549e+00 1.195724e+00 5.112978e+00 1.008242e+00 3.602160e+00 2.035369e+00 9.554308e-01 7.356958e-01 8.733336e+00 2.444948e-01 7.452730e-01 2.471588e-01 4.910468e-01 2.713601e-01 1.634354e-01 1.938815e-01 2.617729e-01 5.993318e-01 4.613475e-01 1.318306e-01 3.962128e-01 1.055159e-01
<GCONST> 9.995518e+01
<MIXTURE> 3 4.103183e-01
<MEAN> 39
 1.248767e+01 -1.686701e+01 -1.750318e+00 -1.507132e+01 -1.820373e+01 1.304117e+01 -2.120475e+01 1.031192e+01 1.555608e+01 -1.143603e+01 -5.435095e-01 -4.452905e+00 6.763957e+01 -4.473602e-02 2.901071e-01 4.241540e-01 4.631989e-01 4.826049e-02 3.354645e-01 -6.616721e-01 -6.197626e-01 3.172693e-02 2.631260e-01 -1.251519e-01 2.197475e-01 -2.532819e-01 -2.458621e-01 6.003039e-01 -1.102987e-02 5.081190e-01 -2.118701e-01 -1.668329e-01 3.059150e-02 -2.598659e-01 -1.376730e-02 2.554994e-01 1.838278e-01 5.601550e-02 -6.109515e-01
<VARIANCE> 39
 1.407205e+00 7.552459e+00 3.029046e+00 2.995805e+00 8.268662e+00 1.076574e+01 2.705282e+01 1.202566e+01 5.898126e+00 1.514935e+01 1.177728e+01 6.059662e+00 2.062635e+00 4.049393e-01 2.694476e+00 3.084437e-01 1.898680e+00 1.138025e+00 1.030037e+00 3.264950e+00 9.650759e-01 1.542692e+00 1.254783e+00 1.221031e+00 6.411406e-01 1.861227e+00 1.176513e-01 1.094084e-01 9.569558e-02 1.638740e-01 2.524325e-01 1.157724e-01 1.069250e+00 1.454642e-01 3.624836e-01 1.579694e-01 2.753457e-01 1.915593e-01 1.900336e-02
<GCONST> 7.423275e+01
<STATE> 4
<NUMMIXES> 3
<MIXTURE> 1 5.427178e-02
<MEAN> 39
 -6.115669e+00 -6.524310e+00 -6.866361e+00 -5.103108e+00 -2.653404e+01 1.497215e+01 -3.141385e+00 8.361089e+00 1.551312e+01 -4.628155e+00 -2.280564e+00 -5.553414e+00 4.469182e+01 -8.752459e-01 1.182975e+00 2.408067e+00 8.102415e-01 -5.337062e-01 -8.231687e-01 4.195147e-01 4.851691e-01 1.640171e+00 1.431329e+00 -3.988725e-01 -8.706120e-01 -7.229280e-01 2.790743e-01 9.699921e-02 3.955683e-01 -2.794774e-01 -1.257606e-01 -5.633834e-02 -1.503420e+00 -1.073599e+00 -1.997378e-01 2.477827e-02 4.607570e-01 1.894117e-01 3.361252e-01
<VARIANCE> 39
 6.226432e-02 6.355204e-01 9.130177e-01 4.074463e+00 1.024245e+00 2.874844e+00 1.449767e-01 7.357489e-02 4.896168e+00 2.230870e-01 5.597131e+00 7.392327e+00 1.637323e-02 6.224122e-02 7.627448e-03 3.990871e-03 5.793564e-01 1.107538e+00 1.185158e-02 5.233157e-01 7.767015e-01 4.626374e-01 3.256828e-01 8.242574e-02 8.533561e-03 9.969318e-02 7.555481e-03 4.890977e-02 1.197439e-01 1.518071e-03 3.860427e-03 7.326839e-03 4.657325e-03 6.489240e-03 8.687902e-02 1.063654e-02 1.380402e-01 1.512187e-01 6.956438e-04
<GCONST> -1.993691e+01
<MIXTURE> 2 4.541635e-01
<MEAN> 39
 1.050055e+00 -6.090033e+00 -5.624079e+00 -4.256244e+00 -1.842604e+01 1.499077e+01 -1.479398e+01 2.785911e+00 1.474686e+01 -6.464358e+00 -6.574929e-01 -5.326798e+00 5.041928e+01 -1.790724e+00 4.249137e-01 -1.456979e+00 -2.933618e-01 -6.242417e-01 2.091853e-01 2.075486e+00 -1.859892e-01 7.228661e-02 1.128079e+00 2.781573e-01 3.770914e-01 -1.893581e+00 9.118334e-02 -2.160846e-01 2.519180e-01 -2.400218e-01 -3.800141e-01 -2.249902e-01 -1.562200e-01 2.044803e-01 -5.603638e-02 1.562230e-01 2.392997e-01 1.804409e-01 2.504678e-01
<VARIANCE> 39
 1.923347e+01 4.660580e+00 1.197967e+01 1.854515e+01 2.161361e+01 1.436876e+01 1.382671e+01 1.411334e+01 3.864083e+01 4.284641e+01 2.665676e+01 3.501841e+00 1.653416e+01 2.621658e-01 3.042766e-01 1.440922e+00 9.904210e-01 1.311267e+00 1.347843e+00 1.370272e+00 1.075162e+00 4.872263e+00 3.424625e+00 9.270171e-01 7.088515e-01 4.298882e-01 9.536513e-03 5.583232e-02 3.115259e-01 5.254580e-01 2.945715e-01 1.927830e-01 2.077871e-01 1.154745e-01 1.201403e+00 9.425069e-01 3.144878e-01 1.583807e-01 2.723947e-02
<GCONST> 8.525215e+01
<MIXTURE> 3 4.915648e-01
<MEAN> 39
 -7.209474e+00 -5.440031e+00 -5.896206e+00 -2.263731e+00 -2.126224e+01 1.364999e+01 -5.858932e+00 4.365477e+00 1.213474e+01 -3.456518e+00 -1.011083e+00 -4.989071e+00 4.350757e+01 -7.498419e-01 1.992017e-01 7.946673e-01 6.454599e-01 -2.785684e-01 -3.226718e-01 -8.002691e-04 -5.269558e-01 -4.194178e-01 1.514809e-01 4.068323e-01 2.456226e-01 -4.953538e-01 1.845121e-01 1.637586e-02 7.540221e-02 1.177142e-01 2.158689e-01 -1.599577e-02 -4.555455e-01 -1.651180e-01 -1.980723e-02 -2.556055e-01 7.917525e-02 1.323858e-01 1.548574e-01
<VARIANCE> 39
 3.731207e+00 6.151936e+00 1.331370e+01 1.557381e+01 1.495791e+01 9.899580e+00 1.031485e+01 1.173995e+01 1.542603e+01 1.021728e+01 1.407988e+01 5.163730e+00 1.243289e+00 2.505518e-01 1.996505e-01 3.169544e-01 3.101530e-01 6.321464e-01 4.910575e-01 2.422753e+00 1.091394e+00 1.011865e+00 1.737897e+00 1.000103e+00 7.469789e-01 1.689995e-01 2.262959e-02 5.771270e-02 2.106835e-01 7.948658e-02 1.993827e-01 7.309625e-02 2.459504e-01 9.265555e-02 2.714109e-01 2.749480e-01 1.423201e-01 1.490587e-01 3.690751e-02
<GCONST> 6.399820e+01
<TRANSP> 5
 0.000000e+00 1.000000e+00 0.000000e+00 0.000000e+00 0.000000e+00
 0.000000e+00 8.890586e-01 1.109413e-01 0.000000e+00 0.000000e+00
 0.000000e+00 0.000000e+00 9.183568e-01 8.164319e-02 0.000000e+00
 0.000000e+00 0.000000e+00 0.000000e+00 8.915238e-01 1.084762e-01
 0.000000e+00 0.000000e+00 0.000000e+00 0.000000e+00 0.000000e+00
<ENDHMM>
~h "s+ah"
<BEGINHMM>
<NUMSTATES> 5
<STATE> 2
<NUMMIXES> 3
<MIXTURE> 1 7.368447e-02
<MEAN> 39
 -1.085678e+01 -2.798403e+00 -1.725914e-02 6.244714e+00 -1.572842e+01 1.226293e+01 -8.269717e+00 -4.603230e+00 2.998801e+00 -8.059547e+00 -1.131590e+00 -1.741121e+00 4.022458e+01 4.288677e-03 -9.131830e-02 -1.430995e-01 -5.842654e-02 2.589118e-01 5.871698e-01 2.989406e-01 3.882954e-01 4.905014e-01 6.998615e-01 1.174335e+00 1.235417e+00 1.027056e-01 -3.088130e-02 4.653732e-02 2.035548e-01 5.307757e-02 2.958629e-01 1.339439e-01 -3.643260e-01 4.716938e-02 -1.390818e-01 -6.406119e-02 -4.867786e-02 -2.325428e-01 -2.191110e-02
<VARIANCE> 39
 2.764835e-01 7.644773e-01 2.032118e+00 2.560763e+00 4.586577e+00 1.178492e+01 5.532079e+00 9.485725e+00 7.597457e+00 3.164580e+01 2.495317e+01 7.926015e+00 1.160347e-01 7.693494e-02 2.357396e-01 3.149916e-02 3.884592e-01 5.309187e-01 2.279485e-01 9.382308e-01 5.193906e-01 7.446871e-01 1.195231e+00 1.119843e+00 1.213647e+00 7.742052e-03 9.532132e-03 1.856431e-02 3.699819e-02 7.319927e-02 1.112680e-01 1.806211e-01 1.067099e-01 1.899251e-01 2.746540e-01 5.233290e-01 3.904935e-01 2.157588e-01 2.659380e-03
<GCONST> 3.972350e+01
<MIXTURE> 2 4.330812e-01
<MEAN> 39
 -1.114325e+01 -2.479002e+00 4.774262e-01 6.450994e+00 -1.432260e+01 1.231899e+01 -1.097561e+01 -3.183239e+00 2.242182e+00 -9.326438e+00 -8.609469e-01 -3.218806e+00 4.023199e+01 -6.623136e-02 -7.310850e-03 6.432680e-02 2.612879e-02 -7.742164e-02 -1.504438e-01 -5.852011e-02 -2.860078e-01 -4.966847e-01 -5.696568e-01 -5.867016e-01 -2.220368e-01 -5.139709e-02 2.872578e-02 4.134939e-02 1.367775e-02 -2.728677e-02 -8.972853e-02 -3.328115e-02 1.042068e-01 -4.544168e-02 5.476629e-02 6.659160e-02 -4.977665e-02 -5.249218e-02 -5.390889e-04
<VARIANCE> 39
 6.859419e-01 1.343976e+00 5.278578e+00 4.453729e+00 7.448117e+00 7.987320e+00 1.079836e+01 1.039453e+01 1.078561e+01 1.469743e+01 1.485782e+01 9.740332e+00 3.194524e-01 5.703457e-02 1.450415e-01 3.755074e-01 5.402999e-01 9.663233e-01 9.160592e-01 1.051495e+00 8.934505e-01 1.224431e+00 1.728482e+00 2.106944e+00 1.273406e+00 2.303052e-02 1.039517e-02 3.093865e-02 9.238818e-02 1.200607e-01 1.542045e-01 1.574626e-01 2.119292e-01 1.834846e-01 3.183017e-01 5.549821e-01 5.123695e-01 2.218097e-01 5.123766e-03
<GCONST> 5.515979e+01
<MIXTURE> 3 4.932346e-01
<MEAN> 39
 -1.126701e+01 -1.942956e+00 7.429564e-01 5.972042e+00 -1.515571e+01 1.189513e+01 -1.011311e+01 -3.744253e+00 2.647087e+00 -8.750404e+00 -1.586623e+00 -4.196684e+00 3.998824e+01 8.926768e-02 -5.934141e-02 -1.629022e-01 -1.062621e-01 -1.323030e-01 -7.815046e-02 -3.546272e-02 1.741442e-01 3.274986e-01 4.035753e-01 4.219979e-01 8.373350e-02 6.251185e-02 6.860390e-03 -6.848481e-02 -6.994674e-02 1.631130e-02 -6.115795e-03 -9.622236e-03 -8.188020e-02 1.544245e-03 -5.234084e-02 -6.194617e-02 1.120052e-01 8.438111e-02 1.913308e-02
<VARIANCE> 39
 1.015277e+00 2.226828e+00 2.423121e+00 5.957385e+00 6.950223e+00 9.459641e+00 9.021589e+00 8.033121e+00 8.278763e+00 7.145795e+00 1.076084e+01 1.642841e+01 4.371898e-01 6.267072e-02 2.209536e-01 4.026954e-01 5.367917e-01 7.634082e-01 7.802419e-01 1.124041e+00 8.876577e-01 6.160313e-01 1.216731e+00 1.033288e+00 1.560148e+00 4.678567e-02 1.055870e-02 3.983769e-02 6.058398e-02 1.026128e-01 1.546436e-01 1.584041e-01 2.093308e-01 1.950424e-01 1.300444e-01 1.858314e-01 2.290475e-01 3.978047e-01 6.851793e-03
<GCONST> 5.199115e+01
<STATE> 3
<NUMMIXES> 3
<MIXTURE> 2 1.000000e+00
<MEAN> 39
 -9.101773e+00 -4.396132e+00 -3.522278e+00 1.791673e+00 -2.079264e+01 9.274670e+00 -9.419457e+00 -1.690116e+00 2.487507e+00 -1.082191e+01 1.057336e+00 -1.121458e+00 4.206978e+01 3.223520e-01 -9.788703e-01 -1.064042e+00 1.624809e-01 -3.773500e-01 -7.436537e-01 -1.391849e+00 -5.819597e-01 3.306011e-02 2.343338e-01 7.739897e-01 -1.317748e+00 3.236078e-01 -2.991553e-02 1.188702e-01 -2.600740e-02 -1.461000e-01 4.489802e-01 -1.929477e-01 -4.640775e-01 -1.004101e-01 5.158109e-02 1.081028e-01 -2.732453e-01 -4.556601e-01 -7.291900e-02
<VARIANCE> 39
 4.739311e+00 1.211207e+00 1.499061e+00 2.923179e+00 1.113575e+01 2.222378e+00 8.058794e+00 2.576222e+00 1.250573e-01 1.719817e+00 2.096230e+01 1.440640e+01 4.157887e+00 1.081267e-02 5.131349e-03 4.226497e-01 5.309114e-01 1.179388e-02 8.373284e-02 1.506069e+00 5.969643e-01 7.988149e-03 7.847036e-01 1.410028e+00 6.168570e-01 6.554665e-02 9.582937e-02 5.378135e-02 1.489533e-01 5.857240e-03 2.949456e-02 2.399700e-01 1.297887e-01 7.305633e-02 1.755366e-01 4.469438e-01 9.694470e-02 2.949074e-01 7.504395e-02
<GCONST> 2.987447e+01
<STATE> 4
<NUMMIXES> 3
<MIXTURE> 1 3.397021e-02
<MEAN> 39
 -1.096672e+01 -1.413498e+01 -2.434659e+00 1.255203e+01 -1.339692e+01 1.052674e+01 -1.482949e+01 2.245178e+00 1.136754e+01 -1.287921e+01 -1.350151e+00 -4.349805e+00 4.414114e+01 1.009608e-01 -2.378989e+00 -1.027057e+00 4.412943e-01 2.777077e-01 -5.513210e-01 -5.030950e-01 1.388804e+00 2.077376e+00 -6.441134e-02 1.721533e+00 1.511901e+00 8.291411e-01 2.236118e-01 3.891475e-01 -8.595807e-02 -6.266654e-01 -4.622853e-01 -2.205906e-01 2.997153e-01 2.298748e-01 -1.336083e-01 5.582107e-01 3.054702e-01 8.122234e-02 2.393065e-02
<VARIANCE> 39
 1.247162e+00 5.983359e+01 3.658174e+00 2.066414e+01 1.602717e+01 9.659782e+00 3.261932e+01 8.855248e+00 1.880286e+01 7.172245e+00 2.496249e+01 1.386213e+01 3.673147e+00 8.984615e-01 8.472323e+00 2.953852e+00 3.614004e+00 2.317303e+00 1.097604e+00 2.419047e+00 3.175332e+00 9.654377e+00 1.382009e+00 1.083540e+00 1.977451e+00 1.020605e+00 1.517721e-01 7.055357e-01 1.316002e-01 3.868237e-01 3.106996e-01 2.696911e-01 5.279854e-01 4.898129e-01 1.089447e+00 8.143892e-02 4.062645e-01 3.373359e-01 1.789612e-01
<GCONST> 9.864432e+01
<MIXTURE> 2 3.614562e-01
<MEAN> 39
 -1.014663e+01 -2.729048e+00 5.089366e-01 7.464962e+00 -1.446904e+01 1.186038e+01 -9.574861e+00 -7.534580e-01 4.500942e+00 -9.022872e+00 -1.150445e+00 -3.585432e+00 4.110975e+01 -5.128514e-02 1.432492e-01 3.995566e-02 -7.195780e-02 -6.434042e-02 -6.242163e-02 6.501760e-02 -2.402745e-01 -2.723884e-01 -1.143194e-01 -2.846767e-01 -9.035583e-02 -9.414545e-02 1.509385e-02 -4.072117e-02 -5.623384e-02 -2.388952e-02 1.697308e-02 2.499289e-02 -2.001820e-02 3.904540e-03 5.772709e-02 7.486443e-02 4.106133e-02 4.334171e-02 1.891252e-02
<VARIANCE> 39
 1.849143e+00 9.080692e+00 8.327931e+00 1.935607e+01 1.700688e+01 1.016030e+01 1.121396e+01 1.503305e+01 2.808150e+01 2.435471e+01 1.419898e+01 1.305131e+01 1.937860e+00 1.215262e-01 4.283404e-01 3.557916e-01 9.289826e-01 1.463574e+00 1.146696e+00 9.764605e-01 8.641065e-01 1.371566e+00 1.315084e+00 1.132520e+00 9.853169e-01 3.610317e-02 2.173400e-02 5.463663e-02 5.563881e-02 1.913326e-01 3.986924e-01 2.740451e-01 2.282745e-01 2.052059e-01 2.791241e-01 2.453043e-01 2.049971e-01 2.169834e-01 4.956783e-03
<GCONST> 6.828062e+01
<MIXTURE> 3 6.045730e-01
<MEAN> 39
 2.226019e+00 -4.747395e+00 -3.017951e+00 -2.850243e+00 -1.924922e+01 1.130704e+01 -1.599317e+01 -4.093187e-02 6.108894e+00 -7.398833e+00 4.958285e+00 -8.205683e-01 5.158931e+01 4.583278e-02 4.118968e-02 6.055776e-02 4.878778e-02 9.558199e-02 1.053001e-01 1.394434e-03 4.741267e-02 -3.072369e-02 -2.348101e-03 -1.423679e-02 -1.183810e-01 2.729913e-02 -3.045834e-02 1.083958e-03 3.575338e-02 3.667423e-02 2.014324e-02 1.313690e-02 8.666277e-03 7.726464e-03 -1.680517e-02 -6.901486e-02 -5.484444e-02 -2.596596e-02 -1.822813e-02
<VARIANCE> 39
 7.728226e+01 5.185018e+01 3.172858e+01 4.760032e+01 1.994097e+01 1.636222e+01 4.190798e+01 4.417975e+01 1.116116e+02 1.970526e+01 4.279050e+01 1.654246e+01 6.577029e+01 1.769341e+00 1.262937e+00 1.060018e+00 1.683969e+00 1.953007e+00 1.557748e+00 2.506854e+00 1.906998e+00 1.986823e+00 1.486414e+00 1.952576e+00 1.559850e+00 1.769032e+00 1.485148e-01 2.449183e-01 1.749372e-01 2.215832e-01 3.811490e-01 2.637455e-01 3.322484e-01 3.471454e-01 3.700850e-01 2.624933e-01 3.691617e-01 3.479989e-01 1.186103e-01
<GCONST> 1.083397e+02
<TRANSP> 5
 0.000000e+00 1.000000e+00 0.000000e+00 0.000000e+00 0.000000e+00
 0.000000e+00 9.782529e-01 2.174700e-02 0.000000e+00 0.000000e+00
 0.000000e+00 0.000000e+00 0.000000e+00 1.000000e+00 0.000000e+00
 0.000000e+00 0.000000e+00 0.000000e+00 9.829528e-01 1.704719e-02
 0.000000e+00 0.000000e+00 0.000000e+00 0.000000e+00 0.000000e+00
<ENDHMM>
~h "sp"
<BEGINHMM>
<NUMSTATES> 3
<STATE> 2
~s "silst"
<TRANSP> 3
 0.000000e+00 7.000000e-01 3.000000e-01
 0.000000e+00 9.336483e-01 6.635173e-02
 0.000000e+00 0.000000e+00 0.000000e+00
<ENDHMM>
