~o
<STREAMINFO> 1 39
<VECSIZE> 39<NULLD><MFCC_D_A_0><DIAGC>
~h "#N"
<BEGINHMM>
<NUMSTATES> 5
<STATE> 2
<MEAN> 39
 -1.043611e+01 -1.048380e+01 -1.790405e+01 -1.457664e+01 -1.188113e+01 -1.447737e+01 -8.861897e+00 -4.968315e-01 -2.606780e+00 5.356434e+00 3.499501e+00 4.397847e+00 3.724471e+01 1.960201e-01 5.069769e-02 4.190232e-02 4.202235e-03 -8.796929e-02 -7.527245e-02 -1.450074e-01 -1.553768e-01 -3.788776e-02 1.595713e-01 1.349767e-01 -2.672105e-02 2.703947e-02 -1.336547e-02 -7.368486e-04 -2.694950e-02 -6.228262e-03 3.302664e-02 4.607833e-02 5.847066e-03 -4.399249e-02 -1.666789e-02 8.023531e-03 2.396682e-02 1.048475e-02 1.436545e-02
<VARIANCE> 39
 3.645399e+01 1.881132e+01 3.310826e+01 2.393451e+01 2.553228e+01 3.334710e+01 3.487761e+01 2.407298e+01 4.661258e+01 3.538915e+01 2.492765e+01 1.789520e+01 4.031347e+01 2.092447e+00 2.149759e+00 1.828382e+00 1.736872e+00 1.757624e+00 2.960917e+00 3.864945e+00 2.227091e+00 3.691741e+00 3.215366e+00 2.178579e+00 1.529139e+00 1.673095e+00 3.097071e-01 4.152983e-01 3.150195e-01 2.947381e-01 3.489500e-01 5.454534e-01 6.893540e-01 3.867579e-01 6.367696e-01 5.882021e-01 3.936495e-01 2.760304e-01 2.227928e-01
<GCONST> 1.141099e+02
<STATE> 3
<MEAN> 39
 -6.521792e+00 -1.182524e+01 -1.946216e+01 -1.685916e+01 -1.053029e+01 -1.201240e+01 -9.636803e+00 -1.999479e+00 -3.086173e+00 8.469634e+00 6.217032e+00 1.320955e+00 3.999133e+01 -5.378540e-02 7.398663e-04 -1.767985e-02 -1.161101e-02 3.034203e-02 2.815126e-02 2.249517e-02 4.117033e-02 2.937924e-02 -3.016056e-02 -3.415798e-02 -8.141414e-03 -4.199302e-02 -6.580452e-03 -3.972627e-03 7.974311e-03 5.061305e-03 -1.135848e-02 -7.936628e-03 7.167092e-03 1.135112e-02 1.884258e-04 -1.201620e-02 -5.047269e-03 4.345046e-04 -2.584873e-03
<VARIANCE> 39
 6.489326e+01 3.093064e+01 1.669139e+01 4.595042e+01 2.352883e+01 2.438042e+01 3.321505e+01 6.128296e+01 5.675420e+01 5.567962e+01 6.954723e+01 3.569787e+01 5.309903e+01 2.091063e+00 1.950237e+00 1.169021e+00 2.445826e+00 1.541772e+00 1.893907e+00 2.789065e+00 2.879943e+00 2.709300e+00 3.446968e+00 3.486041e+00 2.474984e+00 1.774609e+00 2.680708e-01 2.962455e-01 2.097115e-01 3.443449e-01 2.724971e-01 3.304248e-01 4.973924e-01 4.053237e-01 4.188437e-01 5.918471e-01 4.524629e-01 4.331131e-01 1.847390e-01
<GCONST> 1.164327e+02
<STATE> 4
<MEAN> 39
 -1.436733e+01 -9.041486e+00 -1.744987e+01 -1.560158e+01 -1.133134e+01 -1.099795e+01 -7.524273e+00 -7.357040e-01 -1.749514e+00 2.698377e+00 5.270802e+00 4.241361e+00 3.100980e+01 -1.318806e-02 2.526201e-02 3.194538e-02 4.274842e-03 -2.256932e-02 -1.107732e-03 5.822364e-03 8.701997e-03 -5.838603e-03 -3.279136e-02 -3.286001e-02 7.733942e-04 -1.526679e-02 2.915909e-03 -2.053950e-03 -2.497789e-03 5.106772e-03 1.227304e-02 5.070295e-03 -8.777522e-03 -8.504449e-03 -3.656179e-03 -8.490623e-03 -1.277753e-02 -9.287219e-03 4.087633e-03
<VARIANCE> 39
 8.049849e-01 2.078547e+00 3.696242e+00 3.728321e+00 5.584588e+00 7.404858e+00 8.546940e+00 1.049586e+01 1.140422e+01 9.683854e+00 1.035844e+01 9.575719e+00 4.860256e-01 6.972281e-02 2.262041e-01 4.026954e-01 4.000759e-01 4.874853e-01 6.547304e-01 8.876938e-01 9.524125e-01 1.196831e+00 9.561673e-01 9.965861e-01 1.000142e+00 4.856278e-02 1.428451e-02 4.737204e-02 8.547574e-02 8.431854e-02 9.483525e-02 1.312327e-01 1.711901e-01 1.718131e-01 2.489380e-01 1.980594e-01 1.876516e-01 1.904195e-01 1.064631e-02
<GCONST> 5.040776e+01
<TRANSP> 5
 0.000000e+00 1.000000e+00 0.000000e+00 0.000000e+00 0.000000e+00
 0.000000e+00 9.866667e-01 1.333333e-02 0.000000e+00 0.000000e+00
 0.000000e+00 0.000000e+00 9.958506e-01 4.149377e-03 0.000000e+00
 0.000000e+00 0.000000e+00 0.000000e+00 9.910448e-01 8.955222e-03
 0.000000e+00 0.000000e+00 0.000000e+00 0.000000e+00 0.000000e+00
<ENDHMM>
~h "t-uh+d"
<BEGINHMM>
<NUMSTATES> 5
<STATE> 2
<NUMMIXES> 3
<MIXTURE> 1 2.499990e-01
<MEAN> 39
 -1.360538e+01 -9.427439e+00 -1.659638e+01 -1.651779e+01 -1.373189e+01 -1.648761e+01 -9.488161e+00 2.661675e+00 3.546228e+00 4.560132e+00 8.125833e+00 8.174865e-01 3.171689e+01 -4.452689e-01 -3.725118e+00 -1.136968e+00 6.801256e-01 -2.426341e+00 -3.328477e-01 4.230637e+00 -3.643064e-01 -3.112266e+00 -1.003120e+00 1.731773e+00 2.646298e+00 2.313284e+00 6.681428e-01 2.670745e-01 5.972791e-01 2.086856e-01 4.299659e-01 1.798258e-01 -1.428221e-03 -1.559819e-02 -6.017576e-01 2.929578e-01 -4.386254e-01 3.411811e-01 5.923033e-01
<VARIANCE> 39
 1.322738e-01 9.169748e-02 1.555642e+00 2.121131e+00 2.650137e-01 1.248137e+00 3.467505e-01 4.812115e-01 1.596728e+00 3.927196e-01 7.981413e+00 6.894368e+00 1.793449e-02 5.353811e-02 5.836494e-04 9.850898e-02 7.241705e-02 2.958939e-02 1.035793e-02 5.301460e-01 8.666481e-01 1.138086e-02 5.730613e-01 4.155204e-03 7.816965e-03 1.331758e-01 1.058555e-01 4.724065e-03 3.778694e-06 7.927959e-02 4.273384e-02 1.325928e-01 2.087694e-01 3.622959e-03 1.165407e-03 1.890520e-01 7.308863e-02 1.642724e-02 7.980701e-02
<GCONST> -2.914137e+01
<MIXTURE> 2 5.000002e-01
<MEAN> 39
 -1.268723e+01 -8.956729e+00 -1.828099e+01 -1.606870e+01 -1.219987e+01 -1.288889e+01 -7.299089e+00 -1.197600e-01 -4.934577e-01 2.895322e+00 4.143425e+00 4.051303e+00 3.204002e+01 1.952784e-01 -9.110697e-02 -6.686669e-01 2.416717e-01 2.053314e-01 1.161917e+00 7.599463e-02 -4.644088e-01 4.004155e-01 -1.680292e-01 -1.902097e-01 -4.774328e-01 5.521480e-03 -3.391837e-02 -1.377127e-01 -2.662486e-02 1.410179e-02 3.885308e-02 1.755364e-01 -2.527678e-01 -1.026247e-01 -3.681503e-02 1.253108e-01 1.653858e-01 -9.055804e-02 2.807308e-02
<VARIANCE> 39
 1.149917e-01 9.433711e-01 2.801767e+00 6.052420e+00 1.147749e+01 2.003838e-01 6.246819e+00 4.801980e+00 1.064051e+01 8.014802e+00 2.251020e+00 2.115014e+00 2.064786e-01 4.608503e-02 1.591130e-01 1.140642e+00 1.452765e-01 5.586788e-01 1.242364e+00 1.319664e+00 9.177299e-01 8.661163e-01 1.136606e+00 1.872333e+00 2.329323e-01 1.763572e-02 1.194775e-03 8.874030e-02 1.196507e-02 7.349354e-02 1.456572e-01 8.101959e-03 6.665561e-02 3.587140e-01 5.257833e-02 1.007872e-01 2.731993e-01 1.237168e-01 6.892962e-04
<GCONST> 2.660851e+01
<MIXTURE> 3 2.500008e-01
<MEAN> 39
 -1.042917e+01 -5.918269e+00 -1.626335e+01 -1.646885e+01 -1.272998e+01 -1.466481e+01 -1.114765e+01 -2.718666e+00 -2.130372e+00 1.001538e+01 1.242468e+01 6.228673e+00 3.332862e+01 1.512589e+00 -3.177431e+00 -2.118676e+00 -5.689227e-01 -4.132369e-01 -3.676016e-01 2.768889e+00 -1.374015e+00 -3.881894e+00 -1.084524e+00 1.743112e+00 1.399189e+00 2.003122e+00 4.601397e-01 1.552312e-02 3.479168e-01 3.567671e-01 -1.919644e-01 -4.009373e-01 -8.661649e-01 -1.566316e-01 3.370686e-01 -4.213244e-01 -5.604041e-01 6.744604e-02 3.518910e-01
<VARIANCE> 39
 1.605917e+01 1.580926e+01 5.380875e+00 5.589036e+00 2.506966e+00 2.688634e-01 8.903398e-02 2.565667e-02 2.216474e+00 9.698805e-01 1.700593e+01 2.522208e+00 5.624252e+00 1.136254e-01 4.870452e-01 3.536305e-03 2.462496e+00 1.593194e-02 4.061465e-01 2.805079e-02 1.683150e-01 5.723640e-03 1.690924e+00 5.025939e-01 1.659075e+00 1.098390e-05 8.934594e-04 7.489227e-02 7.451455e-02 1.349844e-01 2.603448e-02 1.880873e-04 3.074497e-03 1.668585e-01 3.109092e-04 1.034613e-01 1.498653e-03 4.777418e-02 1.585405e-03
<GCONST> -1.422940e+01
<STATE> 3
<NUMMIXES> 3
<MIXTURE> 1 3.636355e-01
<MEAN> 39
 -1.394702e+01 -2.069024e+01 -2.193166e+01 -1.288178e+01 -2.008530e+01 -1.674154e+01 1.645531e+00 -1.764148e+00 -6.415193e+00 1.558992e+00 1.108782e+01 1.066055e+01 3.979567e+01 1.380467e+00 -4.667461e-01 2.119421e+00 1.317400e+00 3.573887e-01 3.139592e-01 1.915727e+00 -6.329327e-03 -3.157921e+00 -3.167975e-01 1.120561e-01 2.083252e+00 2.148133e+00 1.056444e+00 1.505993e+00 1.010342e+00 -5.160853e-01 7.253587e-01 1.059467e-02 -1.969535e+00 -3.528301e-01 2.442535e-01 8.846425e-01 -4.177226e-01 -6.645485e-01 -8.837683e-02
<VARIANCE> 39
 8.731640e-01 1.112863e+00 1.050372e+00 8.768342e+00 4.087402e+00 1.831048e+00 1.612751e+01 3.454382e+00 6.499291e+00 4.969400e+00 1.115974e+01 1.429197e+01 2.322752e+00 1.275428e+00 1.380363e+00 7.257119e-01 9.474069e-01 7.983829e-01 2.498089e-01 3.046966e+00 3.243782e-01 3.479154e-01 1.071041e+00 7.438646e-01 2.069946e-01 7.355817e-01 5.467486e-02 4.125101e-03 8.118736e-02 2.592996e-01 2.199126e-01 8.150823e-02 2.882097e-01 3.270224e-01 1.228383e-01 8.266799e-02 2.459135e-01 1.471763e-01 2.511595e-02
<GCONST> 5.445928e+01
<MIXTURE> 2 4.545470e-01
<MEAN> 39
 -1.045233e+01 -1.151612e+01 -2.094763e+01 -1.700876e+01 -1.526634e+01 -1.266028e+01 -6.940715e+00 -1.531725e+00 -8.865362e-01 3.663430e+00 4.255883e+00 3.339652e+00 3.392064e+01 4.464718e-01 -7.401427e-01 -7.042546e-01 6.432534e-02 -8.044913e-02 7.519062e-01 -1.205971e-03 -4.233667e-01 6.016238e-02 1.993551e-01 2.899314e-01 -5.212938e-01 3.676411e-01 -8.343522e-02 1.586306e-01 2.971734e-01 1.358371e-01 2.340472e-01 -1.709542e-01 -5.207729e-01 -2.519996e-02 7.087799e-02 2.896991e-01 2.046808e-01 8.300153e-02 -4.117572e-02
<VARIANCE> 39
 2.352159e+01 9.689342e+00 8.281796e+00 2.983611e+00 1.005600e+01 7.589529e+00 2.088637e+00 1.839017e+01 5.299620e+01 1.154366e+01 2.568968e+01 4.787360e+00 1.699187e+01 5.387630e-01 1.419856e+00 8.533992e-01 3.152543e-01 3.417534e-01 2.871312e-01 1.226659e+00 1.919834e+00 2.079914e+00 3.562661e-01 1.896589e+00 7.879850e-01 4.089461e-01 1.069248e-02 3.726135e-01 1.028960e-01 8.210845e-02 8.106128e-02 1.422868e-01 3.019694e-01 3.825568e-01 6.870620e-01 2.199109e-01 1.501055e-01 1.473130e-01 2.433435e-02
<GCONST> 7.218256e+01
<MIXTURE> 3 1.818177e-01
<MEAN> 39
 -9.991762e+00 -1.827963e+01 -2.392072e+01 -2.180339e+01 -1.636343e+01 -1.632777e+01 -9.245822e-01 -5.130119e+00 -1.011149e+01 7.927071e+00 1.342600e+01 1.070966e+01 3.808057e+01 1.217136e+00 3.320254e-01 1.299070e+00 2.392426e-02 -8.570997e-01 -5.854716e-01 8.811945e-02 -5.708535e-01 -1.078622e+00 -1.195029e+00 3.347630e-01 1.903348e+00 1.333812e+00 3.618448e-01 1.109548e+00 1.218134e+00 8.502253e-01 -2.750845e-01 -6.756669e-02 -1.367856e+00 1.554655e-01 9.975848e-01 -8.954410e-02 -1.095060e+00 -8.657528e-01 -1.506348e-01
<VARIANCE> 39
 1.710417e-01 5.940458e-02 1.105079e+00 1.484954e+00 8.818045e-01 7.462955e+00 5.042959e-02 1.761314e-01 3.340604e-01 1.753382e-01 1.086441e+00 1.286115e+01 1.551677e-01 7.469133e-02 5.786225e-01 1.224420e+00 3.639956e-01 3.774811e-01 1.561165e-01 4.379199e-01 7.033570e-04 9.244285e-01 8.987909e-03 2.967320e+00 1.545398e+00 2.350664e-02 3.617061e-03 3.080128e-03 2.843007e-02 2.320440e-02 1.051372e-02 8.048999e-03 1.749809e-02 2.089029e-02 6.675901e-02 7.617385e-02 1.127833e-03 8.464720e-02 2.626080e-04
<GCONST> -1.800723e+01
<STATE> 4
<NUMMIXES> 3
<MIXTURE> 1 2.499971e-01
<MEAN> 39
 -1.219108e+01 -1.008481e+01 -1.127674e+01 -1.010722e+01 -1.128530e+01 -1.218077e+01 -3.188249e+00 1.822915e+00 -4.014682e+00 3.106702e+00 7.662828e+00 1.031363e+01 3.473003e+01 2.375171e+00 2.583705e+00 3.181897e+00 1.025431e+00 6.094463e-01 9.795059e-02 -3.802782e+00 -1.909425e+00 -3.796456e-01 1.020652e+00 -1.210162e-01 -7.139121e-01 9.816261e-01 6.815625e-01 1.800158e-01 -4.311494e-01 -6.854644e-02 -2.959473e-01 -5.225386e-01 -1.094567e+00 -7.183099e-01 1.553606e-01 6.680472e-01 -5.916639e-02 -1.009636e+00 1.590352e-01
<VARIANCE> 39
 1.197990e-01 5.768411e-01 5.010866e+00 1.019007e+01 5.904498e-01 3.129013e-01 1.692468e+01 1.848487e+00 1.003748e+01 4.389523e-02 6.773865e+00 8.524447e-01 1.275024e-03 2.542622e-01 1.047993e-01 4.239754e-04 6.682071e-01 3.589920e+00 4.005290e-01 1.864779e+00 4.257473e-01 1.587987e+00 1.311199e+00 2.851284e+00 1.046240e-02 5.456965e-02 2.624828e-02 4.513832e-02 3.415504e-02 1.938915e-01 3.454416e-02 7.740404e-02 5.632115e-01 1.426775e-01 2.561373e-01 5.996345e-04 1.715551e-01 1.707960e-05 5.707387e-06
<GCONST> -2.183677e+00
<MIXTURE> 2 7.500029e-01
<MEAN> 39
 -1.002366e+01 -1.080672e+01 -1.811516e+01 -1.345655e+01 -1.240358e+01 -1.254053e+01 -5.896086e+00 -1.081598e+00 -6.031501e+00 -1.117377e+00 5.374039e+00 3.537229e+00 3.500205e+01 7.771925e-01 -8.466973e-02 2.079677e-01 -5.996771e-01 7.562137e-02 3.906597e-01 -7.652745e-01 -3.816468e-01 -7.902815e-01 6.665071e-01 -1.901986e-01 -3.165267e-01 4.572881e-01 -6.468915e-02 3.480577e-01 1.331632e-01 -2.408025e-01 -3.722379e-02 -1.412947e-01 -5.216324e-01 -5.321388e-02 4.200541e-01 5.674492e-01 -1.375248e-02 1.285305e-01 -1.412396e-01
<VARIANCE> 39
 1.549809e+01 3.997592e+00 1.470776e+01 5.335897e+00 1.158499e+01 2.883190e+01 2.874906e+00 1.500661e+01 2.397859e+01 8.874859e+00 2.191093e+01 1.391700e+01 1.719788e+01 2.184258e+00 1.565885e+00 3.160990e+00 1.198644e+00 1.239781e-01 5.789600e-01 1.328393e+00 1.761097e+00 1.029558e+00 9.257401e-01 8.748152e-01 9.482495e-01 4.249443e-01 2.055921e-02 3.477322e-01 1.475986e-01 1.906230e-01 2.205581e-01 2.462468e-01 4.270491e-01 3.831036e-01 7.911937e-01 5.378309e-01 2.491358e-01 8.045668e-02 8.159073e-02
<GCONST> 8.284917e+01
<TRANSP> 5
 0.000000e+00 1.000000e+00 0.000000e+00 0.000000e+00 0.000000e+00
 0.000000e+00 1.413921e-23 1.000000e+00 0.000000e+00 0.000000e+00
 0.000000e+00 0.000000e+00 2.727264e-01 7.272736e-01 0.000000e+00
 0.000000e+00 0.000000e+00 0.000000e+00 5.970505e-21 1.000000e+00
 0.000000e+00 0.000000e+00 0.000000e+00 0.000000e+00 0.000000e+00
<ENDHMM>
~h "s-ah+t"
<BEGINHMM>
<NUMSTATES> 5
<STATE> 2
<NUMMIXES> 3
<MIXTURE> 1 2.322993e-01
<MEAN> 39
 -1.678395e+01 -6.167618e+00 -2.045711e+01 -6.589901e+00 -1.318738e+01 -1.260721e+01 -2.641309e+00 -6.657109e-01 -2.992421e+00 2.366554e+00 8.889853e+00 2.520449e+00 3.778491e+01 4.834185e+00 5.197228e-01 -2.486266e-01 -2.871634e+00 1.760005e+00 -1.237830e-01 -2.819154e+00 -3.182878e-01 2.976115e+00 2.170182e+00 -7.752830e-01 9.653154e-01 1.313950e+00 9.783705e-01 -6.892273e-01 -3.559970e-01 -5.384207e-01 8.134475e-02 -3.976918e-01 -5.216708e-01 -8.619836e-02 1.879491e-01 1.423466e+00 -6.775838e-01 -7.111353e-02 9.020595e-01
<VARIANCE> 39
 4.131699e+01 2.134445e+01 4.837352e+00 1.637183e+01 1.629785e+01 2.726455e+01 7.320382e+00 7.025764e+00 2.367088e+01 1.040064e+01 1.868657e+01 1.252779e+01 3.235522e+00 3.460399e+00 1.240474e+00 1.081019e+00 1.970727e+00 7.266330e-01 2.162153e+00 1.585622e+00 1.412525e+00 8.683032e-01 4.882614e+00 1.771229e+00 1.449730e+00 2.396161e+00 8.768642e-01 4.094525e-01 1.281435e-01 2.204360e-01 1.779466e-01 2.761814e-01 2.042735e-01 4.009951e-01 5.666196e-01 2.073715e-01 3.181045e-01 3.123860e-01 8.687534e-02
<GCONST> 9.473717e+01
<MIXTURE> 2 6.511610e-01
<MEAN> 39
 -1.959198e+01 -8.099216e+00 -2.163782e+01 -2.262439e+00 -1.622019e+01 -1.385329e+01 -1.630952e+00 -3.926054e+00 -8.224748e+00 4.827950e+00 8.764791e+00 1.704529e-01 3.698593e+01 -4.651449e-01 -3.572888e-01 4.678481e-02 4.737586e-01 -2.620332e-01 9.299210e-02 5.054020e-01 1.539973e-01 -4.845857e-01 3.622215e-01 1.062994e-01 -1.252955e-01 4.124758e-01 2.554830e-01 4.597943e-02 1.040995e-01 -5.467520e-01 2.236804e-01 1.238068e-02 -3.322040e-01 2.708474e-01 4.534395e-01 -1.255917e-01 -1.774744e-01 2.186875e-01 -1.643327e-01
<VARIANCE> 39
 1.210817e+01 8.523375e+00 1.032933e+01 5.611079e+01 8.942016e+00 1.183211e+01 2.401547e+01 1.797983e+01 2.145447e+01 1.439256e+01 1.332803e+01 1.024019e+01 5.114655e+00 3.060581e-01 5.488340e-01 7.515835e-01 5.189575e+00 6.895059e-01 1.363567e+00 7.907869e-01 1.661234e+00 2.694591e+00 2.529776e+00 1.622640e+00 1.675856e+00 2.704792e-01 1.450118e-01 1.629680e-01 1.463410e-01 6.080252e-01 1.520679e-01 3.113982e-01 2.099029e-01 1.997997e-01 5.242910e-01 5.569613e-01 2.483175e-01 3.315202e-01 1.990672e-02
<GCONST> 8.705624e+01
<MIXTURE> 3 1.165397e-01
<MEAN> 39
 -4.231398e+00 -8.779191e+00 -2.295994e+01 -1.363663e+01 -1.380937e+01 -2.119327e+01 -1.078661e+01 -3.341391e+00 3.800416e-01 1.072205e+01 4.259977e+00 3.139052e+00 4.375317e+01 2.804865e+00 -8.057502e-01 -9.048289e-01 -3.262485e+00 6.692227e-01 -2.514535e-01 -2.637299e+00 8.756878e-01 2.164685e+00 2.225145e+00 -2.093192e+00 -1.671501e-02 1.538576e+00 -6.830615e-01 -4.487402e-01 4.514351e-01 6.962247e-02 1.898870e-02 3.814315e-01 5.641859e-01 4.849201e-01 -1.293577e-01 2.527091e-02 -2.892808e-01 -3.444766e-01 -4.850896e-02
<VARIANCE> 39
 8.142191e+01 3.547791e+00 3.512681e+01 4.204090e+01 1.268931e+01 1.119147e+01 4.431918e+01 1.693173e+01 2.549038e+01 3.194801e+01 1.033062e+01 2.858830e+01 1.392781e+01 6.803869e+00 6.042086e+00 4.858038e-01 4.820561e+00 1.903649e-01 2.129355e+00 1.230930e+00 2.527274e+00 8.365983e-01 1.427359e+01 2.402716e+00 3.205825e+00 7.692705e+00 1.764825e+00 3.819007e-01 9.114525e-02 3.814963e-01 2.136509e-01 1.027292e-01 4.036562e-01 7.382420e-01 1.714430e-01 6.093981e-01 7.459348e-02 2.512928e-01 1.161219e-01
<GCONST> 1.054307e+02
<STATE> 3
<NUMMIXES> 3
<MIXTURE> 1 2.428963e-01
<MEAN> 39
 1.770389e+00 -1.482686e+01 -2.297054e+01 -2.218348e+01 -8.039871e+00 -1.583368e+01 -1.327407e+01 3.236284e+00 6.970579e+00 1.955380e+01 -3.000230e+00 4.058091e+00 4.975753e+01 7.515426e-01 -2.409813e+00 8.037653e-01 -1.604567e+00 1.102358e+00 7.329169e-01 -1.694397e-01 1.274688e+00 1.367554e+00 1.431029e+00 -2.534802e+00 -5.424179e-01 1.388887e+00 -1.203091e+00 4.986183e-01 4.025868e-01 1.174778e+00 -2.894465e-01 3.659134e-01 6.013821e-01 -4.152161e-01 -5.574484e-01 -1.323439e+00 8.447740e-01 -2.889273e-01 -8.547255e-01
<VARIANCE> 39
 2.677159e+00 3.447446e+00 3.663957e+00 5.151474e+00 5.801119e+00 8.224728e+00 1.035781e+01 1.198308e+01 8.027041e+00 7.290802e+00 1.886856e+01 1.165437e+01 1.656051e+00 1.336946e+00 1.159166e+00 9.678710e-01 2.351346e+00 5.989101e-01 1.627982e+00 9.642028e-01 2.401860e+00 7.701517e-01 3.474432e+00 2.063936e+00 1.067505e+00 1.017525e+00 3.427067e-01 1.927976e-01 1.453335e-01 1.282949e-01 1.735072e-01 1.941731e-01 5.176849e-01 5.933901e-01 3.024793e-01 2.056834e-01 2.833842e-01 5.286937e-01 1.323024e-02
<GCONST> 7.908672e+01
<MIXTURE> 2 4.069971e-01
<MEAN> 39
 -5.043907e+00 -1.080327e+01 -1.872749e+01 -1.835421e+01 -1.292055e+01 -1.305881e+01 -1.733669e+01 -3.722591e+00 6.973130e+00 8.881499e+00 -3.656802e-01 2.389986e+00 3.956855e+01 -1.364599e+00 1.318054e+00 5.524028e-01 1.147554e+00 2.713441e-01 -3.525550e-02 1.442569e-01 -3.099722e-02 1.232797e+00 -7.947554e-01 -1.833275e-02 -1.163642e+00 -2.033930e+00 -2.331747e-01 -2.495752e-01 -5.661327e-02 1.959582e-01 4.223358e-01 -2.882313e-01 6.349978e-01 8.463300e-01 -3.175343e-01 1.296860e-01 1.617472e-01 -1.241313e-01 6.618523e-03
<VARIANCE> 39
 2.535494e+01 9.503967e+00 1.456670e+01 1.307134e+01 9.324888e+00 2.123326e+01 1.072633e+02 1.888165e+01 6.494769e+01 3.426789e+01 1.923312e+01 3.452049e+01 2.254871e+01 8.053322e-01 1.062028e+00 3.616256e-01 1.182715e+00 1.764863e+00 1.334696e+00 2.919681e+00 3.270783e+00 1.561007e+00 1.962658e+00 2.024848e+00 3.420446e+00 1.501325e+00 6.227845e-02 1.519015e-01 1.789264e-01 2.886246e-01 3.721974e-01 3.888603e-01 1.177186e+00 4.905060e-01 4.204728e-01 4.630838e-01 3.414775e-01 7.748486e-01 8.087514e-02
<GCONST> 1.026166e+02
<MIXTURE> 3 3.501067e-01
<MEAN> 39
 7.568856e-01 -1.793073e+01 -2.041792e+01 -2.032902e+01 -7.509581e+00 -1.394543e+01 -1.412004e+01 3.248528e+00 7.506736e+00 1.744835e+01 -2.669286e+00 1.485366e+00 5.001350e+01 -3.078500e-01 3.502311e-01 3.371145e-01 6.571632e-01 -1.069525e+00 -2.817374e-02 -1.932544e+00 -1.079449e+00 -1.827625e-02 -1.034762e+00 9.803096e-01 2.292686e-01 -7.789392e-01 -2.052810e-01 6.487994e-01 -1.032896e-01 8.492820e-02 -3.496177e-01 -1.240701e-01 -4.100894e-01 -5.339535e-01 1.754404e-01 -2.995025e-01 4.352926e-02 3.715364e-02 -5.847060e-01
<VARIANCE> 39
 9.038466e-01 7.489873e-01 1.975097e+00 1.137504e+01 1.227904e+01 8.113688e+00 1.763701e+01 1.101537e+01 8.240331e+00 7.183113e+00 1.246937e+01 8.985206e+00 1.546964e+00 1.797405e-01 9.077191e-01 4.010059e-01 7.292386e-01 1.773673e+00 1.122968e+00 3.426203e+00 4.489298e+00 1.117624e+00 5.970305e-01 1.062323e+00 1.565330e+00 7.641459e-01 8.376926e-02 4.551184e-02 8.834145e-02 2.183250e-01 4.256914e-01 2.045008e-01 5.129870e-01 7.465614e-01 1.585334e-01 1.202900e-01 5.265126e-01 6.163154e-01 6.384889e-02
<GCONST> 7.296520e+01
<STATE> 4
<NUMMIXES> 3
<MIXTURE> 2 6.978157e-01
<MEAN> 39
 -8.620790e+00 -9.535412e+00 -1.831665e+01 -1.422767e+01 -9.313969e+00 -1.518266e+01 -1.713021e+01 8.495640e-01 9.862010e+00 9.793219e+00 1.373502e+00 -1.481384e+00 3.516391e+01 -1.815463e+00 2.170029e-01 -3.607949e-01 -4.529840e-01 -6.026121e-01 -3.752574e-01 1.552813e+00 1.223009e+00 -1.580010e+00 -1.018408e+00 1.243173e+00 5.680644e-01 -1.642955e+00 2.431201e-01 -1.618295e-01 7.167500e-02 -5.162687e-01 -5.870736e-01 -2.652668e-02 4.686615e-02 -3.758170e-01 -6.558930e-01 -4.725220e-02 2.002755e-01 7.398147e-01 4.471077e-01
<VARIANCE> 39
 7.966612e+00 9.245687e+00 1.635944e+01 1.285898e+01 1.488892e+01 1.772604e+01 2.647159e+01 1.736147e+01 1.766591e+01 3.362063e+01 1.990471e+01 2.107709e+01 2.077709e+00 1.681659e-01 3.797280e-01 4.869615e-01 7.001019e-01 1.459144e+00 1.422994e+00 3.624750e+00 1.415712e+00 1.961837e+00 2.809144e+00 7.181653e-01 3.306060e+00 1.782755e-01 4.464900e-02 1.352497e-01 1.229542e-01 2.148733e-01 1.951327e-01 2.882319e-01 5.781403e-01 5.710520e-01 2.835478e-01 6.304418e-01 2.060856e-01 4.048358e-01 1.439164e-02
<GCONST> 8.439847e+01
<MIXTURE> 3 3.021843e-01
<MEAN> 39
 -1.296371e+01 -9.842349e+00 -1.844740e+01 -1.686061e+01 -1.322347e+01 -1.203401e+01 -6.983189e+00 -7.121230e-01 -8.951218e-01 2.492561e-01 2.743968e+00 4.419277e+00 3.242667e+01 -1.529918e-01 4.013045e-01 5.282728e-01 7.075569e-01 -8.563373e-02 -1.031402e+00 -9.282444e-01 5.163924e-02 4.216410e-01 -1.771748e-02 -2.330132e-01 4.511470e-01 -2.326506e-01 3.379149e-02 7.134773e-02 -9.440011e-03 1.008009e-01 2.349750e-01 -8.500432e-02 -7.648845e-02 -8.977505e-03 -9.401024e-02 -4.359203e-02 4.059332e-02 -1.439469e-01 -7.262122e-03
<VARIANCE> 39
 7.459775e-02 1.777130e+00 3.847294e+00 5.160859e+00 6.897846e+00 3.660508e+00 1.156167e+01 3.255639e+00 3.060431e+00 2.525954e+00 8.871084e+00 1.483054e+01 4.933240e-01 6.963550e-02 3.608211e-01 5.967801e-01 5.696577e-01 2.936566e-01 1.929615e+00 3.350021e+00 5.433780e-01 1.219335e+00 8.305351e-01 1.041386e+00 3.740930e-01 9.163940e-02 1.466184e-02 1.903312e-02 1.044341e-01 1.815747e-01 1.819740e-01 1.855406e-01 3.339216e-01 3.179779e-01 2.431797e-01 2.493067e-01 2.120147e-01 4.128694e-01 1.896536e-02
<GCONST> 5.068399e+01
<TRANSP> 5
 0.000000e+00 1.000000e+00 0.000000e+00 0.000000e+00 0.000000e+00
 0.000000e+00 8.139521e-01 1.860479e-01 0.000000e+00 0.000000e+00
 0.000000e+00 0.000000e+00 7.837833e-01 2.162167e-01 0.000000e+00
 0.000000e+00 0.000000e+00 0.000000e+00 4.285044e-01 5.714956e-01
 0.000000e+00 0.000000e+00 0.000000e+00 0.000000e+00 0.000000e+00
<ENDHMM>
~h "d-uw+ah"
<BEGINHMM>
<NUMSTATES> 5
<STATE> 2
<NUMMIXES> 3
<MIXTURE> 1 1.427946e-01
<MEAN> 39
 -9.199889e+00 -9.210719e+00 -2.464482e+01 -6.651750e+00 -9.078076e+00 -6.258506e+00 -2.927134e+00 -1.451982e+00 -3.540050e+00 2.830983e+00 3.833363e+00 5.883370e+00 3.957220e+01 3.493506e+00 6.630071e-01 1.487467e+00 -2.413908e+00 1.049886e+00 5.657758e-01 -7.033706e-01 2.367256e-01 1.517355e+00 1.883108e+00 6.058074e-01 8.770285e-01 9.142788e-01 4.412437e-01 -2.439342e-01 4.976523e-02 -1.252655e+00 -3.109123e-01 -8.530611e-01 -7.537764e-01 1.172290e-01 -2.614878e-02 1.424472e+00 1.341404e-01 -2.807903e-01 6.637880e-01
<VARIANCE> 39
 6.193171e+01 4.669364e+00 1.576345e+01 5.105241e+01 4.837351e+00 9.336834e+00 1.596932e+01 1.073568e+02 1.087146e+01 8.493673e+01 2.223435e+01 8.891466e+00 5.280021e+00 4.508063e+00 3.274254e-01 5.632503e-01 4.479908e+00 4.092844e-01 3.022741e+00 3.794436e+00 1.077522e-01 7.780697e-01 8.878170e+00 1.845942e-01 3.211566e-01 1.306008e+00 6.128609e-01 1.727956e-01 7.230406e-02 5.060415e-01 2.598812e-01 8.285732e-02 6.187622e-01 4.836603e-01 1.880662e-01 2.953704e+00 2.357998e-01 7.706376e-02 2.312199e-01
<GCONST> 9.242023e+01
<MIXTURE> 2 6.073179e-01
<MEAN> 39
 -1.692921e+01 -8.309474e+00 -2.504073e+01 -9.160508e+00 -1.201102e+01 -8.126530e+00 -3.294634e+00 -1.120456e+00 -3.023098e+00 6.559320e+00 4.479718e+00 1.159284e+00 3.556987e+01 -2.538452e-01 1.389910e-01 -7.607433e-02 4.687639e-01 3.094951e-01 -5.969195e-01 4.119323e-01 -9.500864e-01 -1.061335e+00 2.851869e-01 -3.800018e-01 -3.944348e-01 3.003172e-01 -1.882209e-03 -1.197839e-02 2.465799e-01 -8.756118e-02 -8.639712e-02 -2.334521e-01 -4.638471e-01 -4.273717e-02 -2.880720e-02 -1.966183e-01 -5.847581e-02 2.076285e-01 -1.002718e-01
<VARIANCE> 39
 7.264329e+00 3.684052e+00 3.333902e+01 3.767649e+01 2.256906e+01 1.199938e+01 1.232016e+01 1.673622e+01 2.421145e+01 1.577481e+01 1.662503e+01 2.201795e+01 8.437841e+00 1.756868e-01 2.207912e-01 5.140921e-01 8.984751e-01 1.630877e+00 4.130050e-01 1.195036e+00 5.542564e-01 5.394855e-01 2.060035e+00 1.041527e+00 1.544995e+00 1.131083e-01 3.590655e-02 4.366682e-02 1.825266e-01 1.964702e-01 3.964497e-01 2.280646e-01 2.261282e-01 2.307266e-01 4.050316e-01 2.406186e-01 2.178776e-01 2.001840e-01 9.324720e-03
<GCONST> 7.530534e+01
<MIXTURE> 3 2.498875e-01
<MEAN> 39
 -1.716126e+01 -8.685297e+00 -2.835563e+01 -7.622643e+00 -1.334636e+01 -6.912622e+00 -7.012235e+00 1.918180e+00 -3.984421e+00 6.331779e+00 3.319921e+00 3.097908e+00 3.782293e+01 -2.009198e-01 4.348817e-01 -9.196173e-01 1.639984e+00 -5.384250e-01 6.790261e-01 4.528595e-01 7.828447e-01 1.326261e+00 -7.899351e-01 -6.317611e-01 1.151590e-01 4.434203e-01 4.671438e-01 -1.355952e-01 1.025677e-01 -7.129842e-02 5.898834e-01 1.189057e-01 4.438721e-01 1.766891e-01 4.697112e-01 -3.395459e-02 -2.257472e-01 -4.461443e-01 -6.701426e-02
<VARIANCE> 39
 4.012106e+00 2.187180e+00 6.105397e+00 6.526127e+00 4.890361e+00 6.269199e+00 9.019344e+00 1.600923e+01 9.208942e+00 7.395813e+00 4.885117e+00 4.336697e+00 2.689219e+00 7.487889e-01 8.735533e-01 1.495596e+00 4.752592e-01 1.470927e+00 2.777762e-01 1.616793e+00 4.824126e-01 1.174168e+00 2.842637e+00 7.240806e-01 1.682644e+00 3.693846e-01 1.768494e-01 9.433957e-02 1.290283e-01 2.075533e-01 2.357476e-01 8.648910e-02 2.169245e-01 1.394591e-01 5.822942e-01 1.980722e-01 1.242450e-01 3.888316e-02 1.755905e-02
<GCONST> 6.605159e+01
<STATE> 3
<NUMMIXES> 3
<MIXTURE> 1 2.279676e-01
<MEAN> 39
 -3.227735e+00 -1.983091e+01 -1.919853e+01 -2.072769e+01 -1.054593e+01 -1.571504e+01 -8.692840e+00 3.584665e+00 -3.093540e+00 1.293674e+01 -6.822833e+00 4.859345e+00 5.077315e+01 9.114034e-02 4.045430e-01 2.845798e-01 1.297265e+00 -7.357526e-01 -3.800619e-01 -8.807829e-01 2.494616e-02 -7.448015e-01 -2.242341e-01 1.670577e+00 5.071157e-01 -5.712349e-01 2.056691e-01 6.277411e-01 6.239175e-02 3.500746e-01 -3.332983e-02 3.597402e-02 -3.076991e-01 -5.721164e-02 7.243274e-01 1.434968e-01 2.414240e-01 -1.784187e-01 -4.113671e-01
<VARIANCE> 39
 2.463689e+00 1.996004e+00 3.568741e+00 1.964239e+01 2.735195e+00 4.739016e+00 2.813971e+00 6.424898e+00 8.143929e+00 2.850845e+00 2.186158e+01 2.436430e+00 5.434652e-01 4.911337e-01 1.029165e+00 5.429925e-02 1.534466e+00 2.343236e-01 4.410172e-01 7.365823e-01 2.396896e-01 3.057401e+00 9.475889e-01 6.385680e-01 6.990737e-01 1.579778e-01 7.273185e-02 1.014060e-02 1.423103e-02 2.335221e-01 2.279684e-02 1.103133e-01 1.109693e-01 1.218770e-01 1.806272e-01 5.823486e-01 1.140407e+00 2.517550e-02 4.603946e-02
<GCONST> 4.863923e+01
<MIXTURE> 2 4.986306e-01
<MEAN> 39
 -6.824074e+00 -1.007909e+01 -1.886550e+01 -1.464303e+01 -1.262801e+01 -1.440705e+01 -1.152450e+01 -5.524813e-01 5.155566e-01 8.032303e+00 -2.957650e-01 4.130885e+00 3.937645e+01 -2.503367e-01 3.308304e-01 1.196304e-01 -5.500535e-01 1.540614e-01 -7.167839e-01 -1.258857e+00 -4.061032e-01 7.639070e-01 -7.384925e-02 -3.359189e-01 -6.293727e-01 -5.726572e-01 -5.414341e-01 -4.031481e-01 -2.604181e-01 1.706437e-02 2.313220e-01 2.257256e-02 3.597853e-01 2.649372e-01 -1.712503e-01 -8.171750e-02 1.283056e-02 -2.677400e-01 1.018396e-02
<VARIANCE> 39
 5.487135e+01 9.119224e+00 7.453315e+00 1.767431e+01 1.232082e+01 1.065042e+01 3.663722e+01 1.466464e+01 2.787850e+01 4.748402e+01 1.689899e+01 2.246556e+01 3.645106e+01 2.921505e+00 2.347389e+00 8.198540e-01 3.398242e+00 1.785113e+00 2.229052e+00 2.006728e+00 1.276320e+00 1.118628e+00 1.089168e+01 2.167450e+00 3.987520e-01 5.162046e+00 5.532961e-01 1.257302e-01 7.728793e-02 2.583038e-01 2.886550e-01 1.330207e-01 4.518960e-01 1.957344e-01 3.210415e-01 1.233329e+00 6.187125e-01 1.368410e-01 1.659559e-01
<GCONST> 1.024714e+02
<MIXTURE> 3 2.734017e-01
<MEAN> 39
 -4.189469e+00 -1.279572e+01 -2.062797e+01 -2.065901e+01 -9.018716e+00 -1.225261e+01 -9.004575e+00 -1.646975e-01 1.049610e+00 1.604563e+01 1.079487e+00 1.755485e+00 4.349268e+01 -5.872251e-01 -9.019283e-01 2.283802e-01 -5.912359e-01 -3.230000e-01 3.662042e-01 6.787721e-01 -3.642132e-01 -1.182342e+00 -9.080055e-01 -1.296555e+00 5.007820e-01 3.635169e-01 -3.634734e-01 9.404343e-02 1.130305e-01 4.506774e-01 -3.861937e-01 -5.148999e-02 5.278369e-02 1.068147e-01 -3.499560e-01 -9.517348e-01 2.914594e-01 3.749493e-01 -4.077455e-01
<VARIANCE> 39
 3.594689e+01 2.153213e+01 1.678504e+00 4.259578e+00 5.787091e+00 1.409206e+01 5.886549e+00 5.904325e+01 3.393018e+01 2.868464e+01 9.057882e+01 4.743887e+00 7.051743e+01 6.422634e-01 1.656469e+00 2.552595e-01 1.378195e+00 4.568420e-01 1.233813e+00 1.639205e+00 3.938557e-01 4.370663e-01 1.344295e+00 4.916355e+00 1.081492e+00 3.453854e-01 2.185825e-01 2.712460e-01 2.410975e-01 2.589050e-01 4.053327e-02 5.115480e-01 4.094887e-01 1.095822e-01 4.081255e-01 9.299603e-01 5.289627e-01 1.079737e-01 1.306084e-01
<GCONST> 8.738394e+01
<STATE> 4
<NUMMIXES> 3
<MIXTURE> 1 2.117779e-01
<MEAN> 39
 -1.059327e+01 -8.342545e+00 -2.048712e+01 -1.475649e+01 -9.363240e+00 -1.183189e+01 -7.596529e+00 -5.669400e+00 -4.583634e+00 6.721431e+00 8.373596e+00 5.457685e+00 3.620916e+01 -1.056106e+00 -1.757004e-01 -1.398198e+00 -3.662179e-01 1.189232e+00 3.413633e-01 2.178397e+00 4.251749e-01 -1.609334e-01 3.162106e-01 1.121993e+00 -4.201092e-01 2.741804e-01 1.195524e-01 -1.527800e-01 -6.225266e-02 6.124455e-02 -5.925227e-02 -1.498639e-01 1.910252e-01 -3.186347e-01 -5.191303e-01 7.917619e-02 -1.558126e-01 -4.927129e-01 3.597826e-01
<VARIANCE> 39
 6.902557e+01 1.021444e+01 2.656124e+00 1.264838e+01 4.703546e+00 2.292826e+01 7.986332e+00 3.178577e+01 2.534098e+01 1.187781e+01 3.171378e+01 9.989185e+00 1.574660e+01 4.388939e-01 2.799273e-01 4.937044e-01 1.092600e+00 2.996437e+00 8.688375e-01 1.329733e+00 2.402681e+00 5.431932e-01 4.132682e-01 3.128327e-01 1.303418e+00 7.733426e-01 3.513027e-02 3.991739e-01 1.945008e-01 1.322906e-02 2.336960e-02 2.140284e-01 2.173541e-01 3.840874e-01 1.221584e+00 3.973320e-01 1.158892e-01 3.226850e-01 6.400153e-02
<GCONST> 7.817695e+01
<MIXTURE> 2 4.729145e-01
<MEAN> 39
 -1.409150e+01 -9.278255e+00 -1.748046e+01 -1.475578e+01 -1.097916e+01 -1.161654e+01 -9.387436e+00 -9.230915e-01 -2.419215e+00 2.263401e+00 4.871387e+00 6.274958e+00 3.125797e+01 -3.730422e-01 3.507152e-01 8.986000e-01 6.968505e-01 -1.982042e-01 -1.607029e+00 -7.493944e-01 -1.098041e-03 5.932793e-01 1.084396e-01 -5.119852e-01 -3.571334e-01 -9.659024e-02 -3.644853e-02 1.824342e-03 -2.695179e-01 -2.888691e-01 -6.048218e-02 -3.785123e-02 5.029489e-01 2.350089e-01 3.962176e-01 2.590219e-01 -1.016776e-02 -2.225777e-01 9.198850e-02
<VARIANCE> 39
 7.035240e-01 2.027915e+00 3.495602e+00 3.381958e+00 4.931774e+00 6.304751e+00 8.751298e+00 3.901648e+00 1.063533e+01 7.795599e+00 1.364538e+01 1.376183e+01 3.529951e-01 9.881587e-02 2.619132e-01 4.146979e-01 4.290152e-01 7.345454e-01 4.417711e-01 1.020007e+00 4.644991e-01 2.633435e+00 1.325624e+00 7.420965e-01 2.991751e+00 4.187968e-02 4.411056e-02 4.546903e-02 1.676255e-01 4.292540e-02 3.282095e-01 1.956523e-01 9.749229e-02 1.140476e-01 1.775687e-01 9.855429e-02 1.541988e-01 3.042713e-01 1.204170e-02
<GCONST> 5.178850e+01
<MIXTURE> 3 3.153076e-01
<MEAN> 39
 -1.691215e+01 -7.558480e+00 -1.843851e+01 -1.227068e+01 -1.366940e+01 -1.595635e+01 -8.050378e+00 -3.686936e+00 -7.379338e-01 5.235171e+00 2.964978e+00 3.392920e+00 3.302351e+01 -4.403232e-01 1.431035e-01 -1.098671e+00 -3.372144e-01 3.275098e-01 2.649615e-01 3.193552e-01 1.287440e-01 5.921292e-01 -4.125424e-01 2.441583e-01 5.166007e-02 4.708808e-01 -1.821637e-01 -7.389736e-03 -3.149121e-01 2.253286e-01 3.288766e-01 7.037113e-01 6.930698e-01 -2.032741e-01 -3.475734e-01 -1.745929e-01 4.448241e-01 7.830334e-02 1.659573e-01
<VARIANCE> 39
 5.260691e+00 3.341829e+00 1.184672e+01 1.139742e+01 5.996272e+00 4.644880e+00 5.480215e+00 1.896170e+01 3.619165e+01 2.763153e+01 3.931170e+00 4.421448e+00 2.667151e+00 2.560118e-01 3.528100e-01 2.271656e-01 2.263404e-01 5.577739e-01 1.599491e+00 2.636415e+00 5.425960e-01 6.760962e-01 7.513489e-01 3.971029e-01 1.102964e+00 7.098289e-02 1.227983e-01 1.475156e-01 2.331879e-01 2.113910e-01 1.185485e-01 1.268255e-01 2.971852e-01 2.203610e-01 7.765203e-01 5.194815e-01 2.853557e-02 6.229104e-02 3.062404e-02
<GCONST> 6.421706e+01
<TRANSP> 5
 0.000000e+00 1.000000e+00 0.000000e+00 0.000000e+00 0.000000e+00
 0.000000e+00 7.144090e-01 2.855910e-01 0.000000e+00 0.000000e+00
 0.000000e+00 0.000000e+00 6.352417e-01 3.647583e-01 0.000000e+00
 0.000000e+00 0.000000e+00 0.000000e+00 5.795916e-01 4.204084e-01
 0.000000e+00 0.000000e+00 0.000000e+00 0.000000e+00 0.000000e+00
<ENDHMM>
~h "sil"
<BEGINHMM>
<NUMSTATES> 5
<STATE> 2
<MEAN> 39
 -6.154298e+00 -1.153963e+01 -1.341464e+01 -1.214938e+01 -1.485514e+01 -1.656253e+01 -9.742049e+00 -4.906534e+00 -8.286904e+00 3.921141e+00 5.337374e+00 5.256424e+00 3.986262e+01 7.493590e-01 2.728749e-01 2.456873e-01 -3.845614e-02 -2.575038e-01 -1.881586e-01 -6.389688e-01 -6.904796e-01 -2.881674e-01 5.482438e-01 3.043664e-01 -4.499107e-02 2.926396e-01 3.180811e-02 1.263976e-01 -5.187086e-02 -1.313779e-01 5.996821e-02 1.052216e-01 -1.705908e-01 -5.212221e-02 1.247183e-01 3.901134e-02 8.011381e-02 -3.563171e-02 -5.457143e-02
<VARIANCE> 39
 2.667227e+01 2.986872e+01 3.397489e+01 1.614346e+01 2.291808e+01 4.175445e+01 5.528811e+01 4.166385e+01 3.149757e+01 4.326507e+01 3.286906e+01 2.583743e+01 2.268620e+01 2.881729e+00 3.583082e+00 3.858106e+00 1.979532e+00 2.887933e+00 5.702291e+00 5.464955e+00 3.141667e+00 3.660719e+00 6.483594e+00 4.463251e+00 3.172967e+00 3.048525e+00 4.930927e-01 7.215006e-01 6.559707e-01 3.315943e-01 5.729278e-01 1.034717e+00 1.222232e+00 5.413387e-01 8.047097e-01 9.924157e-01 7.547238e-01 6.052946e-01 4.558248e-01
<GCONST> 1.280096e+02
<STATE> 3
<MEAN> 39
 -1.036914e+00 -1.490402e+01 -2.148802e+01 -2.177518e+01 -7.110049e+00 -8.585876e+00 -1.015980e+01 -1.365375e+00 -6.897689e+00 1.205325e+01 9.702196e+00 -2.100323e+00 4.483728e+01 -4.316557e-01 -4.999500e-02 -1.071775e-01 -2.268526e-02 2.222254e-01 5.017436e-02 9.289401e-02 4.567896e-01 3.067670e-01 -3.069119e-01 -3.053712e-01 -1.134591e-01 -3.123531e-01 -5.538401e-02 -1.649745e-02 7.717182e-02 8.934305e-02 -6.945160e-02 -7.865553e-02 3.101435e-02 5.436264e-02 2.128263e-02 -2.840723e-02 -3.824756e-02 1.540817e-02 -3.102847e-02
<VARIANCE> 39
 3.110158e+01 4.057207e+01 8.951070e+00 2.848778e+01 2.784592e+01 2.165048e+01 2.082833e+01 9.866904e+01 4.047216e+01 5.461717e+01 1.298271e+02 5.082942e+01 3.344417e+01 6.711397e-01 1.995558e+00 8.976529e-01 2.133956e+00 1.652087e+00 2.149444e+00 1.562467e+00 3.640824e+00 2.162200e+00 2.761405e+00 5.369306e+00 2.722971e+00 1.297430e+00 5.304598e-02 1.977243e-01 1.438201e-01 2.103566e-01 2.379468e-01 2.985137e-01 2.790349e-01 4.010548e-01 3.799022e-01 4.742396e-01 5.444800e-01 3.623418e-01 6.741809e-02
<GCONST> 1.081475e+02
<STATE> 4
<MEAN> 39
 -1.427663e+01 -8.906936e+00 -1.746946e+01 -1.574070e+01 -1.119119e+01 -1.113946e+01 -7.862628e+00 -6.654252e-01 -1.071081e+00 3.100340e+00 5.078074e+00 4.078408e+00 3.107886e+01 -1.863378e-02 5.221559e-02 6.261376e-02 -2.941464e-04 -5.326621e-02 -2.076664e-02 4.996696e-02 1.190361e-02 5.517762e-03 -1.248386e-02 2.747525e-03 4.788540e-02 -3.843810e-02 2.611134e-03 -4.795788e-03 -2.101395e-02 1.265395e-02 1.642706e-02 3.812386e-03 3.846041e-03 -1.571260e-02 -2.069246e-02 -2.912240e-02 -1.453641e-02 -3.024798e-02 1.805316e-02
<VARIANCE> 39
 1.558931e+00 1.857571e+00 3.489665e+00 3.903126e+00 5.692595e+00 8.676773e+00 8.656962e+00 9.289519e+00 1.053885e+01 9.963442e+00 9.857207e+00 9.151552e+00 1.345557e+00 1.181764e-01 1.894680e-01 3.906218e-01 4.345797e-01 5.422521e-01 8.761104e-01 9.686000e-01 9.461604e-01 1.040083e+00 9.417281e-01 9.078443e-01 1.024071e+00 5.034027e-02 2.117209e-02 4.221787e-02 8.779658e-02 1.075714e-01 1.090268e-01 1.691160e-01 1.688397e-01 1.796190e-01 2.085897e-01 1.955322e-01 1.659611e-01 1.966339e-01 9.574805e-03
<GCONST> 5.316361e+01
<TRANSP> 5
 0.000000e+00 1.000000e+00 0.000000e+00 0.000000e+00 0.000000e+00
 0.000000e+00 8.846179e-01 4.807747e-02 6.730467e-02 0.000000e+00
 0.000000e+00 0.000000e+00 9.659664e-01 3.403361e-02 0.000000e+00
 0.000000e+00 1.283355e-09 0.000000e+00 9.631620e-01 3.683801e-02
 0.000000e+00 0.000000e+00 0.000000e+00 0.000000e+00 0.000000e+00
<ENDHMM>
~h "uh-d+uw"
<BEGINHMM>
<NUMSTATES> 5
<STATE> 2
<MEAN> 39
 -4.053677e+00 -9.641833e+00 -1.432867e+01 -1.230635e+01 -1.546043e+01 -1.564101e+01 -1.234230e+01 -1.085552e+01 -8.126840e+00 6.541471e+00 6.119351e+00 4.235201e+00 3.944428e+01 5.605156e-01 2.134027e-01 -2.902164e-01 -2.867185e-02 1.258604e-01 3.690712e-01 -4.269595e-01 -1.024179e+00 -1.789724e-01 6.443778e-01 4.362738e-01 -3.812420e-01 1.597383e-01 -1.171607e-01 1.276970e-02 -1.502804e-01 -1.083449e-01 8.790922e-02 1.682104e-01 1.352598e-01 6.814755e-02 1.956614e-02 -4.345543e-02 1.459470e-01 6.497125e-02 -8.346717e-02
<VARIANCE> 39
 1.719889e+01 1.983180e+01 1.304904e+01 1.291902e+01 1.207201e+01 1.637804e+01 2.561229e+01 4.397471e+01 2.583946e+01 4.129680e+01 3.072952e+01 2.257256e+01 1.733879e+01 2.325915e+00 3.397338e+00 1.033251e+00 1.608643e+00 1.894867e+00 2.458740e+00 4.039515e+00 2.628608e+00 2.518719e+00 5.302082e+00 4.480663e+00 2.232827e+00 2.126179e+00 4.094687e-01 7.045502e-01 2.492000e-01 2.799654e-01 4.246333e-01 4.687980e-01 6.729155e-01 4.476838e-01 5.541241e-01 9.573603e-01 5.900809e-01 4.255052e-01 4.200559e-01
<GCONST> 1.138408e+02
<STATE> 3
<MEAN> 39
 6.622333e-01 -1.477121e+01 -2.218757e+01 -2.144193e+01 -9.025055e+00 -9.876077e+00 -9.636483e+00 -1.622007e-01 -6.402778e+00 1.284590e+01 1.075747e+01 -2.446223e+00 4.523715e+01 -4.488235e-01 -4.272783e-02 -1.024777e-01 -8.729528e-02 1.745054e-01 -2.571185e-02 -7.339104e-04 7.091927e-01 5.790307e-01 -2.820480e-01 -5.115314e-01 -1.434922e-01 -3.014814e-01 -7.086020e-02 -2.826233e-03 7.453342e-02 8.710577e-02 -4.353117e-02 -7.989576e-02 1.329080e-02 8.535140e-03 3.472514e-02 -1.490630e-03 -7.528727e-02 2.352439e-03 -3.312959e-02
<VARIANCE> 39
 2.789359e+01 3.287418e+01 1.070736e+01 1.684804e+01 1.720684e+01 2.006855e+01 1.329229e+01 1.125330e+02 4.434134e+01 6.062347e+01 1.074490e+02 3.524588e+01 3.689180e+01 8.090131e-01 1.709944e+00 1.371400e+00 1.571133e+00 1.479098e+00 1.665903e+00 1.172847e+00 3.410569e+00 2.355677e+00 3.251611e+00 3.610221e+00 2.366862e+00 1.536359e+00 6.770840e-02 1.696867e-01 2.175160e-01 1.493751e-01 2.358270e-01 2.630650e-01 2.725292e-01 2.960921e-01 4.412900e-01 4.555978e-01 4.330919e-01 3.473567e-01 8.591722e-02
<GCONST> 1.054403e+02
<STATE> 4
<MEAN> 39
 -1.376497e+01 -9.409449e+00 -1.831215e+01 -1.546672e+01 -1.104406e+01 -1.162822e+01 -8.512794e+00 -6.193002e-01 -4.062082e-01 3.478616e+00 4.160155e+00 3.010859e+00 3.162911e+01 -1.344508e-01 7.487016e-02 3.018342e-02 1.043732e-01 -2.102993e-02 1.143179e-01 2.251966e-01 -8.817155e-02 -2.165322e-01 4.447100e-02 1.887265e-01 2.463952e-01 -2.568302e-02 2.708561e-02 4.957005e-03 -7.769907e-02 1.212009e-02 4.385878e-03 1.382710e-02 3.571888e-02 -2.196084e-02 -4.014878e-02 -3.465496e-02 -1.452006e-02 -2.347058e-02 4.724300e-02
<VARIANCE> 39
 3.892494e+00 2.949602e+00 4.981980e+00 5.719512e+00 6.890350e+00 8.816847e+00 7.424391e+00 1.254208e+01 1.298469e+01 1.335931e+01 1.373507e+01 1.299181e+01 2.012424e+00 2.104815e-01 2.656089e-01 5.332667e-01 7.997607e-01 7.341269e-01 1.094921e+00 9.376915e-01 1.065430e+00 1.326231e+00 1.503071e+00 1.568691e+00 1.133405e+00 1.076263e-01 4.103130e-02 5.978726e-02 1.086879e-01 1.711353e-01 1.740589e-01 1.811530e-01 1.820807e-01 2.391210e-01 2.690989e-01 3.365543e-01 3.392620e-01 2.219171e-01 1.625289e-02
<GCONST> 6.653509e+01
<TRANSP> 5
 0.000000e+00 1.000000e+00 0.000000e+00 0.000000e+00 0.000000e+00
 0.000000e+00 8.483337e-01 1.516663e-01 0.000000e+00 0.000000e+00
 0.000000e+00 0.000000e+00 9.086742e-01 9.132578e-02 0.000000e+00
 0.000000e+00 0.000000e+00 0.000000e+00 9.172201e-01 8.277986e-02
 0.000000e+00 0.000000e+00 0.000000e+00 0.000000e+00 0.000000e+00
<ENDHMM>
~h "uw-ah"
<BEGINHMM>
<NUMSTATES> 5
<STATE> 2
<NUMMIXES> 3
<MIXTURE> 1 3.497774e-01
<MEAN> 39
 -1.851963e+01 -4.677914e+00 -1.898359e+01 -8.584884e+00 -7.404813e+00 -1.554679e+01 -3.495089e-01 -5.315632e+00 -6.562704e+00 5.184329e+00 5.472368e+00 2.226778e+00 3.821819e+01 3.507370e+00 -6.925632e-03 4.796839e-01 -2.388786e+00 1.645889e+00 -5.074838e-01 -1.466078e+00 2.019697e+00 1.893074e+00 1.343698e+00 -7.175297e-01 8.585495e-01 1.232459e+00 8.588252e-01 -6.403373e-01 -4.121332e-01 -9.733846e-01 1.294644e-01 -5.727504e-02 -8.289654e-01 5.412530e-01 3.860251e-01 9.025059e-01 -4.393513e-01 4.639287e-01 6.407627e-01
<VARIANCE> 39
 2.309702e+01 1.129562e+01 1.600406e+01 2.374633e+01 3.514509e+01 3.112116e+01 1.562981e+01 3.106119e+01 8.256219e+01 2.492023e+01 1.132284e+01 2.255785e+01 5.615583e+00 7.092537e+00 1.520470e+00 9.109745e-01 3.879346e+00 2.307101e+00 2.223773e+00 7.091557e+00 2.735645e+00 1.469084e+00 3.673849e+00 2.499705e+00 1.652847e+00 1.429467e+00 7.138943e-01 3.243918e-01 8.569842e-02 2.935599e-01 6.381621e-01 3.622290e-01 7.551970e-01 7.201836e-01 3.531140e-01 3.314212e-01 2.316659e-01 1.824012e-01 2.478103e-01
<GCONST> 1.090411e+02
<MIXTURE> 2 4.220280e-01
<MEAN> 39
 -1.888059e+01 -5.927772e+00 -2.248683e+01 -9.663486e+00 -1.136163e+01 -1.337477e+01 -2.627095e+00 -6.110949e+00 -4.258845e+00 3.125810e+00 5.418310e+00 2.629965e+00 3.522833e+01 -6.212017e-01 3.601895e-01 -4.241744e-01 1.262120e+00 -1.327885e-01 -5.743579e-01 8.130814e-01 -9.069766e-01 -1.159550e+00 -3.285121e-01 3.594152e-02 -5.707675e-01 6.817399e-01 4.015986e-01 -7.680959e-02 4.235148e-01 -2.087057e-01 -1.117450e-01 -1.943239e-01 -1.600150e-01 3.465467e-01 1.973188e-01 1.636586e-01 -9.668560e-04 1.202819e-01 -1.788942e-02
<VARIANCE> 39
 1.245812e+01 6.555678e+00 8.468000e+00 4.146558e+01 1.493339e+01 1.942040e+01 2.839162e+01 3.115439e+01 4.107568e+01 1.009898e+01 1.423779e+01 1.038214e+01 4.973687e+00 6.513481e-01 1.085231e+00 1.453685e+00 3.296515e+00 2.209825e+00 1.539463e+00 1.774419e+00 3.913911e+00 7.068268e+00 1.689687e+00 6.164424e-01 8.916381e-01 5.615279e-01 2.854941e-01 1.810447e-01 1.753046e-01 7.919055e-01 4.873108e-01 2.482264e-01 5.198126e-01 7.792075e-01 7.159666e-01 3.200834e-01 1.526068e-01 2.574276e-01 5.145567e-02
<GCONST> 9.708064e+01
<MIXTURE> 3 2.281944e-01
<MEAN> 39
 -7.664541e+00 -7.803294e+00 -2.275983e+01 -1.943830e+01 -5.316482e+00 -1.720714e+01 -7.738712e+00 -3.037584e+00 -5.625455e+00 1.430069e+01 5.636218e+00 6.861570e+00 4.338138e+01 2.307206e+00 -2.157727e+00 -2.568760e-01 -3.021077e+00 5.175769e-01 -2.659970e-01 -2.028667e+00 1.789902e+00 1.700742e+00 2.563837e+00 -5.059102e-01 5.722054e-01 1.951447e+00 -3.429030e-01 -3.048159e-01 3.101507e-01 4.547428e-01 -3.771892e-01 1.966760e-01 9.668090e-02 -1.720913e-01 -4.671631e-02 -3.516778e-01 -2.777482e-02 -5.682204e-01 8.566149e-02
<VARIANCE> 39
 1.341074e+02 8.141025e+00 1.104798e+01 2.420755e+01 3.309766e+01 5.827808e+01 5.138451e+01 4.266314e+01 8.688369e+01 7.145565e+00 6.253169e+01 1.844098e+01 4.198494e+00 7.160041e+00 7.211357e-01 7.068610e-01 2.713126e+00 2.080297e+00 8.636077e-01 4.896677e+00 1.578523e+00 9.861915e-01 3.331036e+00 4.675002e+00 2.802001e+00 3.178970e+00 1.266036e+00 6.636053e-01 4.493315e-02 3.193444e-01 3.518932e-01 3.944120e-01 1.067591e+00 5.038199e-01 2.063493e-01 4.880325e-01 2.456654e-01 3.363407e-01 7.777999e-02
<GCONST> 1.099212e+02
<STATE> 3
<NUMMIXES> 3
<MIXTURE> 1 2.287514e-01
<MEAN> 39
 2.376341e+00 -1.555623e+01 -2.100012e+01 -2.519914e+01 -7.178234e+00 -1.344288e+01 -1.204166e+01 2.695475e+00 1.721278e-01 1.743650e+01 6.860430e+00 2.145744e+00 5.022228e+01 6.425707e-01 -2.520560e+00 5.601142e-01 -8.502135e-01 3.159727e-01 3.752378e-01 -8.757647e-02 1.853515e+00 1.081919e+00 7.050452e-01 -1.200010e+00 -1.229151e+00 1.739393e+00 -9.285477e-01 2.949065e-01 1.949501e-01 7.880683e-01 -2.952863e-03 3.440036e-01 7.308450e-01 -4.458109e-01 -2.816379e-01 -6.039186e-01 -5.595146e-02 -1.985373e-01 -5.442276e-01
<VARIANCE> 39
 8.878919e+00 1.261091e+01 6.514716e+00 5.991984e+00 1.749085e+01 5.337437e+01 1.713618e+01 3.463314e+01 6.396453e+01 5.519939e+00 1.465359e+02 6.612957e+01 4.161276e+00 1.123938e+00 1.091905e+00 8.730505e-01 3.859200e+00 1.381884e+00 1.838438e+00 2.749932e+00 2.037908e+00 1.164626e+00 2.046847e+00 1.998698e+00 2.576577e+00 8.018163e-01 4.452547e-01 1.576722e-01 6.330390e-02 5.895017e-01 2.036741e-01 3.030913e-01 5.041500e-01 3.456491e-01 2.039582e-01 2.547418e-01 6.106209e-01 6.371753e-01 1.407871e-01
<GCONST> 9.977978e+01
<MIXTURE> 2 3.550164e-01
<MEAN> 39
 -3.712661e+00 -9.997416e+00 -1.854279e+01 -1.891744e+01 -7.984765e+00 -1.381913e+01 -1.698222e+01 8.023019e-01 8.930543e+00 1.008915e+01 -2.523185e+00 4.517066e+00 4.134575e+01 -1.239385e+00 1.542929e+00 1.226861e-01 4.647943e-01 -6.827182e-01 -2.558253e-01 -1.002955e-01 -1.691726e-01 9.179648e-01 -1.011528e+00 1.860752e-01 -8.518862e-01 -2.171259e+00 -2.630909e-01 -4.413036e-01 -7.271191e-02 -1.859698e-01 -2.207054e-01 7.486415e-02 5.478045e-01 2.054630e-01 -3.935013e-01 6.916658e-02 4.151024e-01 -3.060309e-01 6.345289e-03
<VARIANCE> 39
 1.349312e+01 8.599575e+00 1.396134e+01 1.503377e+01 1.505259e+01 2.171989e+01 2.144456e+01 1.314159e+01 3.302859e+01 3.271449e+01 1.800745e+01 1.978492e+01 2.018800e+01 5.747831e-01 1.423698e+00 1.410388e+00 1.547443e+00 9.958850e-01 6.475049e-01 2.910864e+00 1.386720e+00 1.914834e+00 2.625213e+00 2.986202e+00 1.934336e+00 8.887686e-01 9.155103e-02 1.587856e-01 2.293461e-01 3.032317e-01 1.973958e-01 1.768156e-01 4.333886e-01 2.886463e-01 5.296031e-01 3.807372e-01 5.223080e-01 7.056496e-01 8.650583e-02
<GCONST> 9.648428e+01
<MIXTURE> 3 4.162320e-01
<MEAN> 39
 7.509081e-01 -2.015134e+01 -1.936190e+01 -2.396951e+01 -6.054934e+00 -1.257377e+01 -1.228431e+01 5.722927e+00 3.705249e+00 1.583755e+01 -5.321220e-01 4.339415e-01 5.188653e+01 -2.699870e-01 4.806147e-01 1.778217e-01 7.372824e-01 -2.809583e-01 2.472908e-01 -7.945145e-01 -5.811995e-01 5.547373e-01 -2.496445e-01 -4.085287e-01 6.487984e-01 -6.131695e-01 -8.063427e-02 6.952698e-01 -8.928946e-03 2.785099e-01 -6.217456e-02 -1.723540e-01 -2.654400e-01 -2.896404e-01 1.199888e-01 -2.521470e-01 1.304785e-01 2.757372e-01 -5.179089e-01
<VARIANCE> 39
 5.481149e+00 7.355437e+00 6.434368e+00 9.307645e+00 9.683734e+00 1.160851e+01 2.611161e+01 9.995122e+00 2.808372e+01 1.883834e+01 2.147043e+01 4.107643e+01 6.053591e+00 2.682293e-01 1.809001e+00 4.430097e-01 8.397413e-01 7.682697e-01 1.354828e+00 1.208429e+00 1.031451e+00 1.032339e+00 1.245591e+00 1.530082e+00 2.778116e+00 8.037052e-01 8.019494e-02 1.295856e-01 9.216377e-02 1.586286e-01 1.631917e-01 1.766967e-01 3.434423e-01 1.870231e-01 2.076053e-01 3.398381e-01 2.546648e-01 4.396599e-01 5.724549e-02
<GCONST> 8.185052e+01
<STATE> 4
<NUMMIXES> 3
<MIXTURE> 1 2.750788e-01
<MEAN> 39
 -1.013119e+01 -9.094452e+00 -1.893343e+01 -1.848541e+01 -1.105187e+01 -1.165714e+01 -1.164163e+01 3.485789e+00 9.149797e+00 8.355940e+00 1.874488e+00 2.058709e+00 3.430322e+01 -1.268702e+00 1.134665e-01 8.786059e-03 8.758566e-01 -2.400914e-01 7.140459e-01 2.618181e+00 -6.549079e-02 -3.540203e+00 -8.987002e-01 2.452137e+00 6.066703e-01 -1.230150e+00 2.955820e-01 -3.374121e-01 1.019856e-01 3.264539e-02 3.261277e-01 1.857304e-01 3.049243e-01 -1.392742e-01 -6.642776e-01 -4.276963e-01 -5.260680e-02 5.174557e-01 6.501446e-01
<VARIANCE> 39
 5.313969e+00 1.026062e+00 3.810677e+00 5.545753e+00 2.341437e+00 1.094952e+01 7.222723e+00 4.186433e+00 2.489581e+01 6.597915e+00 7.961797e+00 2.453824e+00 2.779454e+00 2.248549e-01 2.390160e-01 3.028632e-01 7.645319e-01 9.934994e-01 1.097834e+00 1.471573e+00 1.346998e+00 7.305745e-01 4.325343e-01 8.340335e-01 3.163670e-01 3.545405e-01 4.639938e-02 3.488359e-01 2.100660e-01 2.746799e-01 6.735224e-02 1.241937e-01 5.760268e-02 1.518472e-01 3.869678e-01 2.719365e-01 1.452613e-01 6.377267e-02 8.009061e-02
<GCONST> 5.907973e+01
<MIXTURE> 2 2.180677e-01
<MEAN> 39
 -9.882210e+00 -7.082369e+00 -1.701107e+01 -1.605724e+01 -1.110759e+01 -1.526049e+01 -1.486816e+01 -1.142803e+00 8.698439e+00 1.042169e+01 -4.179800e-01 -5.221415e-01 3.431704e+01 -2.234837e+00 -8.163164e-01 -1.190877e-01 -1.586413e-02 -5.347404e-01 1.872167e-01 1.441644e+00 -4.078440e-01 -1.703362e+00 -1.056899e+00 8.826032e-01 -5.359065e-01 -1.614917e+00 3.191777e-01 -4.340584e-01 -3.700562e-01 -1.964224e-01 2.291151e-01 3.362213e-01 2.980541e-01 2.639565e-02 -8.926824e-01 -1.224927e-01 1.610996e-01 8.136746e-01 4.675250e-01
<VARIANCE> 39
 2.093874e+00 5.024055e+00 2.189521e+00 2.400247e+00 7.751294e+00 6.236509e+00 1.237568e+01 1.475737e+01 3.866960e+01 1.959776e+01 2.592741e+01 1.721570e+00 6.463027e-01 1.655155e-01 2.059432e-01 6.311662e-01 8.710549e-01 9.579377e-01 7.941633e-01 5.433966e-01 4.790283e-01 7.876608e-01 9.865789e-01 2.068386e+00 1.802280e+00 1.845736e-01 4.934228e-02 8.855348e-02 8.207778e-02 5.988114e-02 8.116528e-02 4.815983e-02 3.719210e-01 8.192334e-02 5.016145e-01 1.912952e-01 2.830045e-01 1.006231e-01 3.154532e-02
<GCONST> 5.940246e+01
<MIXTURE> 3 5.068536e-01
<MEAN> 39
 -1.329255e+01 -1.022236e+01 -1.909266e+01 -1.539315e+01 -1.123156e+01 -1.303980e+01 -9.242290e+00 -3.932636e-01 7.243156e-01 4.231301e+00 5.662415e+00 3.942317e+00 3.211407e+01 -3.814776e-01 -1.442642e+00 -6.874378e-01 3.667589e-01 -2.127761e-01 8.208684e-01 2.500890e+00 -5.634542e-01 -2.391800e+00 -8.561565e-01 1.101573e+00 1.054755e+00 6.178628e-01 3.069579e-01 -3.295636e-01 -9.196036e-03 2.370944e-01 1.344954e-01 -1.288805e-01 1.201117e-01 -2.024718e-01 -2.935327e-02 4.527757e-01 -4.407466e-01 8.460581e-02 5.623156e-01
<VARIANCE> 39
 6.115611e-01 3.636904e+00 2.928823e+00 4.581721e+00 7.895813e+00 1.018435e+01 9.112454e+00 1.422594e+01 1.553552e+01 9.477099e+00 9.947693e+00 5.163991e+00 3.653530e-01 1.436066e-01 1.545976e+00 1.061965e+00 8.888841e-01 6.460546e-01 3.873096e+00 2.432914e+00 1.376227e+00 4.613859e+00 2.467215e+00 2.062888e+00 1.487445e+00 9.733689e-01 5.098615e-02 1.331567e-01 2.420391e-01 1.060961e-01 1.739878e-01 5.452381e-01 2.271445e-01 2.597874e-01 2.743658e-01 4.011600e-01 2.246323e-01 2.120217e-01 8.699083e-02
<GCONST> 7.480573e+01
<TRANSP> 5
 0.000000e+00 1.000000e+00 0.000000e+00 0.000000e+00 0.000000e+00
 0.000000e+00 8.128567e-01 1.871433e-01 0.000000e+00 0.000000e+00
 0.000000e+00 0.000000e+00 8.861772e-01 1.138228e-01 0.000000e+00
 0.000000e+00 0.000000e+00 0.000000e+00 7.509604e-01 2.490397e-01
 0.000000e+00 0.000000e+00 0.000000e+00 0.000000e+00 0.000000e+00
<ENDHMM>
~h "ah-t+uh"
<BEGINHMM>
<NUMSTATES> 5
<STATE> 2
<MEAN> 39
 -1.156318e+01 -8.453795e+00 -1.695840e+01 -1.457607e+01 -1.298161e+01 -1.663171e+01 -1.344275e+01 3.996436e-01 1.445060e+00 4.922191e+00 5.836979e+00 3.828075e+00 3.275110e+01 -7.061911e-01 3.257009e-01 3.976103e-01 -1.789993e-01 -4.163821e-01 -6.079218e-01 1.927429e-01 5.692421e-02 -1.042725e+00 -4.239715e-01 5.633862e-01 3.519912e-01 -5.256306e-01 2.433872e-01 -3.278198e-01 -2.478258e-01 -8.208571e-02 6.901003e-02 2.830601e-01 3.259996e-01 -2.841078e-01 -1.479971e-01 7.066946e-02 -6.161518e-02 -1.184283e-01 3.343772e-01
<VARIANCE> 39
 5.175418e+00 7.953691e+00 1.064558e+01 1.280628e+01 1.264383e+00 7.521174e+00 1.321672e+01 6.314413e+00 1.064692e+01 1.021972e+01 5.417881e+00 4.608063e+00 1.726515e+00 3.782124e-01 1.678027e-01 3.362707e-01 6.547319e-01 1.059585e+00 1.240831e+00 2.643678e+00 1.507560e+00 1.840251e+00 2.133800e+00 1.034016e+00 1.881257e+00 1.619903e-01 6.292294e-02 2.381465e-01 1.413501e-01 1.753933e-01 8.958823e-02 1.903456e-01 6.446818e-01 2.207290e-01 6.720067e-01 2.876788e-01 1.548677e-01 2.374140e-01 1.321702e-01
<GCONST> 7.214894e+01
<STATE> 3
<MEAN> 39
 -1.253656e+01 -8.457533e+00 -1.709224e+01 -1.569803e+01 -1.323402e+01 -1.484127e+01 -9.245283e+00 1.219981e-01 3.284346e-01 3.680416e+00 4.202656e+00 2.593334e+00 3.235303e+01 -2.855480e-01 1.568812e-01 7.146611e-02 -9.955776e-02 1.222300e-02 1.401630e-01 6.881686e-01 -1.327874e-01 -6.054931e-01 2.575713e-03 6.924661e-01 1.652177e-01 -2.647149e-01 3.258732e-01 -6.194445e-01 -4.180397e-01 2.312720e-02 -3.212339e-02 2.785886e-01 4.874308e-01 -1.290067e-01 -1.934735e-01 2.607848e-02 8.613601e-02 3.748687e-02 4.789777e-01
<VARIANCE> 39
 3.264516e+00 6.857231e+00 3.538271e+00 3.478961e+00 7.546378e+00 1.573398e+01 1.535070e+01 7.115951e+00 1.034611e+01 9.381574e+00 6.004980e+00 4.887656e+00 8.974031e-01 9.803191e-02 1.071742e-01 5.380862e-01 6.801058e-01 6.389510e-01 6.434250e-01 2.478986e+00 9.658459e-01 1.374041e+00 1.989765e+00 7.262012e-01 4.245342e-01 4.102231e-02 1.085820e-01 2.658541e-01 4.570913e-02 1.314546e-01 5.801343e-02 3.121610e-01 4.117825e-01 2.142718e-01 3.685502e-01 1.128926e-01 7.383377e-02 1.146456e-01 1.671641e-01
<GCONST> 6.083262e+01
<STATE> 4
<MEAN> 39
 -1.267418e+01 -8.879655e+00 -1.749232e+01 -1.632236e+01 -1.336717e+01 -1.480822e+01 -9.716685e+00 2.034141e-01 -1.053479e+00 3.237557e+00 4.964459e+00 4.135602e+00 3.218510e+01 1.305905e-01 -1.192065e+00 -1.004667e+00 -3.663496e-01 -6.564687e-01 6.008355e-01 1.878714e+00 -4.319980e-01 -1.021641e+00 -1.768649e-01 5.516662e-01 3.019585e-01 6.055691e-01 2.887046e-01 -4.237370e-01 -2.062505e-01 1.389617e-01 -3.818256e-02 2.085326e-01 2.868189e-01 -1.411248e-01 -1.146350e-01 -3.592914e-02 2.946730e-03 1.498406e-01 4.125708e-01
<VARIANCE> 39
 3.556259e+00 5.742718e+00 4.792700e+00 2.747566e+00 7.550813e+00 1.515011e+01 2.432496e+01 8.211182e+00 1.674384e+01 8.121896e+00 1.378698e+01 5.719779e+00 1.341876e+00 3.958420e-01 1.796992e+00 1.113385e+00 1.069640e+00 8.258908e-01 1.129421e+00 1.257800e+00 1.161021e+00 4.805033e+00 6.292681e-01 2.273668e+00 6.551768e-01 4.259705e-01 1.025668e-01 1.092073e-01 2.493464e-02 1.771229e-01 6.719416e-02 2.118525e-01 5.059208e-01 2.620046e-01 2.956150e-01 1.374699e-01 2.196542e-01 1.668579e-01 1.408556e-01
<GCONST> 7.302109e+01
<TRANSP> 5
 0.000000e+00 1.000000e+00 0.000000e+00 0.000000e+00 0.000000e+00
 0.000000e+00 3.507483e-10 1.000000e+00 0.000000e+00 0.000000e+00
 0.000000e+00 0.000000e+00 1.112617e-01 8.887383e-01 0.000000e+00
 0.000000e+00 0.000000e+00 0.000000e+00 3.031412e-21 1.000000e+00
 0.000000e+00 0.000000e+00 0.000000e+00 0.000000e+00 0.000000e+00
<ENDHMM>
~h "s+ah"
<BEGINHMM>
<NUMSTATES> 5
<STATE> 2
<MEAN> 39
 -1.170047e+01 -1.094824e+01 -1.782418e+01 -1.449998e+01 -1.271749e+01 -1.441304e+01 -7.326299e+00 2.304415e+00 -1.398435e+00 4.480739e+00 4.233852e+00 3.866755e+00 3.403980e+01 2.088459e-02 3.193876e-01 -5.101438e-01 7.827563e-01 -1.623344e-01 -2.865830e-01 2.181347e-01 5.060359e-02 -2.078133e-01 -7.551263e-01 1.009588e-01 -1.933443e-01 4.461680e-02 -3.722474e-01 1.246326e-02 -2.050014e-01 2.477880e-01 -1.130196e-02 2.104361e-01 1.402055e-01 -4.165185e-01 -2.719116e-01 -3.581430e-01 4.029929e-02 -3.542912e-02 1.966758e-01
<VARIANCE> 39
 2.082102e+01 4.925152e+00 1.149889e+01 2.036836e+00 7.256737e+00 2.412376e+01 1.330739e+01 9.082783e+00 1.418170e+01 3.572454e+01 2.230350e+01 3.005029e+01 2.597022e+01 3.597982e-01 3.154570e-01 4.445457e-01 4.502258e-01 8.430583e-01 1.034335e+00 3.262841e+00 3.447032e+00 2.507062e+00 4.854940e-01 1.038962e+00 1.158739e+00 2.693956e-01 1.283868e-01 1.047163e-01 2.305323e-01 6.681735e-01 1.653274e-01 7.802210e-01 4.245608e-01 1.560682e-01 2.241522e-01 7.528431e-01 2.106256e-01 5.572046e-01 1.410407e-01
<GCONST> 8.615991e+01
<STATE> 3
<MEAN> 39
 -1.156845e+01 -9.066719e+00 -1.835472e+01 -1.525225e+01 -1.195004e+01 -1.560225e+01 -7.974176e+00 -6.764284e-01 -2.545707e+00 1.638485e+00 5.378456e+00 5.393709e+00 3.422860e+01 -4.631023e-01 4.207349e-01 -7.592150e-01 1.034774e+00 -6.231883e-01 -1.692148e-01 2.609502e-01 -7.973568e-01 -8.269215e-01 -8.048362e-01 6.909620e-01 -4.107256e-01 3.026985e-01 -3.202709e-01 1.513211e-02 -1.360135e-02 2.873432e-01 -1.583208e-01 3.135541e-01 2.852543e-01 -2.027666e-01 -1.855710e-01 1.005839e-01 5.694310e-02 -1.364165e-01 8.082643e-02
<VARIANCE> 39
 1.989337e+01 4.689391e+00 1.085406e+01 2.778070e+00 2.320565e+00 2.113053e+01 1.900183e+01 1.416198e+01 9.004042e+00 4.512250e+01 1.097133e+01 1.496309e+01 2.560513e+01 5.619437e-01 6.193290e-01 6.065388e-01 2.526627e+00 8.416991e-01 1.197893e+00 3.171181e+00 1.087279e+00 2.922980e+00 1.324338e+00 4.382610e-01 2.210088e+00 4.383237e-01 7.374711e-02 1.403137e-01 9.307232e-02 6.775734e-01 1.807830e-01 6.723593e-01 2.297581e-01 2.190124e-01 3.454613e-01 4.308856e-01 2.410563e-01 3.513129e-01 1.736061e-01
<GCONST> 8.601585e+01
<STATE> 4
<MEAN> 39
 -1.290690e+01 -8.835438e+00 -1.946374e+01 -1.314502e+01 -1.339087e+01 -1.502826e+01 -6.740638e+00 -1.443612e+00 -3.362748e+00 1.187169e+00 4.961223e+00 4.379460e+00 3.475714e+01 -6.203270e-01 5.120090e-01 -5.909939e-01 9.635147e-01 -5.236201e-01 6.579914e-01 1.063786e+00 -1.064114e+00 -8.874070e-01 -4.040688e-01 5.416594e-01 -4.875954e-01 2.712950e-01 -1.207348e-01 -1.445790e-02 2.748252e-01 1.547503e-01 -3.073591e-02 8.710320e-02 7.454496e-03 1.353940e-02 1.256877e-01 5.043609e-01 9.816659e-02 -8.945730e-03 -5.272806e-02
<VARIANCE> 39
 2.780715e+01 1.212595e+01 9.831883e+00 8.864261e+00 7.574813e+00 3.101678e+01 3.510838e+01 2.819949e+01 1.775792e+01 1.536332e+01 1.133968e+01 1.938226e+01 2.270353e+01 6.754223e-01 1.043843e+00 5.808123e-01 5.842371e+00 9.104153e-01 1.764060e+00 1.948748e+00 1.695703e+00 3.342417e+00 2.552699e+00 1.156608e+00 3.302001e+00 1.182011e+00 3.893512e-02 2.550960e-01 9.129763e-02 1.832837e-01 1.069319e-01 1.834745e-01 1.282270e-01 4.398588e-01 7.005780e-01 1.209946e-01 1.564627e-01 2.270645e-01 8.710223e-02
<GCONST> 9.088422e+01
<TRANSP> 5
 0.000000e+00 1.000000e+00 0.000000e+00 0.000000e+00 0.000000e+00
 0.000000e+00 1.144713e-01 8.855287e-01 0.000000e+00 0.000000e+00
 0.000000e+00 0.000000e+00 1.628115e-08 1.000000e+00 0.000000e+00
 0.000000e+00 0.000000e+00 0.000000e+00 2.758544e-05 9.999725e-01
 0.000000e+00 0.000000e+00 0.000000e+00 0.000000e+00 0.000000e+00
<ENDHMM>
