~o
<STREAMINFO> 1 15
<VECSIZE> 15<NULLD><USER><DIAGC>
~h "d"
<BEGINHMM>
<NUMSTATES> 5
<STATE> 2
<MEAN> 15
 3.743342e-01 -7.090138e-01 -1.860298e-02 2.824326e-01 -1.426896e-01 6.290337e-03 9.206940e-02 1.686620e-01 3.016697e-02 -2.793343e-01 -4.155309e-01 -9.941222e-02 4.399621e-01 1.874179e-01 -1.897064e-01
<VARIANCE> 15
 4.005915e-01 3.493823e-01 2.797747e-02 1.060442e-01 8.798360e-02 6.459806e-02 2.148754e-01 4.412297e-01 1.817244e-01 1.158770e-01 1.241618e-01 2.400508e-01 2.729770e-01 1.093187e-01 4.032598e-02
<GCONST> -1.840743e+00
<STATE> 3
<MEAN> 15
 7.928737e-01 -1.403300e+00 -1.822265e-03 -2.169794e-02 7.983120e-02 -1.258619e-01 -1.631358e-01 1.412325e-02 8.943274e-02 1.233045e-01 7.966327e-02 2.202006e-01 1.369061e-01 -3.690505e-02 8.800080e-02
<VARIANCE> 15
 1.121357e+00 8.264318e-01 1.463445e-01 1.286755e-01 2.795032e-01 2.954320e-01 3.820198e-01 2.882119e-01 5.191209e-01 1.736335e-01 7.401803e-01 4.241128e-01 2.794843e-01 2.102684e-01 8.977140e-02
<GCONST> 1.000969e+01
<STATE> 4
<MEAN> 15
 3.262099e-02 6.558125e-02 1.342431e-02 -3.955503e-02 -4.065835e-02 2.333059e-02 5.272048e-02 1.797601e-03 7.031852e-03 1.020988e-01 1.507957e-01 -9.147729e-02 -8.755067e-02 -7.593992e-02 4.340720e-02
<VARIANCE> 15
 7.216930e-01 1.234972e-01 1.608306e-02 6.428142e-02 5.880244e-02 9.593005e-02 1.440186e-01 9.322311e-02 2.369340e-01 3.436410e-01 2.691433e-01 3.238596e-01 2.848297e-01 1.015900e-01 5.978458e-03
<GCONST> -4.822646e+00
<TRANSP> 5
 0.000000e+00 1.000000e+00 0.000000e+00 0.000000e+00 0.000000e+00
 0.000000e+00 7.067237e-01 2.932763e-01 0.000000e+00 0.000000e+00
 0.000000e+00 0.000000e+00 8.035175e-01 1.964825e-01 0.000000e+00
 0.000000e+00 0.000000e+00 0.000000e+00 7.355788e-01 2.644212e-01
 0.000000e+00 0.000000e+00 0.000000e+00 0.000000e+00 0.000000e+00
<ENDHMM>
~h "s"
<BEGINHMM>
<NUMSTATES> 5
<STATE> 2
<MEAN> 15
 -4.050237e-02 -5.495128e-01 -2.377026e-02 1.491696e-01 -1.752155e-02 -1.959995e-01 -8.150732e-02 2.109551e-01 -7.607107e-02 -8.287793e-02 8.086982e-02 3.737889e-02 2.614431e-01 1.300570e-02 -1.032066e-01
<VARIANCE> 15
 1.006646e+00 3.034877e-01 2.210543e-02 8.740495e-02 8.805040e-02 1.335365e-01 2.589800e-01 2.404880e-01 2.145842e-01 1.678768e-01 1.391500e-01 1.857607e-01 1.976357e-01 1.900980e-01 2.328327e-02
<GCONST> -1.106726e+00
<STATE> 3
<MEAN> 15
 5.793583e-01 -1.134492e+00 1.804559e-02 -7.875194e-02 -3.459264e-02 -7.260012e-02 4.186915e-02 1.898062e-01 8.350369e-02 6.283400e-02 4.118719e-02 1.503389e-01 8.759137e-02 2.565111e-02 5.307212e-02
<VARIANCE> 15
 2.342946e+00 5.934539e-01 1.016312e-01 1.890782e-01 1.548693e-01 1.974723e-01 1.861944e-01 2.388847e-01 3.161414e-01 1.743632e-01 2.418114e-01 2.644596e-01 2.936711e-01 3.799809e-01 6.135115e-02
<GCONST> 6.713789e+00
<STATE> 4
<MEAN> 15
 6.251665e-02 -1.225704e-01 4.336733e-02 1.711369e-02 -1.641417e-01 -1.582499e-02 9.407571e-02 7.793888e-02 2.651739e-02 -6.598479e-02 -9.504142e-02 -1.691424e-01 -1.167830e-01 -1.442258e-01 6.459287e-02
<VARIANCE> 15
 1.151127e+00 2.602103e-02 2.323329e-02 3.039693e-02 5.954557e-02 4.926653e-02 9.624361e-02 3.997619e-01 1.443239e-01 1.908823e-01 1.411243e-01 1.113026e-01 1.787782e-01 1.683536e-01 8.023304e-03
<GCONST> -8.358932e+00
<TRANSP> 5
 0.000000e+00 1.000000e+00 0.000000e+00 0.000000e+00 0.000000e+00
 0.000000e+00 6.509776e-01 3.490224e-01 0.000000e+00 0.000000e+00
 0.000000e+00 0.000000e+00 7.084851e-01 2.915149e-01 0.000000e+00
 0.000000e+00 0.000000e+00 0.000000e+00 6.808504e-01 3.191496e-01
 0.000000e+00 0.000000e+00 0.000000e+00 0.000000e+00 0.000000e+00
<ENDHMM>
~h "t"
<BEGINHMM>
<NUMSTATES> 5
<STATE> 2
<MEAN> 15
 -1.435310e-01 1.367019e-01 -4.365068e-02 1.038115e-02 1.583561e-01 4.187740e-03 -1.351665e-01 -2.729720e-01 8.004754e-02 5.185134e-01 3.069100e-01 -7.544716e-02 -3.457097e-02 1.201245e-01 -1.635060e-02
<VARIANCE> 15
 1.434848e+00 3.328476e-02 2.912858e-02 8.563889e-02 1.417384e-01 2.493445e-01 1.058149e-01 1.833771e-01 1.543445e-01 1.169336e-01 3.269930e-01 3.644179e-01 3.939889e-01 4.039020e-01 1.418218e-02
<GCONST> -9.878323e-01
<STATE> 3
<MEAN> 15
 3.836557e-02 -3.043489e-02 -5.003241e-04 2.355894e-02 -2.535986e-02 4.727249e-03 8.952599e-03 2.738074e-02 2.262782e-02 -2.822257e-02 -2.080651e-02 1.904558e-02 3.133265e-02 3.443277e-02 -8.542861e-03
<VARIANCE> 15
 2.788960e+00 2.788275e+00 5.142618e-01 4.719171e-01 2.806017e-01 3.982130e-01 3.934903e-01 2.985792e-01 8.456462e-01 6.623923e-01 5.730863e-01 7.875647e-01 5.640901e-01 5.187129e-01 3.304631e-01
<GCONST> 2.015898e+01
<STATE> 4
<MEAN> 15
 4.794586e-01 -7.590152e-02 -8.916507e-03 -5.086307e-02 -9.252051e-02 -1.032605e-01 4.601776e-02 4.095205e-02 6.743584e-03 2.705562e-01 2.667488e-01 5.905622e-02 -9.467474e-02 -1.455843e-01 2.536022e-02
<VARIANCE> 15
 1.289620e+00 2.793383e-02 2.761401e-02 6.965688e-02 1.051695e-01 8.752115e-02 1.640609e-01 2.041677e-01 1.392481e-01 3.399187e-01 2.923411e-01 3.587488e-01 4.606482e-01 2.836900e-01 9.689862e-03
<GCONST> -2.070591e+00
<TRANSP> 5
 0.000000e+00 1.000000e+00 0.000000e+00 0.000000e+00 0.000000e+00
 0.000000e+00 5.294461e-01 4.705539e-01 0.000000e+00 0.000000e+00
 0.000000e+00 0.000000e+00 9.314568e-01 6.854314e-02 0.000000e+00
 0.000000e+00 0.000000e+00 0.000000e+00 7.242755e-01 2.757245e-01
 0.000000e+00 0.000000e+00 0.000000e+00 0.000000e+00 0.000000e+00
<ENDHMM>
~h "#N"
<BEGINHMM>
<NUMSTATES> 5
<STATE> 2
<MEAN> 15
 -4.315896e-02 -3.774200e-02 -3.822027e-02 -3.011584e-02 5.544835e-03 1.831520e-03 -9.856589e-03 -2.307578e-02 -9.901715e-03 -3.297279e-02 6.646260e-04 -1.451860e-02 4.356292e-03 4.584733e-02 3.120668e-02
<VARIANCE> 15
 1.259373e+00 2.520468e-01 3.575831e-02 8.768087e-02 1.037099e-01 1.512336e-01 1.960389e-01 3.057778e-01 3.347853e-01 2.644285e-01 4.182668e-01 1.564182e-01 1.903863e-01 2.355188e-01 2.328994e-02
<GCONST> 1.670472e+00
<STATE> 3
<MEAN> 15
 -2.056800e-03 -2.352875e-02 -2.707315e-03 -8.732653e-04 -2.405862e-03 2.691644e-03 2.891667e-03 6.867751e-03 4.742432e-03 2.069149e-04 -3.924658e-03 -5.773370e-03 2.657586e-03 -3.418218e-03 -1.470013e-03
<VARIANCE> 15
 2.361769e+00 1.893628e+00 3.005109e-01 3.517027e-01 2.519390e-01 3.481933e-01 2.969864e-01 3.863556e-01 5.626944e-01 4.095629e-01 4.728031e-01 6.325685e-01 4.634612e-01 4.125950e-01 2.112571e-01
<GCONST> 1.633646e+01
<STATE> 4
<MEAN> 15
 -1.647336e-02 -1.569975e-02 -5.339857e-04 1.321797e-03 1.073739e-03 4.697191e-03 6.328004e-03 9.721324e-03 1.832737e-03 -3.366184e-03 -4.965742e-03 -1.016706e-02 -1.746386e-02 -8.566323e-03 1.674115e-03
<VARIANCE> 15
 9.248829e-01 2.770270e-02 1.292410e-02 2.954921e-02 7.063325e-02 8.220720e-02 9.347926e-02 1.218311e-01 1.551399e-01 1.762530e-01 2.401444e-01 2.011036e-01 1.835587e-01 1.807826e-01 1.000000e-02
<GCONST> -8.230984e+00
<TRANSP> 5
 0.000000e+00 1.000000e+00 0.000000e+00 0.000000e+00 0.000000e+00
 0.000000e+00 9.732143e-01 2.678571e-02 0.000000e+00 0.000000e+00
 0.000000e+00 0.000000e+00 9.965358e-01 3.464203e-03 0.000000e+00
 0.000000e+00 0.000000e+00 0.000000e+00 9.901639e-01 9.836067e-03
 0.000000e+00 0.000000e+00 0.000000e+00 0.000000e+00 0.000000e+00
<ENDHMM>
~h "ah"
<BEGINHMM>
<NUMSTATES> 5
<STATE> 2
<NUMMIXES> 3
<MIXTURE> 1 2.056220e-01
<MEAN> 15
 5.124602e-01 2.204908e-01 -5.152076e-02 -3.431460e-02 7.390355e-02 2.796156e-01 -9.349512e-02 2.798133e-01 3.424589e-01 4.537351e-02 6.753860e-02 -9.328920e-02 3.526962e-01 -2.515081e-02 1.365440e-02
<VARIANCE> 15
 1.830434e+00 6.786161e-02 8.394343e-02 5.012223e-02 1.145927e-01 2.114574e-01 1.813992e-01 1.894250e-01 3.280329e-01 1.851847e-01 2.963132e-01 3.214804e-01 9.885341e-02 2.819647e-01 2.105533e-02
<GCONST> 3.277094e-01
<MIXTURE> 2 4.846707e-01
<MEAN> 15
 2.020038e-01 1.273822e-01 -6.845533e-02 -6.350254e-02 -7.189415e-02 1.660954e-01 -1.783431e-01 -9.685311e-02 -6.364797e-02 -1.690651e-01 -1.552336e-01 -2.312140e-01 1.591584e-01 1.190520e-01 4.222472e-02
<VARIANCE> 15
 1.072565e+00 5.462436e-02 3.761574e-02 8.284874e-02 1.249613e-01 1.659623e-01 2.595682e-01 2.225774e-01 2.889822e-01 2.497782e-01 2.133277e-01 2.486773e-01 7.650615e-02 3.709406e-01 2.347213e-02
<GCONST> -6.462374e-01
<MIXTURE> 3 3.097076e-01
<MEAN> 15
 3.492633e-01 1.559774e-01 -8.381220e-02 -3.806484e-02 -5.866323e-02 2.144113e-01 -1.162586e-01 4.258078e-02 1.036188e-01 -9.723748e-02 -1.350636e-01 -1.211884e-01 2.458713e-01 6.223891e-02 5.086831e-02
<VARIANCE> 15
 1.281689e+00 6.736500e-02 4.447072e-02 7.733104e-02 1.324258e-01 1.678486e-01 1.895518e-01 2.286272e-01 3.143157e-01 2.056746e-01 2.335443e-01 2.446604e-01 8.051933e-02 3.657376e-01 2.139475e-02
<GCONST> -4.698539e-01
<STATE> 3
<NUMMIXES> 3
<MIXTURE> 1 2.139040e-01
<MEAN> 15
 7.007414e-01 5.815132e-01 3.043414e-01 1.890669e-01 2.759240e-01 7.076888e-02 1.272023e-01 5.879776e-02 -8.895450e-02 1.246712e-01 1.927041e-01 4.550568e-01 2.347652e-01 1.562760e-01 1.372825e-01
<VARIANCE> 15
 2.330495e+00 2.095172e+00 5.315630e-01 6.601599e-01 4.154495e-01 4.332696e-01 3.776870e-01 7.064775e-01 9.651371e-01 3.720472e-01 5.370528e-01 8.127908e-01 5.564662e-01 4.308657e-01 3.453976e-01
<GCONST> 2.072639e+01
<MIXTURE> 2 4.959404e-01
<MEAN> 15
 -3.522648e-01 -1.193184e-01 -1.116240e-01 -6.088169e-02 -1.418947e-01 -1.150666e-01 -4.472332e-02 3.372635e-03 8.454388e-03 -1.044138e-01 -1.502646e-01 -1.807013e-01 -6.364825e-02 -6.044085e-02 -7.740157e-02
<VARIANCE> 15
 2.756405e+00 3.002847e+00 4.924677e-01 4.861960e-01 2.837502e-01 5.474786e-01 3.739623e-01 5.621063e-01 7.118992e-01 3.479327e-01 5.037454e-01 8.011410e-01 4.914313e-01 5.179858e-01 3.369966e-01
<GCONST> 2.007152e+01
<MIXTURE> 3 2.901567e-01
<MEAN> 15
 1.042743e-01 2.403377e-01 5.053801e-02 4.224190e-03 -7.867718e-03 -2.552998e-02 2.614005e-02 6.514303e-02 -1.024745e-02 -5.496566e-02 -2.668211e-02 5.647573e-02 3.340509e-02 3.961943e-02 1.767283e-02
<VARIANCE> 15
 2.498976e+00 2.437374e+00 5.524108e-01 5.041023e-01 3.157882e-01 5.503791e-01 3.809695e-01 6.308796e-01 7.925187e-01 3.699206e-01 5.088772e-01 8.565056e-01 4.951532e-01 5.039349e-01 3.578074e-01
<GCONST> 2.044760e+01
<STATE> 4
<NUMMIXES> 3
<MIXTURE> 1 1.855308e-01
<MEAN> 15
 -3.553914e-01 6.251197e-02 -4.345180e-02 -2.955058e-02 3.735519e-01 4.721333e-02 -1.011211e-01 1.902081e-01 4.432807e-01 6.687520e-01 2.987970e-01 -1.390622e-01 1.043656e-01 -3.998187e-03 4.739617e-02
<VARIANCE> 15
 1.284452e+00 1.237779e-01 3.202235e-02 5.891374e-02 1.574413e-01 5.933889e-02 1.490038e-01 1.408414e-01 2.360655e-01 2.374567e-01 2.138657e-01 1.733604e-01 1.573633e-01 5.136199e-01 5.150333e-02
<GCONST> -7.386632e-01
<MIXTURE> 2 5.184821e-01
<MEAN> 15
 1.627333e-01 7.287926e-03 -1.041187e-01 -3.618164e-02 1.199895e-01 -8.372302e-03 -1.750024e-01 -6.250864e-02 1.085013e-01 4.619315e-01 2.892250e-01 -2.898718e-01 -1.811695e-01 -3.015323e-01 -1.085140e-02
<VARIANCE> 15
 1.468987e+00 1.066056e-01 3.756027e-02 3.735954e-02 1.612132e-01 5.572264e-02 7.235472e-02 1.917851e-01 1.138989e-01 1.759382e-01 2.718491e-01 2.902223e-01 2.613501e-01 2.389257e-01 3.684877e-02
<GCONST> -2.368932e+00
<MIXTURE> 3 2.959871e-01
<MEAN> 15
 1.257377e-01 1.687804e-02 -6.876024e-02 -2.152197e-02 1.775004e-01 -1.542734e-03 -1.448467e-01 3.119429e-02 1.918505e-01 4.806098e-01 3.039084e-01 -2.385285e-01 -6.136416e-02 -1.932869e-01 1.474917e-02
<VARIANCE> 15
 1.585275e+00 1.046859e-01 3.310686e-02 4.430358e-02 1.790496e-01 6.438776e-02 7.918566e-02 2.082901e-01 1.594966e-01 2.222081e-01 2.739986e-01 2.424310e-01 2.280614e-01 3.215229e-01 3.635684e-02
<GCONST> -1.299033e+00
<TRANSP> 5
 0.000000e+00 1.000000e+00 0.000000e+00 0.000000e+00 0.000000e+00
 0.000000e+00 5.526696e-01 4.473303e-01 0.000000e+00 0.000000e+00
 0.000000e+00 0.000000e+00 9.402086e-01 5.979142e-02 0.000000e+00
 0.000000e+00 0.000000e+00 0.000000e+00 3.331760e-01 6.668240e-01
 0.000000e+00 0.000000e+00 0.000000e+00 0.000000e+00 0.000000e+00
<ENDHMM>
~h "uh"
<BEGINHMM>
<NUMSTATES> 5
<STATE> 2
<NUMMIXES> 3
<MIXTURE> 1 2.590981e-01
<MEAN> 15
 -3.281244e-01 5.619646e-01 1.778157e-01 -2.822707e-01 3.571561e-01 3.704229e-01 3.860317e-01 -1.936115e-01 4.463379e-02 4.071886e-01 3.798911e-01 6.689547e-01 -1.013717e-01 -5.172473e-01 2.806606e-01
<VARIANCE> 15
 7.758158e-01 9.553731e-02 1.423428e-02 3.706544e-02 5.538990e-02 8.604662e-02 1.524611e-01 7.027034e-02 6.627791e-02 2.981454e-01 2.319191e-01 8.062757e-02 4.040869e-01 4.154414e-02 8.800695e-03
<GCONST> -9.186973e+00
<MIXTURE> 2 5.014210e-01
<MEAN> 15
 -8.253565e-01 3.009816e-01 1.617859e-02 -3.900144e-01 1.592376e-01 2.379202e-01 -1.900482e-01 -6.010871e-01 -1.521298e-01 1.963971e-01 -1.077702e-01 3.614919e-01 -1.414429e-01 -6.644673e-01 1.781046e-01
<VARIANCE> 15
 1.385267e+00 2.620686e-01 8.646016e-03 2.175210e-01 7.629258e-02 7.448157e-02 2.315363e-01 4.352066e-02 6.406323e-02 1.881062e-01 1.422687e-01 2.053706e-01 2.486034e-01 1.776096e-01 2.430440e-02
<GCONST> -4.277908e+00
<MIXTURE> 3 2.394809e-01
<MEAN> 15
 -8.155917e-01 3.909703e-01 3.306277e-02 -2.991561e-01 2.259757e-01 3.182355e-01 -2.916156e-02 -5.541012e-01 -1.130713e-01 1.340136e-01 -7.753065e-02 3.904461e-01 -2.744843e-01 -5.498258e-01 1.729131e-01
<VARIANCE> 15
 1.204727e+00 2.593463e-01 8.335194e-03 1.652592e-01 6.169369e-02 1.069351e-01 2.960889e-01 5.629253e-02 5.839818e-02 2.308883e-01 1.705330e-01 1.689315e-01 3.341429e-01 1.317742e-01 1.929736e-02
<GCONST> -4.222105e+00
<STATE> 3
<NUMMIXES> 3
<MIXTURE> 1 1.962196e-01
<MEAN> 15
 -1.748988e+00 1.047045e+00 -5.087686e-02 1.561787e-01 5.462201e-02 3.658632e-01 -3.647620e-03 8.653139e-02 -1.247470e-02 -1.922121e-01 2.803894e-01 -2.556798e-01 -5.789129e-01 5.869932e-01 -9.688248e-02
<VARIANCE> 15
 1.332509e+00 2.558238e-01 1.372069e-02 1.655816e-01 6.896057e-02 4.875364e-02 1.400009e-01 1.516501e-01 2.589715e-01 1.264297e-01 2.482841e-01 4.199582e-01 2.806051e-01 3.479185e-01 7.201539e-02
<GCONST> 2.199726e-01
<MIXTURE> 2 5.096119e-01
<MEAN> 15
 -2.149401e+00 1.188722e+00 -1.755232e-01 -1.004554e-01 8.283228e-02 2.348927e-01 -1.138073e-01 -2.803876e-01 -1.632622e-01 -2.209430e-01 3.850688e-02 -5.031756e-01 -7.445251e-01 1.652404e-02 -6.377506e-02
<VARIANCE> 15
 1.836180e+00 3.698057e-01 2.222960e-02 2.689826e-01 6.049863e-02 7.909048e-02 1.212706e-01 1.465461e-01 2.646680e-01 2.353854e-01 2.130420e-01 1.905797e-01 2.789783e-01 5.529892e-01 6.811318e-02
<GCONST> 2.153801e+00
<MIXTURE> 3 2.941687e-01
<MEAN> 15
 -1.896046e+00 1.086784e+00 -1.209132e-01 3.431947e-02 8.037699e-02 2.619284e-01 -8.359128e-02 -1.209378e-01 -2.434042e-02 -2.223151e-01 1.678244e-01 -4.037217e-01 -6.857312e-01 2.857949e-01 -9.619702e-02
<VARIANCE> 15
 1.595049e+00 3.061973e-01 2.089932e-02 2.173161e-01 6.073738e-02 8.152446e-02 1.327601e-01 1.544614e-01 2.263503e-01 1.908144e-01 2.170104e-01 2.713175e-01 3.034650e-01 4.537607e-01 6.888041e-02
<GCONST> 1.629568e+00
<STATE> 4
<NUMMIXES> 3
<MIXTURE> 1 1.427865e-01
<MEAN> 15
 -2.374257e-01 1.530034e-01 -4.149171e-02 6.485888e-02 5.247694e-02 1.747705e-01 8.216527e-02 1.645529e-01 -1.097859e-01 -1.329251e-01 -2.484345e-01 -1.772896e-02 9.478079e-02 1.529114e-01 8.727833e-02
<VARIANCE> 15
 8.529328e-01 9.805123e-02 7.937357e-03 6.873918e-02 2.074003e-02 1.171878e-01 1.342647e-01 7.774711e-02 4.080201e-01 1.433333e-01 3.883319e-01 1.970596e-01 2.587633e-01 2.677740e-01 3.897157e-02
<GCONST> -4.332240e+00
<MIXTURE> 2 5.671780e-01
<MEAN> 15
 4.731980e-02 4.222704e-02 -9.138120e-02 7.531710e-02 -4.073005e-02 3.436492e-02 -1.294139e-01 4.310847e-02 -6.137773e-02 -4.030631e-01 -2.040784e-01 -3.250657e-01 1.067666e-01 2.157891e-01 -1.565919e-01
<VARIANCE> 15
 7.301949e-01 6.207187e-02 1.087431e-02 5.895742e-02 4.653184e-02 9.754204e-02 2.134201e-01 1.343582e-01 1.731475e-01 1.705264e-01 3.099550e-01 3.094925e-01 1.992442e-01 1.427700e-01 4.286778e-02
<GCONST> -4.400879e+00
<MIXTURE> 3 2.900355e-01
<MEAN> 15
 -7.299575e-03 3.373875e-02 -5.823980e-02 3.200288e-02 -7.527283e-04 5.881856e-02 9.972965e-03 1.439478e-01 -7.688722e-03 -2.056406e-01 -1.397015e-01 -1.493393e-01 7.282022e-02 1.957007e-01 -6.554212e-02
<VARIANCE> 15
 8.421354e-01 6.704128e-02 1.113465e-02 5.799998e-02 2.246736e-02 7.790232e-02 1.677466e-01 9.872166e-02 2.530676e-01 1.425808e-01 2.914697e-01 3.022675e-01 2.631343e-01 2.085921e-01 3.838350e-02
<GCONST> -5.013654e+00
<TRANSP> 5
 0.000000e+00 1.000000e+00 0.000000e+00 0.000000e+00 0.000000e+00
 0.000000e+00 5.799956e-01 4.200044e-01 0.000000e+00 0.000000e+00
 0.000000e+00 0.000000e+00 7.139404e-01 2.860596e-01 0.000000e+00
 0.000000e+00 0.000000e+00 0.000000e+00 6.102816e-01 3.897184e-01
 0.000000e+00 0.000000e+00 0.000000e+00 0.000000e+00 0.000000e+00
<ENDHMM>
~h "uw"
<BEGINHMM>
<NUMSTATES> 5
<STATE> 2
<NUMMIXES> 3
<MIXTURE> 1 2.036620e-01
<MEAN> 15
 8.152945e-01 1.951473e-01 3.780551e-03 -6.998374e-02 1.434359e-01 3.771169e-01 3.276477e-01 -1.505941e-02 5.161472e-02 -5.750441e-02 1.239110e-01 2.901600e-01 2.374734e-01 1.392134e-01 5.397316e-02
<VARIANCE> 15
 4.290314e-01 3.673120e-01 1.501727e-01 8.385666e-02 1.597871e-01 1.892938e-01 5.684188e-02 4.467282e-01 3.306526e-01 2.148882e-01 1.370737e-01 1.428765e-01 9.077954e-02 1.662117e-01 1.325083e-02
<GCONST> -9.207327e-01
<MIXTURE> 2 5.065826e-01
<MEAN> 15
 1.767189e-01 4.672781e-02 4.968783e-02 -4.319586e-02 3.801926e-02 2.094914e-01 6.858849e-02 -3.164209e-01 -1.659752e-01 -1.587422e-01 1.577603e-01 5.893498e-02 -1.235299e-01 -1.132909e-01 4.204503e-02
<VARIANCE> 15
 7.795117e-01 2.534217e-01 7.343511e-02 6.093464e-02 8.437236e-02 1.428452e-01 2.078614e-01 2.251880e-01 3.252259e-01 1.414883e-01 2.019290e-01 7.698106e-02 2.012734e-01 1.677005e-01 1.907710e-02
<GCONST> -1.533892e+00
<MIXTURE> 3 2.897553e-01
<MEAN> 15
 4.599152e-01 -1.555799e-03 2.010575e-02 -2.985392e-02 5.121254e-02 2.641321e-01 1.947418e-01 -2.196784e-01 -6.078878e-02 -1.245678e-01 1.521213e-01 1.097003e-01 3.844921e-02 2.855519e-02 5.709375e-02
<VARIANCE> 15
 6.350145e-01 2.862829e-01 7.783543e-02 6.304259e-02 1.063982e-01 1.771160e-01 1.318042e-01 2.771540e-01 3.343518e-01 1.813860e-01 1.931887e-01 9.865603e-02 1.621467e-01 1.668351e-01 1.728112e-02
<GCONST> -1.166003e+00
<STATE> 3
<NUMMIXES> 3
<MIXTURE> 1 2.108537e-01
<MEAN> 15
 8.599196e-01 7.436516e-01 4.077687e-01 -2.055918e-01 1.607995e-01 -1.964322e-01 2.247859e-01 1.145991e-01 -1.952854e-01 6.097010e-01 5.703895e-01 6.400319e-01 3.174610e-01 3.902198e-01 1.847814e-01
<VARIANCE> 15
 2.934361e+00 1.420523e+00 3.430577e-01 8.438375e-01 5.854527e-01 5.514495e-01 5.346577e-01 4.483030e-01 1.487861e+00 1.081874e+00 1.289609e+00 6.996472e-01 9.143110e-01 3.752359e-01 4.456427e-01
<GCONST> 2.369220e+01
<MIXTURE> 2 5.045043e-01
<MEAN> 15
 -4.581471e-01 6.120213e-02 -1.452344e-01 6.350910e-02 -7.024632e-02 -1.366366e-01 1.402662e-02 6.158109e-02 5.320235e-02 -1.488834e-01 -2.748105e-01 -2.184539e-01 -4.741674e-02 -1.641274e-01 -7.738029e-02
<VARIANCE> 15
 2.983576e+00 4.391281e+00 4.192881e-01 5.386424e-01 4.637740e-01 5.103887e-01 3.572158e-01 3.547579e-01 1.045185e+00 7.124133e-01 9.748805e-01 8.695448e-01 6.692960e-01 6.256462e-01 3.689630e-01
<GCONST> 2.281863e+01
<MIXTURE> 3 2.846423e-01
<MEAN> 15
 4.290200e-02 2.861000e-01 7.235701e-02 5.728239e-02 2.373934e-02 -9.656517e-02 1.035072e-01 6.407805e-02 -3.292323e-02 2.502907e-02 -4.209863e-02 -2.599465e-03 5.017724e-02 7.947055e-02 -1.022310e-02
<VARIANCE> 15
 3.102354e+00 2.915458e+00 4.678691e-01 6.622770e-01 4.952513e-01 5.301818e-01 4.006440e-01 3.157701e-01 1.152089e+00 7.370335e-01 1.138338e+00 9.034348e-01 7.665243e-01 5.696636e-01 4.120098e-01
<GCONST> 2.334323e+01
<STATE> 4
<NUMMIXES> 3
<MIXTURE> 1 1.648539e-01
<MEAN> 15
 5.551442e-01 2.151181e-01 4.739080e-02 -4.606045e-02 -1.340477e-01 6.996405e-02 5.354951e-02 1.610218e-01 1.153110e-01 -1.597974e-01 -3.703622e-01 1.694950e-01 1.177580e-01 1.716637e-01 3.034034e-02
<VARIANCE> 15
 3.665098e-01 9.180713e-02 8.314332e-03 2.710299e-02 6.646220e-02 1.952525e-01 2.856241e-02 1.505220e-01 1.622155e-01 1.869045e-01 1.608306e-01 2.942288e-01 1.118262e-01 5.684110e-02 5.845028e-03
<GCONST> -1.076268e+01
<MIXTURE> 2 5.286803e-01
<MEAN> 15
 4.261447e-01 4.892429e-02 4.903789e-04 -1.199337e-01 3.205818e-02 -1.590278e-01 -9.354419e-02 -8.528836e-02 2.380747e-02 4.768732e-03 -2.863289e-01 7.281363e-02 -1.208045e-01 3.619317e-02 -1.431208e-02
<VARIANCE> 15
 5.820772e-01 4.220514e-02 1.311082e-02 4.224205e-02 5.785096e-02 2.302410e-01 3.413368e-02 2.188268e-01 3.143455e-01 2.725553e-01 3.686281e-01 2.384706e-01 1.049200e-01 1.255007e-01 1.039634e-02
<GCONST> -6.637283e+00
<MIXTURE> 3 3.064658e-01
<MEAN> 15
 4.483351e-01 4.300123e-02 2.383435e-02 -6.892076e-02 -1.918183e-02 -9.345145e-02 -6.008327e-02 2.536496e-02 7.046457e-02 -3.159370e-02 -2.909302e-01 1.349927e-01 -6.106339e-02 8.683447e-02 7.445355e-03
<VARIANCE> 15
 5.611153e-01 5.446717e-02 1.004734e-02 3.460970e-02 5.761882e-02 2.411067e-01 3.566259e-02 2.170126e-01 2.785034e-01 2.615379e-01 2.699593e-01 2.126892e-01 1.301630e-01 1.069671e-01 8.387459e-03
<GCONST> -7.553900e+00
<TRANSP> 5
 0.000000e+00 1.000000e+00 0.000000e+00 0.000000e+00 0.000000e+00
 0.000000e+00 5.991564e-01 4.008435e-01 0.000000e+00 0.000000e+00
 0.000000e+00 0.000000e+00 8.610672e-01 1.389327e-01 0.000000e+00
 0.000000e+00 0.000000e+00 0.000000e+00 4.628572e-01 5.371428e-01
 0.000000e+00 0.000000e+00 0.000000e+00 0.000000e+00 0.000000e+00
<ENDHMM>
~h "sil"
<BEGINHMM>
<NUMSTATES> 5
<STATE> 2
<MEAN> 15
 -9.722851e-01 3.324447e-01 -2.333121e-02 -1.037323e-01 1.193174e-01 1.762349e-01 4.807613e-02 -3.935146e-01 -1.713659e-01 -4.516677e-02 1.067355e-01 8.824519e-02 -4.124116e-01 -3.970987e-02 4.528460e-02
<VARIANCE> 15
 1.628002e+00 7.568277e-01 3.883655e-02 4.943806e-02 1.630216e-01 1.648029e-01 1.073616e-01 2.153896e-01 2.040644e-01 1.803606e-01 2.267079e-01 1.683642e-01 4.279214e-01 1.893658e-01 3.064995e-02
<GCONST> 1.571874e+00
<STATE> 3
<MEAN> 15
 -1.829017e-01 -2.063832e-01 -9.753477e-02 -3.807117e-02 -4.472068e-02 5.569710e-02 1.332633e-02 1.091079e-01 9.090061e-02 -3.445247e-02 1.818498e-03 -1.312787e-01 -2.098159e-02 2.804718e-02 6.219052e-03
<VARIANCE> 15
 2.314472e+00 1.520640e+00 1.567698e-01 3.830102e-01 2.118382e-01 3.846571e-01 3.089586e-01 4.667959e-01 4.287612e-01 5.638547e-01 4.911959e-01 7.298948e-01 3.375060e-01 3.874556e-01 1.580841e-01
<GCONST> 1.524551e+01
<STATE> 4
<MEAN> 15
 6.382612e-03 -1.661574e-02 -2.305220e-03 1.471944e-03 4.263739e-03 1.569331e-02 1.391716e-02 -2.806013e-03 -2.494520e-03 -1.212474e-02 -1.671402e-02 -1.306801e-02 -9.877331e-03 -1.603881e-02 -7.757470e-04
<VARIANCE> 15
 9.110691e-01 2.312454e-02 1.312659e-02 3.306195e-02 7.199743e-02 8.346512e-02 1.068933e-01 1.278554e-01 1.628965e-01 1.884100e-01 2.182424e-01 1.775072e-01 1.610195e-01 1.854363e-01 5.967079e-03
<GCONST> -8.808998e+00
<TRANSP> 5
 0.000000e+00 1.000000e+00 0.000000e+00 0.000000e+00 0.000000e+00
 0.000000e+00 5.931341e-01 1.408467e-01 2.660191e-01 0.000000e+00
 0.000000e+00 0.000000e+00 9.186233e-01 8.137671e-02 0.000000e+00
 0.000000e+00 8.418607e-03 0.000000e+00 9.485998e-01 4.298158e-02
 0.000000e+00 0.000000e+00 0.000000e+00 0.000000e+00 0.000000e+00
<ENDHMM>
