~o
<STREAMINFO> 1 39
<VECSIZE> 39<NULLD><MFCC_D_A_0><DIAGC>
~h "#N"
<BEGINHMM>
<NUMSTATES> 5
<STATE> 2
<MEAN> 39
 -1.482153e+01 -4.840369e+00 -1.352290e+00 -1.900384e+00 -3.439133e+00 1.951444e+00 -3.308817e+00 1.566136e+00 9.246753e-01 -1.487434e+00 9.171197e-01 -5.602113e-01 2.903960e+01 6.538842e-01 1.176461e-01 3.230371e-01 1.035465e-01 -2.918641e-02 2.022129e-01 -6.310027e-02 3.448275e-02 1.433664e-01 -1.379488e-01 9.001509e-02 -2.843926e-02 4.876592e-01 4.642468e-02 3.445944e-02 2.756233e-02 -1.631732e-02 -4.563392e-02 -3.011277e-02 -3.133649e-02 1.199977e-02 -1.615176e-02 3.037088e-02 -9.741710e-03 -1.912050e-02 2.806750e-02
<VARIANCE> 39
 1.485083e+02 4.338527e+01 5.251279e+01 1.106785e+01 1.692313e+01 3.301443e+01 3.278521e+01 1.333156e+01 1.526735e+01 1.925857e+01 1.410261e+01 1.403698e+01 1.548132e+02 8.846661e+00 5.788012e+00 4.271116e+00 1.259642e+00 1.669136e+00 2.857863e+00 2.943384e+00 1.793076e+00 1.149410e+00 1.782452e+00 1.415732e+00 1.576269e+00 1.074779e+01 1.519339e+00 1.019242e+00 7.451493e-01 2.196814e-01 3.034239e-01 5.310624e-01 5.148859e-01 3.441792e-01 2.327980e-01 3.316764e-01 2.595868e-01 3.084743e-01 1.812184e+00
<GCONST> 1.185521e+02
<STATE> 3
<MEAN> 39
 3.853032e+00 -3.783956e+00 7.552393e+00 -6.262636e-01 -6.860341e+00 7.972988e+00 -5.764647e+00 1.717467e+00 1.202543e+00 -5.629903e+00 2.963065e+00 -3.331451e+00 4.420609e+01 -3.380551e-01 2.533507e+00 -4.294930e-01 6.626374e-01 6.748737e-01 -1.057629e+00 6.915652e-01 -4.404058e-01 -6.299415e-01 3.695909e-01 -2.954687e-01 3.516326e-01 -1.353278e+00 2.172510e-01 -6.273103e-01 4.436288e-01 -6.720915e-02 -8.214903e-02 2.359798e-01 -6.951993e-01 1.136736e-01 6.988267e-02 -2.928215e-01 2.647584e-01 -7.219929e-02 5.524676e-01
<VARIANCE> 39
 2.297458e+01 3.734309e+01 3.381418e+01 1.804050e+01 2.140909e+01 1.818125e+01 2.977547e+01 2.051909e+01 1.418932e+01 1.706300e+01 1.559067e+01 1.746428e+01 4.072768e+01 2.913239e-01 2.450424e+00 1.542996e+00 1.028749e+00 1.515156e+00 2.247581e+00 1.394910e+00 1.190737e+00 1.349123e+00 1.785376e+00 1.325683e+00 1.195720e+00 4.662026e-01 1.229449e-01 3.459361e-01 2.719926e-01 3.892959e-01 3.055320e-01 2.595947e-01 3.160136e-01 3.099870e-01 2.661203e-01 3.001506e-01 3.255724e-01 3.469471e-01 2.472166e-01
<GCONST> 9.809608e+01
<STATE> 4
<MEAN> 39
 1.023909e+00 -4.780849e+00 7.250598e+00 -1.579149e+00 -7.134177e+00 6.818793e+00 -7.356909e+00 1.938612e+00 2.533647e+00 -5.103063e+00 2.799689e+00 -3.199322e+00 4.332466e+01 -1.285972e-02 1.080628e-03 -2.244944e-03 1.475854e-03 2.453034e-03 -3.285457e-03 2.683198e-03 9.290812e-04 1.499811e-03 5.518977e-03 7.766968e-04 2.595602e-03 -1.112711e-02 1.106732e-03 -3.596501e-03 3.274948e-04 -1.017890e-03 -4.756620e-04 1.886658e-03 -7.075935e-04 2.285475e-04 6.283531e-04 -6.613538e-04 8.101783e-04 -2.237925e-04 2.299346e-03
<VARIANCE> 39
 7.363403e+01 3.918150e+01 4.025307e+01 3.498610e+01 3.645978e+01 2.514329e+01 3.772056e+01 2.413010e+01 2.434914e+01 2.520157e+01 1.935982e+01 1.645790e+01 1.044041e+02 1.014337e+00 1.566262e+00 1.540258e+00 1.407111e+00 1.696716e+00 1.670250e+00 1.784588e+00 1.690707e+00 1.690037e+00 1.725162e+00 1.528889e+00 1.320653e+00 1.364104e+00 1.430272e-01 2.679250e-01 2.517551e-01 2.488178e-01 3.059451e-01 3.220852e-01 3.367333e-01 3.199506e-01 3.278270e-01 3.380256e-01 3.029906e-01 2.648346e-01 1.604514e-01
<GCONST> 1.056966e+02
<TRANSP> 5
 0.000000e+00 1.000000e+00 0.000000e+00 0.000000e+00 0.000000e+00
 0.000000e+00 9.664067e-01 3.359328e-02 0.000000e+00 0.000000e+00
 0.000000e+00 0.000000e+00 0.000000e+00 1.000000e+00 0.000000e+00
 0.000000e+00 0.000000e+00 0.000000e+00 9.982034e-01 1.796599e-03
 0.000000e+00 0.000000e+00 0.000000e+00 0.000000e+00 0.000000e+00
<ENDHMM>
~o
<STREAMINFO> 1 39
<VECSIZE> 39<NULLD><MFCC_D_A_0><DIAGC>
~h "ah"
<BEGINHMM>
<NUMSTATES> 5
<STATE> 2
<MEAN> 39
 -1.482153e+01 -4.840369e+00 -1.352290e+00 -1.900384e+00 -3.439133e+00 1.951444e+00 -3.308817e+00 1.566136e+00 9.246753e-01 -1.487434e+00 9.171197e-01 -5.602113e-01 2.903960e+01 6.538842e-01 1.176461e-01 3.230371e-01 1.035465e-01 -2.918641e-02 2.022129e-01 -6.310027e-02 3.448275e-02 1.433664e-01 -1.379488e-01 9.001509e-02 -2.843926e-02 4.876592e-01 4.642468e-02 3.445944e-02 2.756233e-02 -1.631732e-02 -4.563392e-02 -3.011277e-02 -3.133649e-02 1.199977e-02 -1.615176e-02 3.037088e-02 -9.741710e-03 -1.912050e-02 2.806750e-02
<VARIANCE> 39
 1.485083e+02 4.338527e+01 5.251279e+01 1.106785e+01 1.692313e+01 3.301443e+01 3.278521e+01 1.333156e+01 1.526735e+01 1.925857e+01 1.410261e+01 1.403698e+01 1.548132e+02 8.846661e+00 5.788012e+00 4.271116e+00 1.259642e+00 1.669136e+00 2.857863e+00 2.943384e+00 1.793076e+00 1.149410e+00 1.782452e+00 1.415732e+00 1.576269e+00 1.074779e+01 1.519339e+00 1.019242e+00 7.451493e-01 2.196814e-01 3.034239e-01 5.310624e-01 5.148859e-01 3.441792e-01 2.327980e-01 3.316764e-01 2.595868e-01 3.084743e-01 1.812184e+00
<GCONST> 1.185521e+02
<STATE> 3
<MEAN> 39
 3.853032e+00 -3.783956e+00 7.552393e+00 -6.262636e-01 -6.860341e+00 7.972988e+00 -5.764647e+00 1.717467e+00 1.202543e+00 -5.629903e+00 2.963065e+00 -3.331451e+00 4.420609e+01 -3.380551e-01 2.533507e+00 -4.294930e-01 6.626374e-01 6.748737e-01 -1.057629e+00 6.915652e-01 -4.404058e-01 -6.299415e-01 3.695909e-01 -2.954687e-01 3.516326e-01 -1.353278e+00 2.172510e-01 -6.273103e-01 4.436288e-01 -6.720915e-02 -8.214903e-02 2.359798e-01 -6.951993e-01 1.136736e-01 6.988267e-02 -2.928215e-01 2.647584e-01 -7.219929e-02 5.524676e-01
<VARIANCE> 39
 2.297458e+01 3.734309e+01 3.381418e+01 1.804050e+01 2.140909e+01 1.818125e+01 2.977547e+01 2.051909e+01 1.418932e+01 1.706300e+01 1.559067e+01 1.746428e+01 4.072768e+01 2.913239e-01 2.450424e+00 1.542996e+00 1.028749e+00 1.515156e+00 2.247581e+00 1.394910e+00 1.190737e+00 1.349123e+00 1.785376e+00 1.325683e+00 1.195720e+00 4.662026e-01 1.229449e-01 3.459361e-01 2.719926e-01 3.892959e-01 3.055320e-01 2.595947e-01 3.160136e-01 3.099870e-01 2.661203e-01 3.001506e-01 3.255724e-01 3.469471e-01 2.472166e-01
<GCONST> 9.809608e+01
<STATE> 4
<MEAN> 39
 1.023909e+00 -4.780849e+00 7.250598e+00 -1.579149e+00 -7.134177e+00 6.818793e+00 -7.356909e+00 1.938612e+00 2.533647e+00 -5.103063e+00 2.799689e+00 -3.199322e+00 4.332466e+01 -1.285972e-02 1.080628e-03 -2.244944e-03 1.475854e-03 2.453034e-03 -3.285457e-03 2.683198e-03 9.290812e-04 1.499811e-03 5.518977e-03 7.766968e-04 2.595602e-03 -1.112711e-02 1.106732e-03 -3.596501e-03 3.274948e-04 -1.017890e-03 -4.756620e-04 1.886658e-03 -7.075935e-04 2.285475e-04 6.283531e-04 -6.613538e-04 8.101783e-04 -2.237925e-04 2.299346e-03
<VARIANCE> 39
 7.363403e+01 3.918150e+01 4.025307e+01 3.498610e+01 3.645978e+01 2.514329e+01 3.772056e+01 2.413010e+01 2.434914e+01 2.520157e+01 1.935982e+01 1.645790e+01 1.044041e+02 1.014337e+00 1.566262e+00 1.540258e+00 1.407111e+00 1.696716e+00 1.670250e+00 1.784588e+00 1.690707e+00 1.690037e+00 1.725162e+00 1.528889e+00 1.320653e+00 1.364104e+00 1.430272e-01 2.679250e-01 2.517551e-01 2.488178e-01 3.059451e-01 3.220852e-01 3.367333e-01 3.199506e-01 3.278270e-01 3.380256e-01 3.029906e-01 2.648346e-01 1.604514e-01
<GCONST> 1.056966e+02
<TRANSP> 5
 0.000000e+00 1.000000e+00 0.000000e+00 0.000000e+00 0.000000e+00
 0.000000e+00 9.664067e-01 3.359328e-02 0.000000e+00 0.000000e+00
 0.000000e+00 0.000000e+00 0.000000e+00 1.000000e+00 0.000000e+00
 0.000000e+00 0.000000e+00 0.000000e+00 9.982034e-01 1.796599e-03
 0.000000e+00 0.000000e+00 0.000000e+00 0.000000e+00 0.000000e+00
<ENDHMM>
~o
<STREAMINFO> 1 39
<VECSIZE> 39<NULLD><MFCC_D_A_0><DIAGC>
~h "b"
<BEGINHMM>
<NUMSTATES> 5
<STATE> 2
<MEAN> 39
 -1.482153e+01 -4.840369e+00 -1.352290e+00 -1.900384e+00 -3.439133e+00 1.951444e+00 -3.308817e+00 1.566136e+00 9.246753e-01 -1.487434e+00 9.171197e-01 -5.602113e-01 2.903960e+01 6.538842e-01 1.176461e-01 3.230371e-01 1.035465e-01 -2.918641e-02 2.022129e-01 -6.310027e-02 3.448275e-02 1.433664e-01 -1.379488e-01 9.001509e-02 -2.843926e-02 4.876592e-01 4.642468e-02 3.445944e-02 2.756233e-02 -1.631732e-02 -4.563392e-02 -3.011277e-02 -3.133649e-02 1.199977e-02 -1.615176e-02 3.037088e-02 -9.741710e-03 -1.912050e-02 2.806750e-02
<VARIANCE> 39
 1.485083e+02 4.338527e+01 5.251279e+01 1.106785e+01 1.692313e+01 3.301443e+01 3.278521e+01 1.333156e+01 1.526735e+01 1.925857e+01 1.410261e+01 1.403698e+01 1.548132e+02 8.846661e+00 5.788012e+00 4.271116e+00 1.259642e+00 1.669136e+00 2.857863e+00 2.943384e+00 1.793076e+00 1.149410e+00 1.782452e+00 1.415732e+00 1.576269e+00 1.074779e+01 1.519339e+00 1.019242e+00 7.451493e-01 2.196814e-01 3.034239e-01 5.310624e-01 5.148859e-01 3.441792e-01 2.327980e-01 3.316764e-01 2.595868e-01 3.084743e-01 1.812184e+00
<GCONST> 1.185521e+02
<STATE> 3
<MEAN> 39
 3.853032e+00 -3.783956e+00 7.552393e+00 -6.262636e-01 -6.860341e+00 7.972988e+00 -5.764647e+00 1.717467e+00 1.202543e+00 -5.629903e+00 2.963065e+00 -3.331451e+00 4.420609e+01 -3.380551e-01 2.533507e+00 -4.294930e-01 6.626374e-01 6.748737e-01 -1.057629e+00 6.915652e-01 -4.404058e-01 -6.299415e-01 3.695909e-01 -2.954687e-01 3.516326e-01 -1.353278e+00 2.172510e-01 -6.273103e-01 4.436288e-01 -6.720915e-02 -8.214903e-02 2.359798e-01 -6.951993e-01 1.136736e-01 6.988267e-02 -2.928215e-01 2.647584e-01 -7.219929e-02 5.524676e-01
<VARIANCE> 39
 2.297458e+01 3.734309e+01 3.381418e+01 1.804050e+01 2.140909e+01 1.818125e+01 2.977547e+01 2.051909e+01 1.418932e+01 1.706300e+01 1.559067e+01 1.746428e+01 4.072768e+01 2.913239e-01 2.450424e+00 1.542996e+00 1.028749e+00 1.515156e+00 2.247581e+00 1.394910e+00 1.190737e+00 1.349123e+00 1.785376e+00 1.325683e+00 1.195720e+00 4.662026e-01 1.229449e-01 3.459361e-01 2.719926e-01 3.892959e-01 3.055320e-01 2.595947e-01 3.160136e-01 3.099870e-01 2.661203e-01 3.001506e-01 3.255724e-01 3.469471e-01 2.472166e-01
<GCONST> 9.809608e+01
<STATE> 4
<MEAN> 39
 1.023909e+00 -4.780849e+00 7.250598e+00 -1.579149e+00 -7.134177e+00 6.818793e+00 -7.356909e+00 1.938612e+00 2.533647e+00 -5.103063e+00 2.799689e+00 -3.199322e+00 4.332466e+01 -1.285972e-02 1.080628e-03 -2.244944e-03 1.475854e-03 2.453034e-03 -3.285457e-03 2.683198e-03 9.290812e-04 1.499811e-03 5.518977e-03 7.766968e-04 2.595602e-03 -1.112711e-02 1.106732e-03 -3.596501e-03 3.274948e-04 -1.017890e-03 -4.756620e-04 1.886658e-03 -7.075935e-04 2.285475e-04 6.283531e-04 -6.613538e-04 8.101783e-04 -2.237925e-04 2.299346e-03
<VARIANCE> 39
 7.363403e+01 3.918150e+01 4.025307e+01 3.498610e+01 3.645978e+01 2.514329e+01 3.772056e+01 2.413010e+01 2.434914e+01 2.520157e+01 1.935982e+01 1.645790e+01 1.044041e+02 1.014337e+00 1.566262e+00 1.540258e+00 1.407111e+00 1.696716e+00 1.670250e+00 1.784588e+00 1.690707e+00 1.690037e+00 1.725162e+00 1.528889e+00 1.320653e+00 1.364104e+00 1.430272e-01 2.679250e-01 2.517551e-01 2.488178e-01 3.059451e-01 3.220852e-01 3.367333e-01 3.199506e-01 3.278270e-01 3.380256e-01 3.029906e-01 2.648346e-01 1.604514e-01
<GCONST> 1.056966e+02
<TRANSP> 5
 0.000000e+00 1.000000e+00 0.000000e+00 0.000000e+00 0.000000e+00
 0.000000e+00 9.664067e-01 3.359328e-02 0.000000e+00 0.000000e+00
 0.000000e+00 0.000000e+00 0.000000e+00 1.000000e+00 0.000000e+00
 0.000000e+00 0.000000e+00 0.000000e+00 9.982034e-01 1.796599e-03
 0.000000e+00 0.000000e+00 0.000000e+00 0.000000e+00 0.000000e+00
<ENDHMM>
~o
<STREAMINFO> 1 39
<VECSIZE> 39<NULLD><MFCC_D_A_0><DIAGC>
~h "d"
<BEGINHMM>
<NUMSTATES> 5
<STATE> 2
<MEAN> 39
 -1.482153e+01 -4.840369e+00 -1.352290e+00 -1.900384e+00 -3.439133e+00 1.951444e+00 -3.308817e+00 1.566136e+00 9.246753e-01 -1.487434e+00 9.171197e-01 -5.602113e-01 2.903960e+01 6.538842e-01 1.176461e-01 3.230371e-01 1.035465e-01 -2.918641e-02 2.022129e-01 -6.310027e-02 3.448275e-02 1.433664e-01 -1.379488e-01 9.001509e-02 -2.843926e-02 4.876592e-01 4.642468e-02 3.445944e-02 2.756233e-02 -1.631732e-02 -4.563392e-02 -3.011277e-02 -3.133649e-02 1.199977e-02 -1.615176e-02 3.037088e-02 -9.741710e-03 -1.912050e-02 2.806750e-02
<VARIANCE> 39
 1.485083e+02 4.338527e+01 5.251279e+01 1.106785e+01 1.692313e+01 3.301443e+01 3.278521e+01 1.333156e+01 1.526735e+01 1.925857e+01 1.410261e+01 1.403698e+01 1.548132e+02 8.846661e+00 5.788012e+00 4.271116e+00 1.259642e+00 1.669136e+00 2.857863e+00 2.943384e+00 1.793076e+00 1.149410e+00 1.782452e+00 1.415732e+00 1.576269e+00 1.074779e+01 1.519339e+00 1.019242e+00 7.451493e-01 2.196814e-01 3.034239e-01 5.310624e-01 5.148859e-01 3.441792e-01 2.327980e-01 3.316764e-01 2.595868e-01 3.084743e-01 1.812184e+00
<GCONST> 1.185521e+02
<STATE> 3
<MEAN> 39
 3.853032e+00 -3.783956e+00 7.552393e+00 -6.262636e-01 -6.860341e+00 7.972988e+00 -5.764647e+00 1.717467e+00 1.202543e+00 -5.629903e+00 2.963065e+00 -3.331451e+00 4.420609e+01 -3.380551e-01 2.533507e+00 -4.294930e-01 6.626374e-01 6.748737e-01 -1.057629e+00 6.915652e-01 -4.404058e-01 -6.299415e-01 3.695909e-01 -2.954687e-01 3.516326e-01 -1.353278e+00 2.172510e-01 -6.273103e-01 4.436288e-01 -6.720915e-02 -8.214903e-02 2.359798e-01 -6.951993e-01 1.136736e-01 6.988267e-02 -2.928215e-01 2.647584e-01 -7.219929e-02 5.524676e-01
<VARIANCE> 39
 2.297458e+01 3.734309e+01 3.381418e+01 1.804050e+01 2.140909e+01 1.818125e+01 2.977547e+01 2.051909e+01 1.418932e+01 1.706300e+01 1.559067e+01 1.746428e+01 4.072768e+01 2.913239e-01 2.450424e+00 1.542996e+00 1.028749e+00 1.515156e+00 2.247581e+00 1.394910e+00 1.190737e+00 1.349123e+00 1.785376e+00 1.325683e+00 1.195720e+00 4.662026e-01 1.229449e-01 3.459361e-01 2.719926e-01 3.892959e-01 3.055320e-01 2.595947e-01 3.160136e-01 3.099870e-01 2.661203e-01 3.001506e-01 3.255724e-01 3.469471e-01 2.472166e-01
<GCONST> 9.809608e+01
<STATE> 4
<MEAN> 39
 1.023909e+00 -4.780849e+00 7.250598e+00 -1.579149e+00 -7.134177e+00 6.818793e+00 -7.356909e+00 1.938612e+00 2.533647e+00 -5.103063e+00 2.799689e+00 -3.199322e+00 4.332466e+01 -1.285972e-02 1.080628e-03 -2.244944e-03 1.475854e-03 2.453034e-03 -3.285457e-03 2.683198e-03 9.290812e-04 1.499811e-03 5.518977e-03 7.766968e-04 2.595602e-03 -1.112711e-02 1.106732e-03 -3.596501e-03 3.274948e-04 -1.017890e-03 -4.756620e-04 1.886658e-03 -7.075935e-04 2.285475e-04 6.283531e-04 -6.613538e-04 8.101783e-04 -2.237925e-04 2.299346e-03
<VARIANCE> 39
 7.363403e+01 3.918150e+01 4.025307e+01 3.498610e+01 3.645978e+01 2.514329e+01 3.772056e+01 2.413010e+01 2.434914e+01 2.520157e+01 1.935982e+01 1.645790e+01 1.044041e+02 1.014337e+00 1.566262e+00 1.540258e+00 1.407111e+00 1.696716e+00 1.670250e+00 1.784588e+00 1.690707e+00 1.690037e+00 1.725162e+00 1.528889e+00 1.320653e+00 1.364104e+00 1.430272e-01 2.679250e-01 2.517551e-01 2.488178e-01 3.059451e-01 3.220852e-01 3.367333e-01 3.199506e-01 3.278270e-01 3.380256e-01 3.029906e-01 2.648346e-01 1.604514e-01
<GCONST> 1.056966e+02
<TRANSP> 5
 0.000000e+00 1.000000e+00 0.000000e+00 0.000000e+00 0.000000e+00
 0.000000e+00 9.664067e-01 3.359328e-02 0.000000e+00 0.000000e+00
 0.000000e+00 0.000000e+00 0.000000e+00 1.000000e+00 0.000000e+00
 0.000000e+00 0.000000e+00 0.000000e+00 9.982034e-01 1.796599e-03
 0.000000e+00 0.000000e+00 0.000000e+00 0.000000e+00 0.000000e+00
<ENDHMM>
~o
<STREAMINFO> 1 39
<VECSIZE> 39<NULLD><MFCC_D_A_0><DIAGC>
~h "eh"
<BEGINHMM>
<NUMSTATES> 5
<STATE> 2
<MEAN> 39
 -1.482153e+01 -4.840369e+00 -1.352290e+00 -1.900384e+00 -3.439133e+00 1.951444e+00 -3.308817e+00 1.566136e+00 9.246753e-01 -1.487434e+00 9.171197e-01 -5.602113e-01 2.903960e+01 6.538842e-01 1.176461e-01 3.230371e-01 1.035465e-01 -2.918641e-02 2.022129e-01 -6.310027e-02 3.448275e-02 1.433664e-01 -1.379488e-01 9.001509e-02 -2.843926e-02 4.876592e-01 4.642468e-02 3.445944e-02 2.756233e-02 -1.631732e-02 -4.563392e-02 -3.011277e-02 -3.133649e-02 1.199977e-02 -1.615176e-02 3.037088e-02 -9.741710e-03 -1.912050e-02 2.806750e-02
<VARIANCE> 39
 1.485083e+02 4.338527e+01 5.251279e+01 1.106785e+01 1.692313e+01 3.301443e+01 3.278521e+01 1.333156e+01 1.526735e+01 1.925857e+01 1.410261e+01 1.403698e+01 1.548132e+02 8.846661e+00 5.788012e+00 4.271116e+00 1.259642e+00 1.669136e+00 2.857863e+00 2.943384e+00 1.793076e+00 1.149410e+00 1.782452e+00 1.415732e+00 1.576269e+00 1.074779e+01 1.519339e+00 1.019242e+00 7.451493e-01 2.196814e-01 3.034239e-01 5.310624e-01 5.148859e-01 3.441792e-01 2.327980e-01 3.316764e-01 2.595868e-01 3.084743e-01 1.812184e+00
<GCONST> 1.185521e+02
<STATE> 3
<MEAN> 39
 3.853032e+00 -3.783956e+00 7.552393e+00 -6.262636e-01 -6.860341e+00 7.972988e+00 -5.764647e+00 1.717467e+00 1.202543e+00 -5.629903e+00 2.963065e+00 -3.331451e+00 4.420609e+01 -3.380551e-01 2.533507e+00 -4.294930e-01 6.626374e-01 6.748737e-01 -1.057629e+00 6.915652e-01 -4.404058e-01 -6.299415e-01 3.695909e-01 -2.954687e-01 3.516326e-01 -1.353278e+00 2.172510e-01 -6.273103e-01 4.436288e-01 -6.720915e-02 -8.214903e-02 2.359798e-01 -6.951993e-01 1.136736e-01 6.988267e-02 -2.928215e-01 2.647584e-01 -7.219929e-02 5.524676e-01
<VARIANCE> 39
 2.297458e+01 3.734309e+01 3.381418e+01 1.804050e+01 2.140909e+01 1.818125e+01 2.977547e+01 2.051909e+01 1.418932e+01 1.706300e+01 1.559067e+01 1.746428e+01 4.072768e+01 2.913239e-01 2.450424e+00 1.542996e+00 1.028749e+00 1.515156e+00 2.247581e+00 1.394910e+00 1.190737e+00 1.349123e+00 1.785376e+00 1.325683e+00 1.195720e+00 4.662026e-01 1.229449e-01 3.459361e-01 2.719926e-01 3.892959e-01 3.055320e-01 2.595947e-01 3.160136e-01 3.099870e-01 2.661203e-01 3.001506e-01 3.255724e-01 3.469471e-01 2.472166e-01
<GCONST> 9.809608e+01
<STATE> 4
<MEAN> 39
 1.023909e+00 -4.780849e+00 7.250598e+00 -1.579149e+00 -7.134177e+00 6.818793e+00 -7.356909e+00 1.938612e+00 2.533647e+00 -5.103063e+00 2.799689e+00 -3.199322e+00 4.332466e+01 -1.285972e-02 1.080628e-03 -2.244944e-03 1.475854e-03 2.453034e-03 -3.285457e-03 2.683198e-03 9.290812e-04 1.499811e-03 5.518977e-03 7.766968e-04 2.595602e-03 -1.112711e-02 1.106732e-03 -3.596501e-03 3.274948e-04 -1.017890e-03 -4.756620e-04 1.886658e-03 -7.075935e-04 2.285475e-04 6.283531e-04 -6.613538e-04 8.101783e-04 -2.237925e-04 2.299346e-03
<VARIANCE> 39
 7.363403e+01 3.918150e+01 4.025307e+01 3.498610e+01 3.645978e+01 2.514329e+01 3.772056e+01 2.413010e+01 2.434914e+01 2.520157e+01 1.935982e+01 1.645790e+01 1.044041e+02 1.014337e+00 1.566262e+00 1.540258e+00 1.407111e+00 1.696716e+00 1.670250e+00 1.784588e+00 1.690707e+00 1.690037e+00 1.725162e+00 1.528889e+00 1.320653e+00 1.364104e+00 1.430272e-01 2.679250e-01 2.517551e-01 2.488178e-01 3.059451e-01 3.220852e-01 3.367333e-01 3.199506e-01 3.278270e-01 3.380256e-01 3.029906e-01 2.648346e-01 1.604514e-01
<GCONST> 1.056966e+02
<TRANSP> 5
 0.000000e+00 1.000000e+00 0.000000e+00 0.000000e+00 0.000000e+00
 0.000000e+00 9.664067e-01 3.359328e-02 0.000000e+00 0.000000e+00
 0.000000e+00 0.000000e+00 0.000000e+00 1.000000e+00 0.000000e+00
 0.000000e+00 0.000000e+00 0.000000e+00 9.982034e-01 1.796599e-03
 0.000000e+00 0.000000e+00 0.000000e+00 0.000000e+00 0.000000e+00
<ENDHMM>
~o
<STREAMINFO> 1 39
<VECSIZE> 39<NULLD><MFCC_D_A_0><DIAGC>
~h "g"
<BEGINHMM>
<NUMSTATES> 5
<STATE> 2
<MEAN> 39
 -1.482153e+01 -4.840369e+00 -1.352290e+00 -1.900384e+00 -3.439133e+00 1.951444e+00 -3.308817e+00 1.566136e+00 9.246753e-01 -1.487434e+00 9.171197e-01 -5.602113e-01 2.903960e+01 6.538842e-01 1.176461e-01 3.230371e-01 1.035465e-01 -2.918641e-02 2.022129e-01 -6.310027e-02 3.448275e-02 1.433664e-01 -1.379488e-01 9.001509e-02 -2.843926e-02 4.876592e-01 4.642468e-02 3.445944e-02 2.756233e-02 -1.631732e-02 -4.563392e-02 -3.011277e-02 -3.133649e-02 1.199977e-02 -1.615176e-02 3.037088e-02 -9.741710e-03 -1.912050e-02 2.806750e-02
<VARIANCE> 39
 1.485083e+02 4.338527e+01 5.251279e+01 1.106785e+01 1.692313e+01 3.301443e+01 3.278521e+01 1.333156e+01 1.526735e+01 1.925857e+01 1.410261e+01 1.403698e+01 1.548132e+02 8.846661e+00 5.788012e+00 4.271116e+00 1.259642e+00 1.669136e+00 2.857863e+00 2.943384e+00 1.793076e+00 1.149410e+00 1.782452e+00 1.415732e+00 1.576269e+00 1.074779e+01 1.519339e+00 1.019242e+00 7.451493e-01 2.196814e-01 3.034239e-01 5.310624e-01 5.148859e-01 3.441792e-01 2.327980e-01 3.316764e-01 2.595868e-01 3.084743e-01 1.812184e+00
<GCONST> 1.185521e+02
<STATE> 3
<MEAN> 39
 3.853032e+00 -3.783956e+00 7.552393e+00 -6.262636e-01 -6.860341e+00 7.972988e+00 -5.764647e+00 1.717467e+00 1.202543e+00 -5.629903e+00 2.963065e+00 -3.331451e+00 4.420609e+01 -3.380551e-01 2.533507e+00 -4.294930e-01 6.626374e-01 6.748737e-01 -1.057629e+00 6.915652e-01 -4.404058e-01 -6.299415e-01 3.695909e-01 -2.954687e-01 3.516326e-01 -1.353278e+00 2.172510e-01 -6.273103e-01 4.436288e-01 -6.720915e-02 -8.214903e-02 2.359798e-01 -6.951993e-01 1.136736e-01 6.988267e-02 -2.928215e-01 2.647584e-01 -7.219929e-02 5.524676e-01
<VARIANCE> 39
 2.297458e+01 3.734309e+01 3.381418e+01 1.804050e+01 2.140909e+01 1.818125e+01 2.977547e+01 2.051909e+01 1.418932e+01 1.706300e+01 1.559067e+01 1.746428e+01 4.072768e+01 2.913239e-01 2.450424e+00 1.542996e+00 1.028749e+00 1.515156e+00 2.247581e+00 1.394910e+00 1.190737e+00 1.349123e+00 1.785376e+00 1.325683e+00 1.195720e+00 4.662026e-01 1.229449e-01 3.459361e-01 2.719926e-01 3.892959e-01 3.055320e-01 2.595947e-01 3.160136e-01 3.099870e-01 2.661203e-01 3.001506e-01 3.255724e-01 3.469471e-01 2.472166e-01
<GCONST> 9.809608e+01
<STATE> 4
<MEAN> 39
 1.023909e+00 -4.780849e+00 7.250598e+00 -1.579149e+00 -7.134177e+00 6.818793e+00 -7.356909e+00 1.938612e+00 2.533647e+00 -5.103063e+00 2.799689e+00 -3.199322e+00 4.332466e+01 -1.285972e-02 1.080628e-03 -2.244944e-03 1.475854e-03 2.453034e-03 -3.285457e-03 2.683198e-03 9.290812e-04 1.499811e-03 5.518977e-03 7.766968e-04 2.595602e-03 -1.112711e-02 1.106732e-03 -3.596501e-03 3.274948e-04 -1.017890e-03 -4.756620e-04 1.886658e-03 -7.075935e-04 2.285475e-04 6.283531e-04 -6.613538e-04 8.101783e-04 -2.237925e-04 2.299346e-03
<VARIANCE> 39
 7.363403e+01 3.918150e+01 4.025307e+01 3.498610e+01 3.645978e+01 2.514329e+01 3.772056e+01 2.413010e+01 2.434914e+01 2.520157e+01 1.935982e+01 1.645790e+01 1.044041e+02 1.014337e+00 1.566262e+00 1.540258e+00 1.407111e+00 1.696716e+00 1.670250e+00 1.784588e+00 1.690707e+00 1.690037e+00 1.725162e+00 1.528889e+00 1.320653e+00 1.364104e+00 1.430272e-01 2.679250e-01 2.517551e-01 2.488178e-01 3.059451e-01 3.220852e-01 3.367333e-01 3.199506e-01 3.278270e-01 3.380256e-01 3.029906e-01 2.648346e-01 1.604514e-01
<GCONST> 1.056966e+02
<TRANSP> 5
 0.000000e+00 1.000000e+00 0.000000e+00 0.000000e+00 0.000000e+00
 0.000000e+00 9.664067e-01 3.359328e-02 0.000000e+00 0.000000e+00
 0.000000e+00 0.000000e+00 0.000000e+00 1.000000e+00 0.000000e+00
 0.000000e+00 0.000000e+00 0.000000e+00 9.982034e-01 1.796599e-03
 0.000000e+00 0.000000e+00 0.000000e+00 0.000000e+00 0.000000e+00
<ENDHMM>
~o
<STREAMINFO> 1 39
<VECSIZE> 39<NULLD><MFCC_D_A_0><DIAGC>
~h "h"
<BEGINHMM>
<NUMSTATES> 5
<STATE> 2
<MEAN> 39
 -1.482153e+01 -4.840369e+00 -1.352290e+00 -1.900384e+00 -3.439133e+00 1.951444e+00 -3.308817e+00 1.566136e+00 9.246753e-01 -1.487434e+00 9.171197e-01 -5.602113e-01 2.903960e+01 6.538842e-01 1.176461e-01 3.230371e-01 1.035465e-01 -2.918641e-02 2.022129e-01 -6.310027e-02 3.448275e-02 1.433664e-01 -1.379488e-01 9.001509e-02 -2.843926e-02 4.876592e-01 4.642468e-02 3.445944e-02 2.756233e-02 -1.631732e-02 -4.563392e-02 -3.011277e-02 -3.133649e-02 1.199977e-02 -1.615176e-02 3.037088e-02 -9.741710e-03 -1.912050e-02 2.806750e-02
<VARIANCE> 39
 1.485083e+02 4.338527e+01 5.251279e+01 1.106785e+01 1.692313e+01 3.301443e+01 3.278521e+01 1.333156e+01 1.526735e+01 1.925857e+01 1.410261e+01 1.403698e+01 1.548132e+02 8.846661e+00 5.788012e+00 4.271116e+00 1.259642e+00 1.669136e+00 2.857863e+00 2.943384e+00 1.793076e+00 1.149410e+00 1.782452e+00 1.415732e+00 1.576269e+00 1.074779e+01 1.519339e+00 1.019242e+00 7.451493e-01 2.196814e-01 3.034239e-01 5.310624e-01 5.148859e-01 3.441792e-01 2.327980e-01 3.316764e-01 2.595868e-01 3.084743e-01 1.812184e+00
<GCONST> 1.185521e+02
<STATE> 3
<MEAN> 39
 3.853032e+00 -3.783956e+00 7.552393e+00 -6.262636e-01 -6.860341e+00 7.972988e+00 -5.764647e+00 1.717467e+00 1.202543e+00 -5.629903e+00 2.963065e+00 -3.331451e+00 4.420609e+01 -3.380551e-01 2.533507e+00 -4.294930e-01 6.626374e-01 6.748737e-01 -1.057629e+00 6.915652e-01 -4.404058e-01 -6.299415e-01 3.695909e-01 -2.954687e-01 3.516326e-01 -1.353278e+00 2.172510e-01 -6.273103e-01 4.436288e-01 -6.720915e-02 -8.214903e-02 2.359798e-01 -6.951993e-01 1.136736e-01 6.988267e-02 -2.928215e-01 2.647584e-01 -7.219929e-02 5.524676e-01
<VARIANCE> 39
 2.297458e+01 3.734309e+01 3.381418e+01 1.804050e+01 2.140909e+01 1.818125e+01 2.977547e+01 2.051909e+01 1.418932e+01 1.706300e+01 1.559067e+01 1.746428e+01 4.072768e+01 2.913239e-01 2.450424e+00 1.542996e+00 1.028749e+00 1.515156e+00 2.247581e+00 1.394910e+00 1.190737e+00 1.349123e+00 1.785376e+00 1.325683e+00 1.195720e+00 4.662026e-01 1.229449e-01 3.459361e-01 2.719926e-01 3.892959e-01 3.055320e-01 2.595947e-01 3.160136e-01 3.099870e-01 2.661203e-01 3.001506e-01 3.255724e-01 3.469471e-01 2.472166e-01
<GCONST> 9.809608e+01
<STATE> 4
<MEAN> 39
 1.023909e+00 -4.780849e+00 7.250598e+00 -1.579149e+00 -7.134177e+00 6.818793e+00 -7.356909e+00 1.938612e+00 2.533647e+00 -5.103063e+00 2.799689e+00 -3.199322e+00 4.332466e+01 -1.285972e-02 1.080628e-03 -2.244944e-03 1.475854e-03 2.453034e-03 -3.285457e-03 2.683198e-03 9.290812e-04 1.499811e-03 5.518977e-03 7.766968e-04 2.595602e-03 -1.112711e-02 1.106732e-03 -3.596501e-03 3.274948e-04 -1.017890e-03 -4.756620e-04 1.886658e-03 -7.075935e-04 2.285475e-04 6.283531e-04 -6.613538e-04 8.101783e-04 -2.237925e-04 2.299346e-03
<VARIANCE> 39
 7.363403e+01 3.918150e+01 4.025307e+01 3.498610e+01 3.645978e+01 2.514329e+01 3.772056e+01 2.413010e+01 2.434914e+01 2.520157e+01 1.935982e+01 1.645790e+01 1.044041e+02 1.014337e+00 1.566262e+00 1.540258e+00 1.407111e+00 1.696716e+00 1.670250e+00 1.784588e+00 1.690707e+00 1.690037e+00 1.725162e+00 1.528889e+00 1.320653e+00 1.364104e+00 1.430272e-01 2.679250e-01 2.517551e-01 2.488178e-01 3.059451e-01 3.220852e-01 3.367333e-01 3.199506e-01 3.278270e-01 3.380256e-01 3.029906e-01 2.648346e-01 1.604514e-01
<GCONST> 1.056966e+02
<TRANSP> 5
 0.000000e+00 1.000000e+00 0.000000e+00 0.000000e+00 0.000000e+00
 0.000000e+00 9.664067e-01 3.359328e-02 0.000000e+00 0.000000e+00
 0.000000e+00 0.000000e+00 0.000000e+00 1.000000e+00 0.000000e+00
 0.000000e+00 0.000000e+00 0.000000e+00 9.982034e-01 1.796599e-03
 0.000000e+00 0.000000e+00 0.000000e+00 0.000000e+00 0.000000e+00
<ENDHMM>
~o
<STREAMINFO> 1 39
<VECSIZE> 39<NULLD><MFCC_D_A_0><DIAGC>
~h "ih"
<BEGINHMM>
<NUMSTATES> 5
<STATE> 2
<MEAN> 39
 -1.482153e+01 -4.840369e+00 -1.352290e+00 -1.900384e+00 -3.439133e+00 1.951444e+00 -3.308817e+00 1.566136e+00 9.246753e-01 -1.487434e+00 9.171197e-01 -5.602113e-01 2.903960e+01 6.538842e-01 1.176461e-01 3.230371e-01 1.035465e-01 -2.918641e-02 2.022129e-01 -6.310027e-02 3.448275e-02 1.433664e-01 -1.379488e-01 9.001509e-02 -2.843926e-02 4.876592e-01 4.642468e-02 3.445944e-02 2.756233e-02 -1.631732e-02 -4.563392e-02 -3.011277e-02 -3.133649e-02 1.199977e-02 -1.615176e-02 3.037088e-02 -9.741710e-03 -1.912050e-02 2.806750e-02
<VARIANCE> 39
 1.485083e+02 4.338527e+01 5.251279e+01 1.106785e+01 1.692313e+01 3.301443e+01 3.278521e+01 1.333156e+01 1.526735e+01 1.925857e+01 1.410261e+01 1.403698e+01 1.548132e+02 8.846661e+00 5.788012e+00 4.271116e+00 1.259642e+00 1.669136e+00 2.857863e+00 2.943384e+00 1.793076e+00 1.149410e+00 1.782452e+00 1.415732e+00 1.576269e+00 1.074779e+01 1.519339e+00 1.019242e+00 7.451493e-01 2.196814e-01 3.034239e-01 5.310624e-01 5.148859e-01 3.441792e-01 2.327980e-01 3.316764e-01 2.595868e-01 3.084743e-01 1.812184e+00
<GCONST> 1.185521e+02
<STATE> 3
<MEAN> 39
 3.853032e+00 -3.783956e+00 7.552393e+00 -6.262636e-01 -6.860341e+00 7.972988e+00 -5.764647e+00 1.717467e+00 1.202543e+00 -5.629903e+00 2.963065e+00 -3.331451e+00 4.420609e+01 -3.380551e-01 2.533507e+00 -4.294930e-01 6.626374e-01 6.748737e-01 -1.057629e+00 6.915652e-01 -4.404058e-01 -6.299415e-01 3.695909e-01 -2.954687e-01 3.516326e-01 -1.353278e+00 2.172510e-01 -6.273103e-01 4.436288e-01 -6.720915e-02 -8.214903e-02 2.359798e-01 -6.951993e-01 1.136736e-01 6.988267e-02 -2.928215e-01 2.647584e-01 -7.219929e-02 5.524676e-01
<VARIANCE> 39
 2.297458e+01 3.734309e+01 3.381418e+01 1.804050e+01 2.140909e+01 1.818125e+01 2.977547e+01 2.051909e+01 1.418932e+01 1.706300e+01 1.559067e+01 1.746428e+01 4.072768e+01 2.913239e-01 2.450424e+00 1.542996e+00 1.028749e+00 1.515156e+00 2.247581e+00 1.394910e+00 1.190737e+00 1.349123e+00 1.785376e+00 1.325683e+00 1.195720e+00 4.662026e-01 1.229449e-01 3.459361e-01 2.719926e-01 3.892959e-01 3.055320e-01 2.595947e-01 3.160136e-01 3.099870e-01 2.661203e-01 3.001506e-01 3.255724e-01 3.469471e-01 2.472166e-01
<GCONST> 9.809608e+01
<STATE> 4
<MEAN> 39
 1.023909e+00 -4.780849e+00 7.250598e+00 -1.579149e+00 -7.134177e+00 6.818793e+00 -7.356909e+00 1.938612e+00 2.533647e+00 -5.103063e+00 2.799689e+00 -3.199322e+00 4.332466e+01 -1.285972e-02 1.080628e-03 -2.244944e-03 1.475854e-03 2.453034e-03 -3.285457e-03 2.683198e-03 9.290812e-04 1.499811e-03 5.518977e-03 7.766968e-04 2.595602e-03 -1.112711e-02 1.106732e-03 -3.596501e-03 3.274948e-04 -1.017890e-03 -4.756620e-04 1.886658e-03 -7.075935e-04 2.285475e-04 6.283531e-04 -6.613538e-04 8.101783e-04 -2.237925e-04 2.299346e-03
<VARIANCE> 39
 7.363403e+01 3.918150e+01 4.025307e+01 3.498610e+01 3.645978e+01 2.514329e+01 3.772056e+01 2.413010e+01 2.434914e+01 2.520157e+01 1.935982e+01 1.645790e+01 1.044041e+02 1.014337e+00 1.566262e+00 1.540258e+00 1.407111e+00 1.696716e+00 1.670250e+00 1.784588e+00 1.690707e+00 1.690037e+00 1.725162e+00 1.528889e+00 1.320653e+00 1.364104e+00 1.430272e-01 2.679250e-01 2.517551e-01 2.488178e-01 3.059451e-01 3.220852e-01 3.367333e-01 3.199506e-01 3.278270e-01 3.380256e-01 3.029906e-01 2.648346e-01 1.604514e-01
<GCONST> 1.056966e+02
<TRANSP> 5
 0.000000e+00 1.000000e+00 0.000000e+00 0.000000e+00 0.000000e+00
 0.000000e+00 9.664067e-01 3.359328e-02 0.000000e+00 0.000000e+00
 0.000000e+00 0.000000e+00 0.000000e+00 1.000000e+00 0.000000e+00
 0.000000e+00 0.000000e+00 0.000000e+00 9.982034e-01 1.796599e-03
 0.000000e+00 0.000000e+00 0.000000e+00 0.000000e+00 0.000000e+00
<ENDHMM>
~o
<STREAMINFO> 1 39
<VECSIZE> 39<NULLD><MFCC_D_A_0><DIAGC>
~h "j"
<BEGINHMM>
<NUMSTATES> 5
<STATE> 2
<MEAN> 39
 -1.482153e+01 -4.840369e+00 -1.352290e+00 -1.900384e+00 -3.439133e+00 1.951444e+00 -3.308817e+00 1.566136e+00 9.246753e-01 -1.487434e+00 9.171197e-01 -5.602113e-01 2.903960e+01 6.538842e-01 1.176461e-01 3.230371e-01 1.035465e-01 -2.918641e-02 2.022129e-01 -6.310027e-02 3.448275e-02 1.433664e-01 -1.379488e-01 9.001509e-02 -2.843926e-02 4.876592e-01 4.642468e-02 3.445944e-02 2.756233e-02 -1.631732e-02 -4.563392e-02 -3.011277e-02 -3.133649e-02 1.199977e-02 -1.615176e-02 3.037088e-02 -9.741710e-03 -1.912050e-02 2.806750e-02
<VARIANCE> 39
 1.485083e+02 4.338527e+01 5.251279e+01 1.106785e+01 1.692313e+01 3.301443e+01 3.278521e+01 1.333156e+01 1.526735e+01 1.925857e+01 1.410261e+01 1.403698e+01 1.548132e+02 8.846661e+00 5.788012e+00 4.271116e+00 1.259642e+00 1.669136e+00 2.857863e+00 2.943384e+00 1.793076e+00 1.149410e+00 1.782452e+00 1.415732e+00 1.576269e+00 1.074779e+01 1.519339e+00 1.019242e+00 7.451493e-01 2.196814e-01 3.034239e-01 5.310624e-01 5.148859e-01 3.441792e-01 2.327980e-01 3.316764e-01 2.595868e-01 3.084743e-01 1.812184e+00
<GCONST> 1.185521e+02
<STATE> 3
<MEAN> 39
 3.853032e+00 -3.783956e+00 7.552393e+00 -6.262636e-01 -6.860341e+00 7.972988e+00 -5.764647e+00 1.717467e+00 1.202543e+00 -5.629903e+00 2.963065e+00 -3.331451e+00 4.420609e+01 -3.380551e-01 2.533507e+00 -4.294930e-01 6.626374e-01 6.748737e-01 -1.057629e+00 6.915652e-01 -4.404058e-01 -6.299415e-01 3.695909e-01 -2.954687e-01 3.516326e-01 -1.353278e+00 2.172510e-01 -6.273103e-01 4.436288e-01 -6.720915e-02 -8.214903e-02 2.359798e-01 -6.951993e-01 1.136736e-01 6.988267e-02 -2.928215e-01 2.647584e-01 -7.219929e-02 5.524676e-01
<VARIANCE> 39
 2.297458e+01 3.734309e+01 3.381418e+01 1.804050e+01 2.140909e+01 1.818125e+01 2.977547e+01 2.051909e+01 1.418932e+01 1.706300e+01 1.559067e+01 1.746428e+01 4.072768e+01 2.913239e-01 2.450424e+00 1.542996e+00 1.028749e+00 1.515156e+00 2.247581e+00 1.394910e+00 1.190737e+00 1.349123e+00 1.785376e+00 1.325683e+00 1.195720e+00 4.662026e-01 1.229449e-01 3.459361e-01 2.719926e-01 3.892959e-01 3.055320e-01 2.595947e-01 3.160136e-01 3.099870e-01 2.661203e-01 3.001506e-01 3.255724e-01 3.469471e-01 2.472166e-01
<GCONST> 9.809608e+01
<STATE> 4
<MEAN> 39
 1.023909e+00 -4.780849e+00 7.250598e+00 -1.579149e+00 -7.134177e+00 6.818793e+00 -7.356909e+00 1.938612e+00 2.533647e+00 -5.103063e+00 2.799689e+00 -3.199322e+00 4.332466e+01 -1.285972e-02 1.080628e-03 -2.244944e-03 1.475854e-03 2.453034e-03 -3.285457e-03 2.683198e-03 9.290812e-04 1.499811e-03 5.518977e-03 7.766968e-04 2.595602e-03 -1.112711e-02 1.106732e-03 -3.596501e-03 3.274948e-04 -1.017890e-03 -4.756620e-04 1.886658e-03 -7.075935e-04 2.285475e-04 6.283531e-04 -6.613538e-04 8.101783e-04 -2.237925e-04 2.299346e-03
<VARIANCE> 39
 7.363403e+01 3.918150e+01 4.025307e+01 3.498610e+01 3.645978e+01 2.514329e+01 3.772056e+01 2.413010e+01 2.434914e+01 2.520157e+01 1.935982e+01 1.645790e+01 1.044041e+02 1.014337e+00 1.566262e+00 1.540258e+00 1.407111e+00 1.696716e+00 1.670250e+00 1.784588e+00 1.690707e+00 1.690037e+00 1.725162e+00 1.528889e+00 1.320653e+00 1.364104e+00 1.430272e-01 2.679250e-01 2.517551e-01 2.488178e-01 3.059451e-01 3.220852e-01 3.367333e-01 3.199506e-01 3.278270e-01 3.380256e-01 3.029906e-01 2.648346e-01 1.604514e-01
<GCONST> 1.056966e+02
<TRANSP> 5
 0.000000e+00 1.000000e+00 0.000000e+00 0.000000e+00 0.000000e+00
 0.000000e+00 9.664067e-01 3.359328e-02 0.000000e+00 0.000000e+00
 0.000000e+00 0.000000e+00 0.000000e+00 1.000000e+00 0.000000e+00
 0.000000e+00 0.000000e+00 0.000000e+00 9.982034e-01 1.796599e-03
 0.000000e+00 0.000000e+00 0.000000e+00 0.000000e+00 0.000000e+00
<ENDHMM>
~o
<STREAMINFO> 1 39
<VECSIZE> 39<NULLD><MFCC_D_A_0><DIAGC>
~h "k"
<BEGINHMM>
<NUMSTATES> 5
<STATE> 2
<MEAN> 39
 -1.482153e+01 -4.840369e+00 -1.352290e+00 -1.900384e+00 -3.439133e+00 1.951444e+00 -3.308817e+00 1.566136e+00 9.246753e-01 -1.487434e+00 9.171197e-01 -5.602113e-01 2.903960e+01 6.538842e-01 1.176461e-01 3.230371e-01 1.035465e-01 -2.918641e-02 2.022129e-01 -6.310027e-02 3.448275e-02 1.433664e-01 -1.379488e-01 9.001509e-02 -2.843926e-02 4.876592e-01 4.642468e-02 3.445944e-02 2.756233e-02 -1.631732e-02 -4.563392e-02 -3.011277e-02 -3.133649e-02 1.199977e-02 -1.615176e-02 3.037088e-02 -9.741710e-03 -1.912050e-02 2.806750e-02
<VARIANCE> 39
 1.485083e+02 4.338527e+01 5.251279e+01 1.106785e+01 1.692313e+01 3.301443e+01 3.278521e+01 1.333156e+01 1.526735e+01 1.925857e+01 1.410261e+01 1.403698e+01 1.548132e+02 8.846661e+00 5.788012e+00 4.271116e+00 1.259642e+00 1.669136e+00 2.857863e+00 2.943384e+00 1.793076e+00 1.149410e+00 1.782452e+00 1.415732e+00 1.576269e+00 1.074779e+01 1.519339e+00 1.019242e+00 7.451493e-01 2.196814e-01 3.034239e-01 5.310624e-01 5.148859e-01 3.441792e-01 2.327980e-01 3.316764e-01 2.595868e-01 3.084743e-01 1.812184e+00
<GCONST> 1.185521e+02
<STATE> 3
<MEAN> 39
 3.853032e+00 -3.783956e+00 7.552393e+00 -6.262636e-01 -6.860341e+00 7.972988e+00 -5.764647e+00 1.717467e+00 1.202543e+00 -5.629903e+00 2.963065e+00 -3.331451e+00 4.420609e+01 -3.380551e-01 2.533507e+00 -4.294930e-01 6.626374e-01 6.748737e-01 -1.057629e+00 6.915652e-01 -4.404058e-01 -6.299415e-01 3.695909e-01 -2.954687e-01 3.516326e-01 -1.353278e+00 2.172510e-01 -6.273103e-01 4.436288e-01 -6.720915e-02 -8.214903e-02 2.359798e-01 -6.951993e-01 1.136736e-01 6.988267e-02 -2.928215e-01 2.647584e-01 -7.219929e-02 5.524676e-01
<VARIANCE> 39
 2.297458e+01 3.734309e+01 3.381418e+01 1.804050e+01 2.140909e+01 1.818125e+01 2.977547e+01 2.051909e+01 1.418932e+01 1.706300e+01 1.559067e+01 1.746428e+01 4.072768e+01 2.913239e-01 2.450424e+00 1.542996e+00 1.028749e+00 1.515156e+00 2.247581e+00 1.394910e+00 1.190737e+00 1.349123e+00 1.785376e+00 1.325683e+00 1.195720e+00 4.662026e-01 1.229449e-01 3.459361e-01 2.719926e-01 3.892959e-01 3.055320e-01 2.595947e-01 3.160136e-01 3.099870e-01 2.661203e-01 3.001506e-01 3.255724e-01 3.469471e-01 2.472166e-01
<GCONST> 9.809608e+01
<STATE> 4
<MEAN> 39
 1.023909e+00 -4.780849e+00 7.250598e+00 -1.579149e+00 -7.134177e+00 6.818793e+00 -7.356909e+00 1.938612e+00 2.533647e+00 -5.103063e+00 2.799689e+00 -3.199322e+00 4.332466e+01 -1.285972e-02 1.080628e-03 -2.244944e-03 1.475854e-03 2.453034e-03 -3.285457e-03 2.683198e-03 9.290812e-04 1.499811e-03 5.518977e-03 7.766968e-04 2.595602e-03 -1.112711e-02 1.106732e-03 -3.596501e-03 3.274948e-04 -1.017890e-03 -4.756620e-04 1.886658e-03 -7.075935e-04 2.285475e-04 6.283531e-04 -6.613538e-04 8.101783e-04 -2.237925e-04 2.299346e-03
<VARIANCE> 39
 7.363403e+01 3.918150e+01 4.025307e+01 3.498610e+01 3.645978e+01 2.514329e+01 3.772056e+01 2.413010e+01 2.434914e+01 2.520157e+01 1.935982e+01 1.645790e+01 1.044041e+02 1.014337e+00 1.566262e+00 1.540258e+00 1.407111e+00 1.696716e+00 1.670250e+00 1.784588e+00 1.690707e+00 1.690037e+00 1.725162e+00 1.528889e+00 1.320653e+00 1.364104e+00 1.430272e-01 2.679250e-01 2.517551e-01 2.488178e-01 3.059451e-01 3.220852e-01 3.367333e-01 3.199506e-01 3.278270e-01 3.380256e-01 3.029906e-01 2.648346e-01 1.604514e-01
<GCONST> 1.056966e+02
<TRANSP> 5
 0.000000e+00 1.000000e+00 0.000000e+00 0.000000e+00 0.000000e+00
 0.000000e+00 9.664067e-01 3.359328e-02 0.000000e+00 0.000000e+00
 0.000000e+00 0.000000e+00 0.000000e+00 1.000000e+00 0.000000e+00
 0.000000e+00 0.000000e+00 0.000000e+00 9.982034e-01 1.796599e-03
 0.000000e+00 0.000000e+00 0.000000e+00 0.000000e+00 0.000000e+00
<ENDHMM>
~o
<STREAMINFO> 1 39
<VECSIZE> 39<NULLD><MFCC_D_A_0><DIAGC>
~h "l"
<BEGINHMM>
<NUMSTATES> 5
<STATE> 2
<MEAN> 39
 -1.482153e+01 -4.840369e+00 -1.352290e+00 -1.900384e+00 -3.439133e+00 1.951444e+00 -3.308817e+00 1.566136e+00 9.246753e-01 -1.487434e+00 9.171197e-01 -5.602113e-01 2.903960e+01 6.538842e-01 1.176461e-01 3.230371e-01 1.035465e-01 -2.918641e-02 2.022129e-01 -6.310027e-02 3.448275e-02 1.433664e-01 -1.379488e-01 9.001509e-02 -2.843926e-02 4.876592e-01 4.642468e-02 3.445944e-02 2.756233e-02 -1.631732e-02 -4.563392e-02 -3.011277e-02 -3.133649e-02 1.199977e-02 -1.615176e-02 3.037088e-02 -9.741710e-03 -1.912050e-02 2.806750e-02
<VARIANCE> 39
 1.485083e+02 4.338527e+01 5.251279e+01 1.106785e+01 1.692313e+01 3.301443e+01 3.278521e+01 1.333156e+01 1.526735e+01 1.925857e+01 1.410261e+01 1.403698e+01 1.548132e+02 8.846661e+00 5.788012e+00 4.271116e+00 1.259642e+00 1.669136e+00 2.857863e+00 2.943384e+00 1.793076e+00 1.149410e+00 1.782452e+00 1.415732e+00 1.576269e+00 1.074779e+01 1.519339e+00 1.019242e+00 7.451493e-01 2.196814e-01 3.034239e-01 5.310624e-01 5.148859e-01 3.441792e-01 2.327980e-01 3.316764e-01 2.595868e-01 3.084743e-01 1.812184e+00
<GCONST> 1.185521e+02
<STATE> 3
<MEAN> 39
 3.853032e+00 -3.783956e+00 7.552393e+00 -6.262636e-01 -6.860341e+00 7.972988e+00 -5.764647e+00 1.717467e+00 1.202543e+00 -5.629903e+00 2.963065e+00 -3.331451e+00 4.420609e+01 -3.380551e-01 2.533507e+00 -4.294930e-01 6.626374e-01 6.748737e-01 -1.057629e+00 6.915652e-01 -4.404058e-01 -6.299415e-01 3.695909e-01 -2.954687e-01 3.516326e-01 -1.353278e+00 2.172510e-01 -6.273103e-01 4.436288e-01 -6.720915e-02 -8.214903e-02 2.359798e-01 -6.951993e-01 1.136736e-01 6.988267e-02 -2.928215e-01 2.647584e-01 -7.219929e-02 5.524676e-01
<VARIANCE> 39
 2.297458e+01 3.734309e+01 3.381418e+01 1.804050e+01 2.140909e+01 1.818125e+01 2.977547e+01 2.051909e+01 1.418932e+01 1.706300e+01 1.559067e+01 1.746428e+01 4.072768e+01 2.913239e-01 2.450424e+00 1.542996e+00 1.028749e+00 1.515156e+00 2.247581e+00 1.394910e+00 1.190737e+00 1.349123e+00 1.785376e+00 1.325683e+00 1.195720e+00 4.662026e-01 1.229449e-01 3.459361e-01 2.719926e-01 3.892959e-01 3.055320e-01 2.595947e-01 3.160136e-01 3.099870e-01 2.661203e-01 3.001506e-01 3.255724e-01 3.469471e-01 2.472166e-01
<GCONST> 9.809608e+01
<STATE> 4
<MEAN> 39
 1.023909e+00 -4.780849e+00 7.250598e+00 -1.579149e+00 -7.134177e+00 6.818793e+00 -7.356909e+00 1.938612e+00 2.533647e+00 -5.103063e+00 2.799689e+00 -3.199322e+00 4.332466e+01 -1.285972e-02 1.080628e-03 -2.244944e-03 1.475854e-03 2.453034e-03 -3.285457e-03 2.683198e-03 9.290812e-04 1.499811e-03 5.518977e-03 7.766968e-04 2.595602e-03 -1.112711e-02 1.106732e-03 -3.596501e-03 3.274948e-04 -1.017890e-03 -4.756620e-04 1.886658e-03 -7.075935e-04 2.285475e-04 6.283531e-04 -6.613538e-04 8.101783e-04 -2.237925e-04 2.299346e-03
<VARIANCE> 39
 7.363403e+01 3.918150e+01 4.025307e+01 3.498610e+01 3.645978e+01 2.514329e+01 3.772056e+01 2.413010e+01 2.434914e+01 2.520157e+01 1.935982e+01 1.645790e+01 1.044041e+02 1.014337e+00 1.566262e+00 1.540258e+00 1.407111e+00 1.696716e+00 1.670250e+00 1.784588e+00 1.690707e+00 1.690037e+00 1.725162e+00 1.528889e+00 1.320653e+00 1.364104e+00 1.430272e-01 2.679250e-01 2.517551e-01 2.488178e-01 3.059451e-01 3.220852e-01 3.367333e-01 3.199506e-01 3.278270e-01 3.380256e-01 3.029906e-01 2.648346e-01 1.604514e-01
<GCONST> 1.056966e+02
<TRANSP> 5
 0.000000e+00 1.000000e+00 0.000000e+00 0.000000e+00 0.000000e+00
 0.000000e+00 9.664067e-01 3.359328e-02 0.000000e+00 0.000000e+00
 0.000000e+00 0.000000e+00 0.000000e+00 1.000000e+00 0.000000e+00
 0.000000e+00 0.000000e+00 0.000000e+00 9.982034e-01 1.796599e-03
 0.000000e+00 0.000000e+00 0.000000e+00 0.000000e+00 0.000000e+00
<ENDHMM>
~o
<STREAMINFO> 1 39
<VECSIZE> 39<NULLD><MFCC_D_A_0><DIAGC>
~h "m"
<BEGINHMM>
<NUMSTATES> 5
<STATE> 2
<MEAN> 39
 -1.482153e+01 -4.840369e+00 -1.352290e+00 -1.900384e+00 -3.439133e+00 1.951444e+00 -3.308817e+00 1.566136e+00 9.246753e-01 -1.487434e+00 9.171197e-01 -5.602113e-01 2.903960e+01 6.538842e-01 1.176461e-01 3.230371e-01 1.035465e-01 -2.918641e-02 2.022129e-01 -6.310027e-02 3.448275e-02 1.433664e-01 -1.379488e-01 9.001509e-02 -2.843926e-02 4.876592e-01 4.642468e-02 3.445944e-02 2.756233e-02 -1.631732e-02 -4.563392e-02 -3.011277e-02 -3.133649e-02 1.199977e-02 -1.615176e-02 3.037088e-02 -9.741710e-03 -1.912050e-02 2.806750e-02
<VARIANCE> 39
 1.485083e+02 4.338527e+01 5.251279e+01 1.106785e+01 1.692313e+01 3.301443e+01 3.278521e+01 1.333156e+01 1.526735e+01 1.925857e+01 1.410261e+01 1.403698e+01 1.548132e+02 8.846661e+00 5.788012e+00 4.271116e+00 1.259642e+00 1.669136e+00 2.857863e+00 2.943384e+00 1.793076e+00 1.149410e+00 1.782452e+00 1.415732e+00 1.576269e+00 1.074779e+01 1.519339e+00 1.019242e+00 7.451493e-01 2.196814e-01 3.034239e-01 5.310624e-01 5.148859e-01 3.441792e-01 2.327980e-01 3.316764e-01 2.595868e-01 3.084743e-01 1.812184e+00
<GCONST> 1.185521e+02
<STATE> 3
<MEAN> 39
 3.853032e+00 -3.783956e+00 7.552393e+00 -6.262636e-01 -6.860341e+00 7.972988e+00 -5.764647e+00 1.717467e+00 1.202543e+00 -5.629903e+00 2.963065e+00 -3.331451e+00 4.420609e+01 -3.380551e-01 2.533507e+00 -4.294930e-01 6.626374e-01 6.748737e-01 -1.057629e+00 6.915652e-01 -4.404058e-01 -6.299415e-01 3.695909e-01 -2.954687e-01 3.516326e-01 -1.353278e+00 2.172510e-01 -6.273103e-01 4.436288e-01 -6.720915e-02 -8.214903e-02 2.359798e-01 -6.951993e-01 1.136736e-01 6.988267e-02 -2.928215e-01 2.647584e-01 -7.219929e-02 5.524676e-01
<VARIANCE> 39
 2.297458e+01 3.734309e+01 3.381418e+01 1.804050e+01 2.140909e+01 1.818125e+01 2.977547e+01 2.051909e+01 1.418932e+01 1.706300e+01 1.559067e+01 1.746428e+01 4.072768e+01 2.913239e-01 2.450424e+00 1.542996e+00 1.028749e+00 1.515156e+00 2.247581e+00 1.394910e+00 1.190737e+00 1.349123e+00 1.785376e+00 1.325683e+00 1.195720e+00 4.662026e-01 1.229449e-01 3.459361e-01 2.719926e-01 3.892959e-01 3.055320e-01 2.595947e-01 3.160136e-01 3.099870e-01 2.661203e-01 3.001506e-01 3.255724e-01 3.469471e-01 2.472166e-01
<GCONST> 9.809608e+01
<STATE> 4
<MEAN> 39
 1.023909e+00 -4.780849e+00 7.250598e+00 -1.579149e+00 -7.134177e+00 6.818793e+00 -7.356909e+00 1.938612e+00 2.533647e+00 -5.103063e+00 2.799689e+00 -3.199322e+00 4.332466e+01 -1.285972e-02 1.080628e-03 -2.244944e-03 1.475854e-03 2.453034e-03 -3.285457e-03 2.683198e-03 9.290812e-04 1.499811e-03 5.518977e-03 7.766968e-04 2.595602e-03 -1.112711e-02 1.106732e-03 -3.596501e-03 3.274948e-04 -1.017890e-03 -4.756620e-04 1.886658e-03 -7.075935e-04 2.285475e-04 6.283531e-04 -6.613538e-04 8.101783e-04 -2.237925e-04 2.299346e-03
<VARIANCE> 39
 7.363403e+01 3.918150e+01 4.025307e+01 3.498610e+01 3.645978e+01 2.514329e+01 3.772056e+01 2.413010e+01 2.434914e+01 2.520157e+01 1.935982e+01 1.645790e+01 1.044041e+02 1.014337e+00 1.566262e+00 1.540258e+00 1.407111e+00 1.696716e+00 1.670250e+00 1.784588e+00 1.690707e+00 1.690037e+00 1.725162e+00 1.528889e+00 1.320653e+00 1.364104e+00 1.430272e-01 2.679250e-01 2.517551e-01 2.488178e-01 3.059451e-01 3.220852e-01 3.367333e-01 3.199506e-01 3.278270e-01 3.380256e-01 3.029906e-01 2.648346e-01 1.604514e-01
<GCONST> 1.056966e+02
<TRANSP> 5
 0.000000e+00 1.000000e+00 0.000000e+00 0.000000e+00 0.000000e+00
 0.000000e+00 9.664067e-01 3.359328e-02 0.000000e+00 0.000000e+00
 0.000000e+00 0.000000e+00 0.000000e+00 1.000000e+00 0.000000e+00
 0.000000e+00 0.000000e+00 0.000000e+00 9.982034e-01 1.796599e-03
 0.000000e+00 0.000000e+00 0.000000e+00 0.000000e+00 0.000000e+00
<ENDHMM>
~o
<STREAMINFO> 1 39
<VECSIZE> 39<NULLD><MFCC_D_A_0><DIAGC>
~h "n"
<BEGINHMM>
<NUMSTATES> 5
<STATE> 2
<MEAN> 39
 -1.482153e+01 -4.840369e+00 -1.352290e+00 -1.900384e+00 -3.439133e+00 1.951444e+00 -3.308817e+00 1.566136e+00 9.246753e-01 -1.487434e+00 9.171197e-01 -5.602113e-01 2.903960e+01 6.538842e-01 1.176461e-01 3.230371e-01 1.035465e-01 -2.918641e-02 2.022129e-01 -6.310027e-02 3.448275e-02 1.433664e-01 -1.379488e-01 9.001509e-02 -2.843926e-02 4.876592e-01 4.642468e-02 3.445944e-02 2.756233e-02 -1.631732e-02 -4.563392e-02 -3.011277e-02 -3.133649e-02 1.199977e-02 -1.615176e-02 3.037088e-02 -9.741710e-03 -1.912050e-02 2.806750e-02
<VARIANCE> 39
 1.485083e+02 4.338527e+01 5.251279e+01 1.106785e+01 1.692313e+01 3.301443e+01 3.278521e+01 1.333156e+01 1.526735e+01 1.925857e+01 1.410261e+01 1.403698e+01 1.548132e+02 8.846661e+00 5.788012e+00 4.271116e+00 1.259642e+00 1.669136e+00 2.857863e+00 2.943384e+00 1.793076e+00 1.149410e+00 1.782452e+00 1.415732e+00 1.576269e+00 1.074779e+01 1.519339e+00 1.019242e+00 7.451493e-01 2.196814e-01 3.034239e-01 5.310624e-01 5.148859e-01 3.441792e-01 2.327980e-01 3.316764e-01 2.595868e-01 3.084743e-01 1.812184e+00
<GCONST> 1.185521e+02
<STATE> 3
<MEAN> 39
 3.853032e+00 -3.783956e+00 7.552393e+00 -6.262636e-01 -6.860341e+00 7.972988e+00 -5.764647e+00 1.717467e+00 1.202543e+00 -5.629903e+00 2.963065e+00 -3.331451e+00 4.420609e+01 -3.380551e-01 2.533507e+00 -4.294930e-01 6.626374e-01 6.748737e-01 -1.057629e+00 6.915652e-01 -4.404058e-01 -6.299415e-01 3.695909e-01 -2.954687e-01 3.516326e-01 -1.353278e+00 2.172510e-01 -6.273103e-01 4.436288e-01 -6.720915e-02 -8.214903e-02 2.359798e-01 -6.951993e-01 1.136736e-01 6.988267e-02 -2.928215e-01 2.647584e-01 -7.219929e-02 5.524676e-01
<VARIANCE> 39
 2.297458e+01 3.734309e+01 3.381418e+01 1.804050e+01 2.140909e+01 1.818125e+01 2.977547e+01 2.051909e+01 1.418932e+01 1.706300e+01 1.559067e+01 1.746428e+01 4.072768e+01 2.913239e-01 2.450424e+00 1.542996e+00 1.028749e+00 1.515156e+00 2.247581e+00 1.394910e+00 1.190737e+00 1.349123e+00 1.785376e+00 1.325683e+00 1.195720e+00 4.662026e-01 1.229449e-01 3.459361e-01 2.719926e-01 3.892959e-01 3.055320e-01 2.595947e-01 3.160136e-01 3.099870e-01 2.661203e-01 3.001506e-01 3.255724e-01 3.469471e-01 2.472166e-01
<GCONST> 9.809608e+01
<STATE> 4
<MEAN> 39
 1.023909e+00 -4.780849e+00 7.250598e+00 -1.579149e+00 -7.134177e+00 6.818793e+00 -7.356909e+00 1.938612e+00 2.533647e+00 -5.103063e+00 2.799689e+00 -3.199322e+00 4.332466e+01 -1.285972e-02 1.080628e-03 -2.244944e-03 1.475854e-03 2.453034e-03 -3.285457e-03 2.683198e-03 9.290812e-04 1.499811e-03 5.518977e-03 7.766968e-04 2.595602e-03 -1.112711e-02 1.106732e-03 -3.596501e-03 3.274948e-04 -1.017890e-03 -4.756620e-04 1.886658e-03 -7.075935e-04 2.285475e-04 6.283531e-04 -6.613538e-04 8.101783e-04 -2.237925e-04 2.299346e-03
<VARIANCE> 39
 7.363403e+01 3.918150e+01 4.025307e+01 3.498610e+01 3.645978e+01 2.514329e+01 3.772056e+01 2.413010e+01 2.434914e+01 2.520157e+01 1.935982e+01 1.645790e+01 1.044041e+02 1.014337e+00 1.566262e+00 1.540258e+00 1.407111e+00 1.696716e+00 1.670250e+00 1.784588e+00 1.690707e+00 1.690037e+00 1.725162e+00 1.528889e+00 1.320653e+00 1.364104e+00 1.430272e-01 2.679250e-01 2.517551e-01 2.488178e-01 3.059451e-01 3.220852e-01 3.367333e-01 3.199506e-01 3.278270e-01 3.380256e-01 3.029906e-01 2.648346e-01 1.604514e-01
<GCONST> 1.056966e+02
<TRANSP> 5
 0.000000e+00 1.000000e+00 0.000000e+00 0.000000e+00 0.000000e+00
 0.000000e+00 9.664067e-01 3.359328e-02 0.000000e+00 0.000000e+00
 0.000000e+00 0.000000e+00 0.000000e+00 1.000000e+00 0.000000e+00
 0.000000e+00 0.000000e+00 0.000000e+00 9.982034e-01 1.796599e-03
 0.000000e+00 0.000000e+00 0.000000e+00 0.000000e+00 0.000000e+00
<ENDHMM>
~o
<STREAMINFO> 1 39
<VECSIZE> 39<NULLD><MFCC_D_A_0><DIAGC>
~h "ng"
<BEGINHMM>
<NUMSTATES> 5
<STATE> 2
<MEAN> 39
 -1.482153e+01 -4.840369e+00 -1.352290e+00 -1.900384e+00 -3.439133e+00 1.951444e+00 -3.308817e+00 1.566136e+00 9.246753e-01 -1.487434e+00 9.171197e-01 -5.602113e-01 2.903960e+01 6.538842e-01 1.176461e-01 3.230371e-01 1.035465e-01 -2.918641e-02 2.022129e-01 -6.310027e-02 3.448275e-02 1.433664e-01 -1.379488e-01 9.001509e-02 -2.843926e-02 4.876592e-01 4.642468e-02 3.445944e-02 2.756233e-02 -1.631732e-02 -4.563392e-02 -3.011277e-02 -3.133649e-02 1.199977e-02 -1.615176e-02 3.037088e-02 -9.741710e-03 -1.912050e-02 2.806750e-02
<VARIANCE> 39
 1.485083e+02 4.338527e+01 5.251279e+01 1.106785e+01 1.692313e+01 3.301443e+01 3.278521e+01 1.333156e+01 1.526735e+01 1.925857e+01 1.410261e+01 1.403698e+01 1.548132e+02 8.846661e+00 5.788012e+00 4.271116e+00 1.259642e+00 1.669136e+00 2.857863e+00 2.943384e+00 1.793076e+00 1.149410e+00 1.782452e+00 1.415732e+00 1.576269e+00 1.074779e+01 1.519339e+00 1.019242e+00 7.451493e-01 2.196814e-01 3.034239e-01 5.310624e-01 5.148859e-01 3.441792e-01 2.327980e-01 3.316764e-01 2.595868e-01 3.084743e-01 1.812184e+00
<GCONST> 1.185521e+02
<STATE> 3
<MEAN> 39
 3.853032e+00 -3.783956e+00 7.552393e+00 -6.262636e-01 -6.860341e+00 7.972988e+00 -5.764647e+00 1.717467e+00 1.202543e+00 -5.629903e+00 2.963065e+00 -3.331451e+00 4.420609e+01 -3.380551e-01 2.533507e+00 -4.294930e-01 6.626374e-01 6.748737e-01 -1.057629e+00 6.915652e-01 -4.404058e-01 -6.299415e-01 3.695909e-01 -2.954687e-01 3.516326e-01 -1.353278e+00 2.172510e-01 -6.273103e-01 4.436288e-01 -6.720915e-02 -8.214903e-02 2.359798e-01 -6.951993e-01 1.136736e-01 6.988267e-02 -2.928215e-01 2.647584e-01 -7.219929e-02 5.524676e-01
<VARIANCE> 39
 2.297458e+01 3.734309e+01 3.381418e+01 1.804050e+01 2.140909e+01 1.818125e+01 2.977547e+01 2.051909e+01 1.418932e+01 1.706300e+01 1.559067e+01 1.746428e+01 4.072768e+01 2.913239e-01 2.450424e+00 1.542996e+00 1.028749e+00 1.515156e+00 2.247581e+00 1.394910e+00 1.190737e+00 1.349123e+00 1.785376e+00 1.325683e+00 1.195720e+00 4.662026e-01 1.229449e-01 3.459361e-01 2.719926e-01 3.892959e-01 3.055320e-01 2.595947e-01 3.160136e-01 3.099870e-01 2.661203e-01 3.001506e-01 3.255724e-01 3.469471e-01 2.472166e-01
<GCONST> 9.809608e+01
<STATE> 4
<MEAN> 39
 1.023909e+00 -4.780849e+00 7.250598e+00 -1.579149e+00 -7.134177e+00 6.818793e+00 -7.356909e+00 1.938612e+00 2.533647e+00 -5.103063e+00 2.799689e+00 -3.199322e+00 4.332466e+01 -1.285972e-02 1.080628e-03 -2.244944e-03 1.475854e-03 2.453034e-03 -3.285457e-03 2.683198e-03 9.290812e-04 1.499811e-03 5.518977e-03 7.766968e-04 2.595602e-03 -1.112711e-02 1.106732e-03 -3.596501e-03 3.274948e-04 -1.017890e-03 -4.756620e-04 1.886658e-03 -7.075935e-04 2.285475e-04 6.283531e-04 -6.613538e-04 8.101783e-04 -2.237925e-04 2.299346e-03
<VARIANCE> 39
 7.363403e+01 3.918150e+01 4.025307e+01 3.498610e+01 3.645978e+01 2.514329e+01 3.772056e+01 2.413010e+01 2.434914e+01 2.520157e+01 1.935982e+01 1.645790e+01 1.044041e+02 1.014337e+00 1.566262e+00 1.540258e+00 1.407111e+00 1.696716e+00 1.670250e+00 1.784588e+00 1.690707e+00 1.690037e+00 1.725162e+00 1.528889e+00 1.320653e+00 1.364104e+00 1.430272e-01 2.679250e-01 2.517551e-01 2.488178e-01 3.059451e-01 3.220852e-01 3.367333e-01 3.199506e-01 3.278270e-01 3.380256e-01 3.029906e-01 2.648346e-01 1.604514e-01
<GCONST> 1.056966e+02
<TRANSP> 5
 0.000000e+00 1.000000e+00 0.000000e+00 0.000000e+00 0.000000e+00
 0.000000e+00 9.664067e-01 3.359328e-02 0.000000e+00 0.000000e+00
 0.000000e+00 0.000000e+00 0.000000e+00 1.000000e+00 0.000000e+00
 0.000000e+00 0.000000e+00 0.000000e+00 9.982034e-01 1.796599e-03
 0.000000e+00 0.000000e+00 0.000000e+00 0.000000e+00 0.000000e+00
<ENDHMM>
~o
<STREAMINFO> 1 39
<VECSIZE> 39<NULLD><MFCC_D_A_0><DIAGC>
~h "oh"
<BEGINHMM>
<NUMSTATES> 5
<STATE> 2
<MEAN> 39
 -1.482153e+01 -4.840369e+00 -1.352290e+00 -1.900384e+00 -3.439133e+00 1.951444e+00 -3.308817e+00 1.566136e+00 9.246753e-01 -1.487434e+00 9.171197e-01 -5.602113e-01 2.903960e+01 6.538842e-01 1.176461e-01 3.230371e-01 1.035465e-01 -2.918641e-02 2.022129e-01 -6.310027e-02 3.448275e-02 1.433664e-01 -1.379488e-01 9.001509e-02 -2.843926e-02 4.876592e-01 4.642468e-02 3.445944e-02 2.756233e-02 -1.631732e-02 -4.563392e-02 -3.011277e-02 -3.133649e-02 1.199977e-02 -1.615176e-02 3.037088e-02 -9.741710e-03 -1.912050e-02 2.806750e-02
<VARIANCE> 39
 1.485083e+02 4.338527e+01 5.251279e+01 1.106785e+01 1.692313e+01 3.301443e+01 3.278521e+01 1.333156e+01 1.526735e+01 1.925857e+01 1.410261e+01 1.403698e+01 1.548132e+02 8.846661e+00 5.788012e+00 4.271116e+00 1.259642e+00 1.669136e+00 2.857863e+00 2.943384e+00 1.793076e+00 1.149410e+00 1.782452e+00 1.415732e+00 1.576269e+00 1.074779e+01 1.519339e+00 1.019242e+00 7.451493e-01 2.196814e-01 3.034239e-01 5.310624e-01 5.148859e-01 3.441792e-01 2.327980e-01 3.316764e-01 2.595868e-01 3.084743e-01 1.812184e+00
<GCONST> 1.185521e+02
<STATE> 3
<MEAN> 39
 3.853032e+00 -3.783956e+00 7.552393e+00 -6.262636e-01 -6.860341e+00 7.972988e+00 -5.764647e+00 1.717467e+00 1.202543e+00 -5.629903e+00 2.963065e+00 -3.331451e+00 4.420609e+01 -3.380551e-01 2.533507e+00 -4.294930e-01 6.626374e-01 6.748737e-01 -1.057629e+00 6.915652e-01 -4.404058e-01 -6.299415e-01 3.695909e-01 -2.954687e-01 3.516326e-01 -1.353278e+00 2.172510e-01 -6.273103e-01 4.436288e-01 -6.720915e-02 -8.214903e-02 2.359798e-01 -6.951993e-01 1.136736e-01 6.988267e-02 -2.928215e-01 2.647584e-01 -7.219929e-02 5.524676e-01
<VARIANCE> 39
 2.297458e+01 3.734309e+01 3.381418e+01 1.804050e+01 2.140909e+01 1.818125e+01 2.977547e+01 2.051909e+01 1.418932e+01 1.706300e+01 1.559067e+01 1.746428e+01 4.072768e+01 2.913239e-01 2.450424e+00 1.542996e+00 1.028749e+00 1.515156e+00 2.247581e+00 1.394910e+00 1.190737e+00 1.349123e+00 1.785376e+00 1.325683e+00 1.195720e+00 4.662026e-01 1.229449e-01 3.459361e-01 2.719926e-01 3.892959e-01 3.055320e-01 2.595947e-01 3.160136e-01 3.099870e-01 2.661203e-01 3.001506e-01 3.255724e-01 3.469471e-01 2.472166e-01
<GCONST> 9.809608e+01
<STATE> 4
<MEAN> 39
 1.023909e+00 -4.780849e+00 7.250598e+00 -1.579149e+00 -7.134177e+00 6.818793e+00 -7.356909e+00 1.938612e+00 2.533647e+00 -5.103063e+00 2.799689e+00 -3.199322e+00 4.332466e+01 -1.285972e-02 1.080628e-03 -2.244944e-03 1.475854e-03 2.453034e-03 -3.285457e-03 2.683198e-03 9.290812e-04 1.499811e-03 5.518977e-03 7.766968e-04 2.595602e-03 -1.112711e-02 1.106732e-03 -3.596501e-03 3.274948e-04 -1.017890e-03 -4.756620e-04 1.886658e-03 -7.075935e-04 2.285475e-04 6.283531e-04 -6.613538e-04 8.101783e-04 -2.237925e-04 2.299346e-03
<VARIANCE> 39
 7.363403e+01 3.918150e+01 4.025307e+01 3.498610e+01 3.645978e+01 2.514329e+01 3.772056e+01 2.413010e+01 2.434914e+01 2.520157e+01 1.935982e+01 1.645790e+01 1.044041e+02 1.014337e+00 1.566262e+00 1.540258e+00 1.407111e+00 1.696716e+00 1.670250e+00 1.784588e+00 1.690707e+00 1.690037e+00 1.725162e+00 1.528889e+00 1.320653e+00 1.364104e+00 1.430272e-01 2.679250e-01 2.517551e-01 2.488178e-01 3.059451e-01 3.220852e-01 3.367333e-01 3.199506e-01 3.278270e-01 3.380256e-01 3.029906e-01 2.648346e-01 1.604514e-01
<GCONST> 1.056966e+02
<TRANSP> 5
 0.000000e+00 1.000000e+00 0.000000e+00 0.000000e+00 0.000000e+00
 0.000000e+00 9.664067e-01 3.359328e-02 0.000000e+00 0.000000e+00
 0.000000e+00 0.000000e+00 0.000000e+00 1.000000e+00 0.000000e+00
 0.000000e+00 0.000000e+00 0.000000e+00 9.982034e-01 1.796599e-03
 0.000000e+00 0.000000e+00 0.000000e+00 0.000000e+00 0.000000e+00
<ENDHMM>
~o
<STREAMINFO> 1 39
<VECSIZE> 39<NULLD><MFCC_D_A_0><DIAGC>
~h "p"
<BEGINHMM>
<NUMSTATES> 5
<STATE> 2
<MEAN> 39
 -1.482153e+01 -4.840369e+00 -1.352290e+00 -1.900384e+00 -3.439133e+00 1.951444e+00 -3.308817e+00 1.566136e+00 9.246753e-01 -1.487434e+00 9.171197e-01 -5.602113e-01 2.903960e+01 6.538842e-01 1.176461e-01 3.230371e-01 1.035465e-01 -2.918641e-02 2.022129e-01 -6.310027e-02 3.448275e-02 1.433664e-01 -1.379488e-01 9.001509e-02 -2.843926e-02 4.876592e-01 4.642468e-02 3.445944e-02 2.756233e-02 -1.631732e-02 -4.563392e-02 -3.011277e-02 -3.133649e-02 1.199977e-02 -1.615176e-02 3.037088e-02 -9.741710e-03 -1.912050e-02 2.806750e-02
<VARIANCE> 39
 1.485083e+02 4.338527e+01 5.251279e+01 1.106785e+01 1.692313e+01 3.301443e+01 3.278521e+01 1.333156e+01 1.526735e+01 1.925857e+01 1.410261e+01 1.403698e+01 1.548132e+02 8.846661e+00 5.788012e+00 4.271116e+00 1.259642e+00 1.669136e+00 2.857863e+00 2.943384e+00 1.793076e+00 1.149410e+00 1.782452e+00 1.415732e+00 1.576269e+00 1.074779e+01 1.519339e+00 1.019242e+00 7.451493e-01 2.196814e-01 3.034239e-01 5.310624e-01 5.148859e-01 3.441792e-01 2.327980e-01 3.316764e-01 2.595868e-01 3.084743e-01 1.812184e+00
<GCONST> 1.185521e+02
<STATE> 3
<MEAN> 39
 3.853032e+00 -3.783956e+00 7.552393e+00 -6.262636e-01 -6.860341e+00 7.972988e+00 -5.764647e+00 1.717467e+00 1.202543e+00 -5.629903e+00 2.963065e+00 -3.331451e+00 4.420609e+01 -3.380551e-01 2.533507e+00 -4.294930e-01 6.626374e-01 6.748737e-01 -1.057629e+00 6.915652e-01 -4.404058e-01 -6.299415e-01 3.695909e-01 -2.954687e-01 3.516326e-01 -1.353278e+00 2.172510e-01 -6.273103e-01 4.436288e-01 -6.720915e-02 -8.214903e-02 2.359798e-01 -6.951993e-01 1.136736e-01 6.988267e-02 -2.928215e-01 2.647584e-01 -7.219929e-02 5.524676e-01
<VARIANCE> 39
 2.297458e+01 3.734309e+01 3.381418e+01 1.804050e+01 2.140909e+01 1.818125e+01 2.977547e+01 2.051909e+01 1.418932e+01 1.706300e+01 1.559067e+01 1.746428e+01 4.072768e+01 2.913239e-01 2.450424e+00 1.542996e+00 1.028749e+00 1.515156e+00 2.247581e+00 1.394910e+00 1.190737e+00 1.349123e+00 1.785376e+00 1.325683e+00 1.195720e+00 4.662026e-01 1.229449e-01 3.459361e-01 2.719926e-01 3.892959e-01 3.055320e-01 2.595947e-01 3.160136e-01 3.099870e-01 2.661203e-01 3.001506e-01 3.255724e-01 3.469471e-01 2.472166e-01
<GCONST> 9.809608e+01
<STATE> 4
<MEAN> 39
 1.023909e+00 -4.780849e+00 7.250598e+00 -1.579149e+00 -7.134177e+00 6.818793e+00 -7.356909e+00 1.938612e+00 2.533647e+00 -5.103063e+00 2.799689e+00 -3.199322e+00 4.332466e+01 -1.285972e-02 1.080628e-03 -2.244944e-03 1.475854e-03 2.453034e-03 -3.285457e-03 2.683198e-03 9.290812e-04 1.499811e-03 5.518977e-03 7.766968e-04 2.595602e-03 -1.112711e-02 1.106732e-03 -3.596501e-03 3.274948e-04 -1.017890e-03 -4.756620e-04 1.886658e-03 -7.075935e-04 2.285475e-04 6.283531e-04 -6.613538e-04 8.101783e-04 -2.237925e-04 2.299346e-03
<VARIANCE> 39
 7.363403e+01 3.918150e+01 4.025307e+01 3.498610e+01 3.645978e+01 2.514329e+01 3.772056e+01 2.413010e+01 2.434914e+01 2.520157e+01 1.935982e+01 1.645790e+01 1.044041e+02 1.014337e+00 1.566262e+00 1.540258e+00 1.407111e+00 1.696716e+00 1.670250e+00 1.784588e+00 1.690707e+00 1.690037e+00 1.725162e+00 1.528889e+00 1.320653e+00 1.364104e+00 1.430272e-01 2.679250e-01 2.517551e-01 2.488178e-01 3.059451e-01 3.220852e-01 3.367333e-01 3.199506e-01 3.278270e-01 3.380256e-01 3.029906e-01 2.648346e-01 1.604514e-01
<GCONST> 1.056966e+02
<TRANSP> 5
 0.000000e+00 1.000000e+00 0.000000e+00 0.000000e+00 0.000000e+00
 0.000000e+00 9.664067e-01 3.359328e-02 0.000000e+00 0.000000e+00
 0.000000e+00 0.000000e+00 0.000000e+00 1.000000e+00 0.000000e+00
 0.000000e+00 0.000000e+00 0.000000e+00 9.982034e-01 1.796599e-03
 0.000000e+00 0.000000e+00 0.000000e+00 0.000000e+00 0.000000e+00
<ENDHMM>
~o
<STREAMINFO> 1 39
<VECSIZE> 39<NULLD><MFCC_D_A_0><DIAGC>
~h "s"
<BEGINHMM>
<NUMSTATES> 5
<STATE> 2
<MEAN> 39
 -1.482153e+01 -4.840369e+00 -1.352290e+00 -1.900384e+00 -3.439133e+00 1.951444e+00 -3.308817e+00 1.566136e+00 9.246753e-01 -1.487434e+00 9.171197e-01 -5.602113e-01 2.903960e+01 6.538842e-01 1.176461e-01 3.230371e-01 1.035465e-01 -2.918641e-02 2.022129e-01 -6.310027e-02 3.448275e-02 1.433664e-01 -1.379488e-01 9.001509e-02 -2.843926e-02 4.876592e-01 4.642468e-02 3.445944e-02 2.756233e-02 -1.631732e-02 -4.563392e-02 -3.011277e-02 -3.133649e-02 1.199977e-02 -1.615176e-02 3.037088e-02 -9.741710e-03 -1.912050e-02 2.806750e-02
<VARIANCE> 39
 1.485083e+02 4.338527e+01 5.251279e+01 1.106785e+01 1.692313e+01 3.301443e+01 3.278521e+01 1.333156e+01 1.526735e+01 1.925857e+01 1.410261e+01 1.403698e+01 1.548132e+02 8.846661e+00 5.788012e+00 4.271116e+00 1.259642e+00 1.669136e+00 2.857863e+00 2.943384e+00 1.793076e+00 1.149410e+00 1.782452e+00 1.415732e+00 1.576269e+00 1.074779e+01 1.519339e+00 1.019242e+00 7.451493e-01 2.196814e-01 3.034239e-01 5.310624e-01 5.148859e-01 3.441792e-01 2.327980e-01 3.316764e-01 2.595868e-01 3.084743e-01 1.812184e+00
<GCONST> 1.185521e+02
<STATE> 3
<MEAN> 39
 3.853032e+00 -3.783956e+00 7.552393e+00 -6.262636e-01 -6.860341e+00 7.972988e+00 -5.764647e+00 1.717467e+00 1.202543e+00 -5.629903e+00 2.963065e+00 -3.331451e+00 4.420609e+01 -3.380551e-01 2.533507e+00 -4.294930e-01 6.626374e-01 6.748737e-01 -1.057629e+00 6.915652e-01 -4.404058e-01 -6.299415e-01 3.695909e-01 -2.954687e-01 3.516326e-01 -1.353278e+00 2.172510e-01 -6.273103e-01 4.436288e-01 -6.720915e-02 -8.214903e-02 2.359798e-01 -6.951993e-01 1.136736e-01 6.988267e-02 -2.928215e-01 2.647584e-01 -7.219929e-02 5.524676e-01
<VARIANCE> 39
 2.297458e+01 3.734309e+01 3.381418e+01 1.804050e+01 2.140909e+01 1.818125e+01 2.977547e+01 2.051909e+01 1.418932e+01 1.706300e+01 1.559067e+01 1.746428e+01 4.072768e+01 2.913239e-01 2.450424e+00 1.542996e+00 1.028749e+00 1.515156e+00 2.247581e+00 1.394910e+00 1.190737e+00 1.349123e+00 1.785376e+00 1.325683e+00 1.195720e+00 4.662026e-01 1.229449e-01 3.459361e-01 2.719926e-01 3.892959e-01 3.055320e-01 2.595947e-01 3.160136e-01 3.099870e-01 2.661203e-01 3.001506e-01 3.255724e-01 3.469471e-01 2.472166e-01
<GCONST> 9.809608e+01
<STATE> 4
<MEAN> 39
 1.023909e+00 -4.780849e+00 7.250598e+00 -1.579149e+00 -7.134177e+00 6.818793e+00 -7.356909e+00 1.938612e+00 2.533647e+00 -5.103063e+00 2.799689e+00 -3.199322e+00 4.332466e+01 -1.285972e-02 1.080628e-03 -2.244944e-03 1.475854e-03 2.453034e-03 -3.285457e-03 2.683198e-03 9.290812e-04 1.499811e-03 5.518977e-03 7.766968e-04 2.595602e-03 -1.112711e-02 1.106732e-03 -3.596501e-03 3.274948e-04 -1.017890e-03 -4.756620e-04 1.886658e-03 -7.075935e-04 2.285475e-04 6.283531e-04 -6.613538e-04 8.101783e-04 -2.237925e-04 2.299346e-03
<VARIANCE> 39
 7.363403e+01 3.918150e+01 4.025307e+01 3.498610e+01 3.645978e+01 2.514329e+01 3.772056e+01 2.413010e+01 2.434914e+01 2.520157e+01 1.935982e+01 1.645790e+01 1.044041e+02 1.014337e+00 1.566262e+00 1.540258e+00 1.407111e+00 1.696716e+00 1.670250e+00 1.784588e+00 1.690707e+00 1.690037e+00 1.725162e+00 1.528889e+00 1.320653e+00 1.364104e+00 1.430272e-01 2.679250e-01 2.517551e-01 2.488178e-01 3.059451e-01 3.220852e-01 3.367333e-01 3.199506e-01 3.278270e-01 3.380256e-01 3.029906e-01 2.648346e-01 1.604514e-01
<GCONST> 1.056966e+02
<TRANSP> 5
 0.000000e+00 1.000000e+00 0.000000e+00 0.000000e+00 0.000000e+00
 0.000000e+00 9.664067e-01 3.359328e-02 0.000000e+00 0.000000e+00
 0.000000e+00 0.000000e+00 0.000000e+00 1.000000e+00 0.000000e+00
 0.000000e+00 0.000000e+00 0.000000e+00 9.982034e-01 1.796599e-03
 0.000000e+00 0.000000e+00 0.000000e+00 0.000000e+00 0.000000e+00
<ENDHMM>
~o
<STREAMINFO> 1 39
<VECSIZE> 39<NULLD><MFCC_D_A_0><DIAGC>
~h "sil"
<BEGINHMM>
<NUMSTATES> 5
<STATE> 2
<MEAN> 39
 -1.482153e+01 -4.840369e+00 -1.352290e+00 -1.900384e+00 -3.439133e+00 1.951444e+00 -3.308817e+00 1.566136e+00 9.246753e-01 -1.487434e+00 9.171197e-01 -5.602113e-01 2.903960e+01 6.538842e-01 1.176461e-01 3.230371e-01 1.035465e-01 -2.918641e-02 2.022129e-01 -6.310027e-02 3.448275e-02 1.433664e-01 -1.379488e-01 9.001509e-02 -2.843926e-02 4.876592e-01 4.642468e-02 3.445944e-02 2.756233e-02 -1.631732e-02 -4.563392e-02 -3.011277e-02 -3.133649e-02 1.199977e-02 -1.615176e-02 3.037088e-02 -9.741710e-03 -1.912050e-02 2.806750e-02
<VARIANCE> 39
 1.485083e+02 4.338527e+01 5.251279e+01 1.106785e+01 1.692313e+01 3.301443e+01 3.278521e+01 1.333156e+01 1.526735e+01 1.925857e+01 1.410261e+01 1.403698e+01 1.548132e+02 8.846661e+00 5.788012e+00 4.271116e+00 1.259642e+00 1.669136e+00 2.857863e+00 2.943384e+00 1.793076e+00 1.149410e+00 1.782452e+00 1.415732e+00 1.576269e+00 1.074779e+01 1.519339e+00 1.019242e+00 7.451493e-01 2.196814e-01 3.034239e-01 5.310624e-01 5.148859e-01 3.441792e-01 2.327980e-01 3.316764e-01 2.595868e-01 3.084743e-01 1.812184e+00
<GCONST> 1.185521e+02
<STATE> 3
<MEAN> 39
 3.853032e+00 -3.783956e+00 7.552393e+00 -6.262636e-01 -6.860341e+00 7.972988e+00 -5.764647e+00 1.717467e+00 1.202543e+00 -5.629903e+00 2.963065e+00 -3.331451e+00 4.420609e+01 -3.380551e-01 2.533507e+00 -4.294930e-01 6.626374e-01 6.748737e-01 -1.057629e+00 6.915652e-01 -4.404058e-01 -6.299415e-01 3.695909e-01 -2.954687e-01 3.516326e-01 -1.353278e+00 2.172510e-01 -6.273103e-01 4.436288e-01 -6.720915e-02 -8.214903e-02 2.359798e-01 -6.951993e-01 1.136736e-01 6.988267e-02 -2.928215e-01 2.647584e-01 -7.219929e-02 5.524676e-01
<VARIANCE> 39
 2.297458e+01 3.734309e+01 3.381418e+01 1.804050e+01 2.140909e+01 1.818125e+01 2.977547e+01 2.051909e+01 1.418932e+01 1.706300e+01 1.559067e+01 1.746428e+01 4.072768e+01 2.913239e-01 2.450424e+00 1.542996e+00 1.028749e+00 1.515156e+00 2.247581e+00 1.394910e+00 1.190737e+00 1.349123e+00 1.785376e+00 1.325683e+00 1.195720e+00 4.662026e-01 1.229449e-01 3.459361e-01 2.719926e-01 3.892959e-01 3.055320e-01 2.595947e-01 3.160136e-01 3.099870e-01 2.661203e-01 3.001506e-01 3.255724e-01 3.469471e-01 2.472166e-01
<GCONST> 9.809608e+01
<STATE> 4
<MEAN> 39
 1.023909e+00 -4.780849e+00 7.250598e+00 -1.579149e+00 -7.134177e+00 6.818793e+00 -7.356909e+00 1.938612e+00 2.533647e+00 -5.103063e+00 2.799689e+00 -3.199322e+00 4.332466e+01 -1.285972e-02 1.080628e-03 -2.244944e-03 1.475854e-03 2.453034e-03 -3.285457e-03 2.683198e-03 9.290812e-04 1.499811e-03 5.518977e-03 7.766968e-04 2.595602e-03 -1.112711e-02 1.106732e-03 -3.596501e-03 3.274948e-04 -1.017890e-03 -4.756620e-04 1.886658e-03 -7.075935e-04 2.285475e-04 6.283531e-04 -6.613538e-04 8.101783e-04 -2.237925e-04 2.299346e-03
<VARIANCE> 39
 7.363403e+01 3.918150e+01 4.025307e+01 3.498610e+01 3.645978e+01 2.514329e+01 3.772056e+01 2.413010e+01 2.434914e+01 2.520157e+01 1.935982e+01 1.645790e+01 1.044041e+02 1.014337e+00 1.566262e+00 1.540258e+00 1.407111e+00 1.696716e+00 1.670250e+00 1.784588e+00 1.690707e+00 1.690037e+00 1.725162e+00 1.528889e+00 1.320653e+00 1.364104e+00 1.430272e-01 2.679250e-01 2.517551e-01 2.488178e-01 3.059451e-01 3.220852e-01 3.367333e-01 3.199506e-01 3.278270e-01 3.380256e-01 3.029906e-01 2.648346e-01 1.604514e-01
<GCONST> 1.056966e+02
<TRANSP> 5
 0.000000e+00 1.000000e+00 0.000000e+00 0.000000e+00 0.000000e+00
 0.000000e+00 9.664067e-01 3.359328e-02 0.000000e+00 0.000000e+00
 0.000000e+00 0.000000e+00 0.000000e+00 1.000000e+00 0.000000e+00
 0.000000e+00 0.000000e+00 0.000000e+00 9.982034e-01 1.796599e-03
 0.000000e+00 0.000000e+00 0.000000e+00 0.000000e+00 0.000000e+00
<ENDHMM>
~o
<STREAMINFO> 1 39
<VECSIZE> 39<NULLD><MFCC_D_A_0><DIAGC>
~h "t"
<BEGINHMM>
<NUMSTATES> 5
<STATE> 2
<MEAN> 39
 -1.482153e+01 -4.840369e+00 -1.352290e+00 -1.900384e+00 -3.439133e+00 1.951444e+00 -3.308817e+00 1.566136e+00 9.246753e-01 -1.487434e+00 9.171197e-01 -5.602113e-01 2.903960e+01 6.538842e-01 1.176461e-01 3.230371e-01 1.035465e-01 -2.918641e-02 2.022129e-01 -6.310027e-02 3.448275e-02 1.433664e-01 -1.379488e-01 9.001509e-02 -2.843926e-02 4.876592e-01 4.642468e-02 3.445944e-02 2.756233e-02 -1.631732e-02 -4.563392e-02 -3.011277e-02 -3.133649e-02 1.199977e-02 -1.615176e-02 3.037088e-02 -9.741710e-03 -1.912050e-02 2.806750e-02
<VARIANCE> 39
 1.485083e+02 4.338527e+01 5.251279e+01 1.106785e+01 1.692313e+01 3.301443e+01 3.278521e+01 1.333156e+01 1.526735e+01 1.925857e+01 1.410261e+01 1.403698e+01 1.548132e+02 8.846661e+00 5.788012e+00 4.271116e+00 1.259642e+00 1.669136e+00 2.857863e+00 2.943384e+00 1.793076e+00 1.149410e+00 1.782452e+00 1.415732e+00 1.576269e+00 1.074779e+01 1.519339e+00 1.019242e+00 7.451493e-01 2.196814e-01 3.034239e-01 5.310624e-01 5.148859e-01 3.441792e-01 2.327980e-01 3.316764e-01 2.595868e-01 3.084743e-01 1.812184e+00
<GCONST> 1.185521e+02
<STATE> 3
<MEAN> 39
 3.853032e+00 -3.783956e+00 7.552393e+00 -6.262636e-01 -6.860341e+00 7.972988e+00 -5.764647e+00 1.717467e+00 1.202543e+00 -5.629903e+00 2.963065e+00 -3.331451e+00 4.420609e+01 -3.380551e-01 2.533507e+00 -4.294930e-01 6.626374e-01 6.748737e-01 -1.057629e+00 6.915652e-01 -4.404058e-01 -6.299415e-01 3.695909e-01 -2.954687e-01 3.516326e-01 -1.353278e+00 2.172510e-01 -6.273103e-01 4.436288e-01 -6.720915e-02 -8.214903e-02 2.359798e-01 -6.951993e-01 1.136736e-01 6.988267e-02 -2.928215e-01 2.647584e-01 -7.219929e-02 5.524676e-01
<VARIANCE> 39
 2.297458e+01 3.734309e+01 3.381418e+01 1.804050e+01 2.140909e+01 1.818125e+01 2.977547e+01 2.051909e+01 1.418932e+01 1.706300e+01 1.559067e+01 1.746428e+01 4.072768e+01 2.913239e-01 2.450424e+00 1.542996e+00 1.028749e+00 1.515156e+00 2.247581e+00 1.394910e+00 1.190737e+00 1.349123e+00 1.785376e+00 1.325683e+00 1.195720e+00 4.662026e-01 1.229449e-01 3.459361e-01 2.719926e-01 3.892959e-01 3.055320e-01 2.595947e-01 3.160136e-01 3.099870e-01 2.661203e-01 3.001506e-01 3.255724e-01 3.469471e-01 2.472166e-01
<GCONST> 9.809608e+01
<STATE> 4
<MEAN> 39
 1.023909e+00 -4.780849e+00 7.250598e+00 -1.579149e+00 -7.134177e+00 6.818793e+00 -7.356909e+00 1.938612e+00 2.533647e+00 -5.103063e+00 2.799689e+00 -3.199322e+00 4.332466e+01 -1.285972e-02 1.080628e-03 -2.244944e-03 1.475854e-03 2.453034e-03 -3.285457e-03 2.683198e-03 9.290812e-04 1.499811e-03 5.518977e-03 7.766968e-04 2.595602e-03 -1.112711e-02 1.106732e-03 -3.596501e-03 3.274948e-04 -1.017890e-03 -4.756620e-04 1.886658e-03 -7.075935e-04 2.285475e-04 6.283531e-04 -6.613538e-04 8.101783e-04 -2.237925e-04 2.299346e-03
<VARIANCE> 39
 7.363403e+01 3.918150e+01 4.025307e+01 3.498610e+01 3.645978e+01 2.514329e+01 3.772056e+01 2.413010e+01 2.434914e+01 2.520157e+01 1.935982e+01 1.645790e+01 1.044041e+02 1.014337e+00 1.566262e+00 1.540258e+00 1.407111e+00 1.696716e+00 1.670250e+00 1.784588e+00 1.690707e+00 1.690037e+00 1.725162e+00 1.528889e+00 1.320653e+00 1.364104e+00 1.430272e-01 2.679250e-01 2.517551e-01 2.488178e-01 3.059451e-01 3.220852e-01 3.367333e-01 3.199506e-01 3.278270e-01 3.380256e-01 3.029906e-01 2.648346e-01 1.604514e-01
<GCONST> 1.056966e+02
<TRANSP> 5
 0.000000e+00 1.000000e+00 0.000000e+00 0.000000e+00 0.000000e+00
 0.000000e+00 9.664067e-01 3.359328e-02 0.000000e+00 0.000000e+00
 0.000000e+00 0.000000e+00 0.000000e+00 1.000000e+00 0.000000e+00
 0.000000e+00 0.000000e+00 0.000000e+00 9.982034e-01 1.796599e-03
 0.000000e+00 0.000000e+00 0.000000e+00 0.000000e+00 0.000000e+00
<ENDHMM>
~o
<STREAMINFO> 1 39
<VECSIZE> 39<NULLD><MFCC_D_A_0><DIAGC>
~h "uh"
<BEGINHMM>
<NUMSTATES> 5
<STATE> 2
<MEAN> 39
 -1.482153e+01 -4.840369e+00 -1.352290e+00 -1.900384e+00 -3.439133e+00 1.951444e+00 -3.308817e+00 1.566136e+00 9.246753e-01 -1.487434e+00 9.171197e-01 -5.602113e-01 2.903960e+01 6.538842e-01 1.176461e-01 3.230371e-01 1.035465e-01 -2.918641e-02 2.022129e-01 -6.310027e-02 3.448275e-02 1.433664e-01 -1.379488e-01 9.001509e-02 -2.843926e-02 4.876592e-01 4.642468e-02 3.445944e-02 2.756233e-02 -1.631732e-02 -4.563392e-02 -3.011277e-02 -3.133649e-02 1.199977e-02 -1.615176e-02 3.037088e-02 -9.741710e-03 -1.912050e-02 2.806750e-02
<VARIANCE> 39
 1.485083e+02 4.338527e+01 5.251279e+01 1.106785e+01 1.692313e+01 3.301443e+01 3.278521e+01 1.333156e+01 1.526735e+01 1.925857e+01 1.410261e+01 1.403698e+01 1.548132e+02 8.846661e+00 5.788012e+00 4.271116e+00 1.259642e+00 1.669136e+00 2.857863e+00 2.943384e+00 1.793076e+00 1.149410e+00 1.782452e+00 1.415732e+00 1.576269e+00 1.074779e+01 1.519339e+00 1.019242e+00 7.451493e-01 2.196814e-01 3.034239e-01 5.310624e-01 5.148859e-01 3.441792e-01 2.327980e-01 3.316764e-01 2.595868e-01 3.084743e-01 1.812184e+00
<GCONST> 1.185521e+02
<STATE> 3
<MEAN> 39
 3.853032e+00 -3.783956e+00 7.552393e+00 -6.262636e-01 -6.860341e+00 7.972988e+00 -5.764647e+00 1.717467e+00 1.202543e+00 -5.629903e+00 2.963065e+00 -3.331451e+00 4.420609e+01 -3.380551e-01 2.533507e+00 -4.294930e-01 6.626374e-01 6.748737e-01 -1.057629e+00 6.915652e-01 -4.404058e-01 -6.299415e-01 3.695909e-01 -2.954687e-01 3.516326e-01 -1.353278e+00 2.172510e-01 -6.273103e-01 4.436288e-01 -6.720915e-02 -8.214903e-02 2.359798e-01 -6.951993e-01 1.136736e-01 6.988267e-02 -2.928215e-01 2.647584e-01 -7.219929e-02 5.524676e-01
<VARIANCE> 39
 2.297458e+01 3.734309e+01 3.381418e+01 1.804050e+01 2.140909e+01 1.818125e+01 2.977547e+01 2.051909e+01 1.418932e+01 1.706300e+01 1.559067e+01 1.746428e+01 4.072768e+01 2.913239e-01 2.450424e+00 1.542996e+00 1.028749e+00 1.515156e+00 2.247581e+00 1.394910e+00 1.190737e+00 1.349123e+00 1.785376e+00 1.325683e+00 1.195720e+00 4.662026e-01 1.229449e-01 3.459361e-01 2.719926e-01 3.892959e-01 3.055320e-01 2.595947e-01 3.160136e-01 3.099870e-01 2.661203e-01 3.001506e-01 3.255724e-01 3.469471e-01 2.472166e-01
<GCONST> 9.809608e+01
<STATE> 4
<MEAN> 39
 1.023909e+00 -4.780849e+00 7.250598e+00 -1.579149e+00 -7.134177e+00 6.818793e+00 -7.356909e+00 1.938612e+00 2.533647e+00 -5.103063e+00 2.799689e+00 -3.199322e+00 4.332466e+01 -1.285972e-02 1.080628e-03 -2.244944e-03 1.475854e-03 2.453034e-03 -3.285457e-03 2.683198e-03 9.290812e-04 1.499811e-03 5.518977e-03 7.766968e-04 2.595602e-03 -1.112711e-02 1.106732e-03 -3.596501e-03 3.274948e-04 -1.017890e-03 -4.756620e-04 1.886658e-03 -7.075935e-04 2.285475e-04 6.283531e-04 -6.613538e-04 8.101783e-04 -2.237925e-04 2.299346e-03
<VARIANCE> 39
 7.363403e+01 3.918150e+01 4.025307e+01 3.498610e+01 3.645978e+01 2.514329e+01 3.772056e+01 2.413010e+01 2.434914e+01 2.520157e+01 1.935982e+01 1.645790e+01 1.044041e+02 1.014337e+00 1.566262e+00 1.540258e+00 1.407111e+00 1.696716e+00 1.670250e+00 1.784588e+00 1.690707e+00 1.690037e+00 1.725162e+00 1.528889e+00 1.320653e+00 1.364104e+00 1.430272e-01 2.679250e-01 2.517551e-01 2.488178e-01 3.059451e-01 3.220852e-01 3.367333e-01 3.199506e-01 3.278270e-01 3.380256e-01 3.029906e-01 2.648346e-01 1.604514e-01
<GCONST> 1.056966e+02
<TRANSP> 5
 0.000000e+00 1.000000e+00 0.000000e+00 0.000000e+00 0.000000e+00
 0.000000e+00 9.664067e-01 3.359328e-02 0.000000e+00 0.000000e+00
 0.000000e+00 0.000000e+00 0.000000e+00 1.000000e+00 0.000000e+00
 0.000000e+00 0.000000e+00 0.000000e+00 9.982034e-01 1.796599e-03
 0.000000e+00 0.000000e+00 0.000000e+00 0.000000e+00 0.000000e+00
<ENDHMM>
~o
<STREAMINFO> 1 39
<VECSIZE> 39<NULLD><MFCC_D_A_0><DIAGC>
~h "uw"
<BEGINHMM>
<NUMSTATES> 5
<STATE> 2
<MEAN> 39
 -1.482153e+01 -4.840369e+00 -1.352290e+00 -1.900384e+00 -3.439133e+00 1.951444e+00 -3.308817e+00 1.566136e+00 9.246753e-01 -1.487434e+00 9.171197e-01 -5.602113e-01 2.903960e+01 6.538842e-01 1.176461e-01 3.230371e-01 1.035465e-01 -2.918641e-02 2.022129e-01 -6.310027e-02 3.448275e-02 1.433664e-01 -1.379488e-01 9.001509e-02 -2.843926e-02 4.876592e-01 4.642468e-02 3.445944e-02 2.756233e-02 -1.631732e-02 -4.563392e-02 -3.011277e-02 -3.133649e-02 1.199977e-02 -1.615176e-02 3.037088e-02 -9.741710e-03 -1.912050e-02 2.806750e-02
<VARIANCE> 39
 1.485083e+02 4.338527e+01 5.251279e+01 1.106785e+01 1.692313e+01 3.301443e+01 3.278521e+01 1.333156e+01 1.526735e+01 1.925857e+01 1.410261e+01 1.403698e+01 1.548132e+02 8.846661e+00 5.788012e+00 4.271116e+00 1.259642e+00 1.669136e+00 2.857863e+00 2.943384e+00 1.793076e+00 1.149410e+00 1.782452e+00 1.415732e+00 1.576269e+00 1.074779e+01 1.519339e+00 1.019242e+00 7.451493e-01 2.196814e-01 3.034239e-01 5.310624e-01 5.148859e-01 3.441792e-01 2.327980e-01 3.316764e-01 2.595868e-01 3.084743e-01 1.812184e+00
<GCONST> 1.185521e+02
<STATE> 3
<MEAN> 39
 3.853032e+00 -3.783956e+00 7.552393e+00 -6.262636e-01 -6.860341e+00 7.972988e+00 -5.764647e+00 1.717467e+00 1.202543e+00 -5.629903e+00 2.963065e+00 -3.331451e+00 4.420609e+01 -3.380551e-01 2.533507e+00 -4.294930e-01 6.626374e-01 6.748737e-01 -1.057629e+00 6.915652e-01 -4.404058e-01 -6.299415e-01 3.695909e-01 -2.954687e-01 3.516326e-01 -1.353278e+00 2.172510e-01 -6.273103e-01 4.436288e-01 -6.720915e-02 -8.214903e-02 2.359798e-01 -6.951993e-01 1.136736e-01 6.988267e-02 -2.928215e-01 2.647584e-01 -7.219929e-02 5.524676e-01
<VARIANCE> 39
 2.297458e+01 3.734309e+01 3.381418e+01 1.804050e+01 2.140909e+01 1.818125e+01 2.977547e+01 2.051909e+01 1.418932e+01 1.706300e+01 1.559067e+01 1.746428e+01 4.072768e+01 2.913239e-01 2.450424e+00 1.542996e+00 1.028749e+00 1.515156e+00 2.247581e+00 1.394910e+00 1.190737e+00 1.349123e+00 1.785376e+00 1.325683e+00 1.195720e+00 4.662026e-01 1.229449e-01 3.459361e-01 2.719926e-01 3.892959e-01 3.055320e-01 2.595947e-01 3.160136e-01 3.099870e-01 2.661203e-01 3.001506e-01 3.255724e-01 3.469471e-01 2.472166e-01
<GCONST> 9.809608e+01
<STATE> 4
<MEAN> 39
 1.023909e+00 -4.780849e+00 7.250598e+00 -1.579149e+00 -7.134177e+00 6.818793e+00 -7.356909e+00 1.938612e+00 2.533647e+00 -5.103063e+00 2.799689e+00 -3.199322e+00 4.332466e+01 -1.285972e-02 1.080628e-03 -2.244944e-03 1.475854e-03 2.453034e-03 -3.285457e-03 2.683198e-03 9.290812e-04 1.499811e-03 5.518977e-03 7.766968e-04 2.595602e-03 -1.112711e-02 1.106732e-03 -3.596501e-03 3.274948e-04 -1.017890e-03 -4.756620e-04 1.886658e-03 -7.075935e-04 2.285475e-04 6.283531e-04 -6.613538e-04 8.101783e-04 -2.237925e-04 2.299346e-03
<VARIANCE> 39
 7.363403e+01 3.918150e+01 4.025307e+01 3.498610e+01 3.645978e+01 2.514329e+01 3.772056e+01 2.413010e+01 2.434914e+01 2.520157e+01 1.935982e+01 1.645790e+01 1.044041e+02 1.014337e+00 1.566262e+00 1.540258e+00 1.407111e+00 1.696716e+00 1.670250e+00 1.784588e+00 1.690707e+00 1.690037e+00 1.725162e+00 1.528889e+00 1.320653e+00 1.364104e+00 1.430272e-01 2.679250e-01 2.517551e-01 2.488178e-01 3.059451e-01 3.220852e-01 3.367333e-01 3.199506e-01 3.278270e-01 3.380256e-01 3.029906e-01 2.648346e-01 1.604514e-01
<GCONST> 1.056966e+02
<TRANSP> 5
 0.000000e+00 1.000000e+00 0.000000e+00 0.000000e+00 0.000000e+00
 0.000000e+00 9.664067e-01 3.359328e-02 0.000000e+00 0.000000e+00
 0.000000e+00 0.000000e+00 0.000000e+00 1.000000e+00 0.000000e+00
 0.000000e+00 0.000000e+00 0.000000e+00 9.982034e-01 1.796599e-03
 0.000000e+00 0.000000e+00 0.000000e+00 0.000000e+00 0.000000e+00
<ENDHMM>
