~o
<STREAMINFO> 1 39
<VECSIZE> 39<NULLD><MFCC_D_A_0><DIAGC>
~h "#N"
<BEGINHMM>
<NUMSTATES> 5
<STATE> 2
<MEAN> 39
 -9.232361e+00 -1.087416e+01 -1.867243e+01 -1.613330e+01 -1.097201e+01 -1.219146e+01 -8.954248e+00 -1.398037e+00 -2.647070e+00 6.433617e+00 5.504747e+00 2.620025e+00 3.719481e+01 1.695221e-03 1.472181e-02 4.020227e-03 -6.375630e-03 -4.992432e-03 2.256267e-04 -1.225101e-02 7.721620e-04 1.200806e-02 6.841217e-03 5.532182e-04 -4.578435e-03 -2.288760e-02 -5.028464e-03 -3.345512e-03 -1.141545e-03 2.799671e-03 1.448337e-03 5.127384e-03 3.304519e-03 -3.601332e-03 -3.315956e-03 -5.352474e-03 -1.741267e-03 -5.630634e-04 2.110219e-03
<VARIANCE> 39
 5.457602e+01 2.276204e+01 1.707762e+01 3.200007e+01 1.955966e+01 2.290091e+01 2.795926e+01 4.210216e+01 4.364120e+01 4.639066e+01 4.741390e+01 2.804179e+01 5.155848e+01 1.578980e+00 1.542289e+00 1.088642e+00 1.794345e+00 1.306425e+00 1.765734e+00 2.489876e+00 2.270425e+00 2.495739e+00 2.768614e+00 2.614254e+00 1.923438e+00 1.312849e+00 2.100715e-01 2.532677e-01 1.967442e-01 2.689716e-01 2.403811e-01 3.179783e-01 4.474761e-01 3.429291e-01 4.145239e-01 4.892898e-01 3.745382e-01 3.436005e-01 1.466681e-01
<GCONST> 1.090936e+02
<STATE> 3
<MEAN> 39
 -1.418819e+01 -9.001219e+00 -1.764237e+01 -1.599013e+01 -1.215393e+01 -9.976222e+00 -7.799821e+00 -4.226838e+00 -4.392348e+00 6.253019e+00 5.101779e+00 5.243573e+00 3.074231e+01 -2.320350e-01 2.149477e-01 4.131021e-01 4.124047e-01 -9.985168e-02 5.516329e-01 3.907929e-01 -5.729794e-01 -8.317623e-01 -5.539147e-01 -1.203483e+00 -1.300686e+00 -3.314335e-02 -9.382402e-02 1.281019e-01 1.209542e-01 1.011895e-01 2.571512e-01 -4.062482e-02 -1.118568e-01 -2.080017e-02 -1.867586e-01 -5.660093e-01 -1.275890e-01 -7.382730e-02 9.160806e-03
<VARIANCE> 39
 6.685120e-01 6.789758e-01 6.249979e-01 9.308888e-01 1.516003e-01 2.441822e-01 3.825552e+00 9.494434e+00 8.871686e-01 1.726509e+00 1.111373e+01 1.568430e+00 6.219662e-01 1.000000e-02 1.000000e-02 3.744495e-01 1.001376e-01 1.049793e+00 1.213654e-01 2.067581e+00 1.565438e+00 2.748214e-02 1.098430e-01 8.377194e-01 7.384995e-01 1.000000e-02 1.000000e-02 1.000000e-02 1.000000e-02 1.089402e-02 9.492239e-02 1.000000e-02 1.092674e-01 6.038228e-02 1.711445e-02 8.984501e-02 1.174825e-01 5.517199e-02 1.000000e-02
<GCONST> 2.746202e+00
<STATE> 4
<MEAN> 39
 -1.471542e+01 -8.033842e+00 -1.588167e+01 -1.508535e+01 -1.164491e+01 -9.420110e+00 -7.997473e+00 -1.965808e+00 -3.476879e+00 -5.961104e-01 1.050958e+00 1.306510e+00 3.068887e+01 -2.229964e-01 3.200195e-01 3.246903e-01 2.957656e-01 4.194656e-01 3.676583e-01 2.000718e-02 -5.151967e-01 -6.928370e-01 -1.320713e+00 -8.101862e-01 -6.302289e-01 -2.151215e-02 -2.841539e-02 5.394382e-02 -1.335841e-02 2.999500e-02 2.364352e-01 -3.260262e-02 -1.091184e-01 4.027942e-02 -1.470384e-02 -3.978783e-01 2.308800e-02 1.675013e-01 3.493833e-03
<VARIANCE> 39
 4.873811e-01 4.181547e-01 1.127964e+00 2.349135e+00 4.513427e+00 1.305293e+00 8.916861e+00 4.465892e+00 2.495996e+00 2.134313e-01 3.480970e+00 5.277508e+00 1.416458e-02 3.550855e-02 1.259498e-02 9.534173e-02 2.520550e-01 1.336008e+00 5.277775e-02 7.220877e-01 1.075714e+00 1.733790e-01 2.046468e-01 8.397815e-01 1.328367e+00 2.503892e-02 1.000000e-02 1.000000e-02 1.451590e-02 1.000000e-02 2.256910e-02 1.000000e-02 9.885212e-02 1.849991e-02 1.353712e-02 5.965903e-02 2.513482e-02 1.592158e-02 1.000000e-02
<GCONST> 9.821076e-01
<TRANSP> 5
 0.000000e+00 1.000000e+00 0.000000e+00 0.000000e+00 0.000000e+00
 0.000000e+00 9.976507e-01 2.349256e-03 0.000000e+00 0.000000e+00
 0.000000e+00 0.000000e+00 0.000000e+00 1.000000e+00 0.000000e+00
 0.000000e+00 0.000000e+00 0.000000e+00 0.000000e+00 1.000000e+00
 0.000000e+00 0.000000e+00 0.000000e+00 0.000000e+00 0.000000e+00
<ENDHMM>
~o
<STREAMINFO> 1 39
<VECSIZE> 39<NULLD><MFCC_D_A_0><DIAGC>
~h "ah"
<BEGINHMM>
<NUMSTATES> 5
<STATE> 2
<MEAN> 39
 -9.232361e+00 -1.087416e+01 -1.867243e+01 -1.613330e+01 -1.097201e+01 -1.219146e+01 -8.954248e+00 -1.398037e+00 -2.647070e+00 6.433617e+00 5.504747e+00 2.620025e+00 3.719481e+01 1.695221e-03 1.472181e-02 4.020227e-03 -6.375630e-03 -4.992432e-03 2.256267e-04 -1.225101e-02 7.721620e-04 1.200806e-02 6.841217e-03 5.532182e-04 -4.578435e-03 -2.288760e-02 -5.028464e-03 -3.345512e-03 -1.141545e-03 2.799671e-03 1.448337e-03 5.127384e-03 3.304519e-03 -3.601332e-03 -3.315956e-03 -5.352474e-03 -1.741267e-03 -5.630634e-04 2.110219e-03
<VARIANCE> 39
 5.457602e+01 2.276204e+01 1.707762e+01 3.200007e+01 1.955966e+01 2.290091e+01 2.795926e+01 4.210216e+01 4.364120e+01 4.639066e+01 4.741390e+01 2.804179e+01 5.155848e+01 1.578980e+00 1.542289e+00 1.088642e+00 1.794345e+00 1.306425e+00 1.765734e+00 2.489876e+00 2.270425e+00 2.495739e+00 2.768614e+00 2.614254e+00 1.923438e+00 1.312849e+00 2.100715e-01 2.532677e-01 1.967442e-01 2.689716e-01 2.403811e-01 3.179783e-01 4.474761e-01 3.429291e-01 4.145239e-01 4.892898e-01 3.745382e-01 3.436005e-01 1.466681e-01
<GCONST> 1.090936e+02
<STATE> 3
<MEAN> 39
 -1.418819e+01 -9.001219e+00 -1.764237e+01 -1.599013e+01 -1.215393e+01 -9.976222e+00 -7.799821e+00 -4.226838e+00 -4.392348e+00 6.253019e+00 5.101779e+00 5.243573e+00 3.074231e+01 -2.320350e-01 2.149477e-01 4.131021e-01 4.124047e-01 -9.985168e-02 5.516329e-01 3.907929e-01 -5.729794e-01 -8.317623e-01 -5.539147e-01 -1.203483e+00 -1.300686e+00 -3.314335e-02 -9.382402e-02 1.281019e-01 1.209542e-01 1.011895e-01 2.571512e-01 -4.062482e-02 -1.118568e-01 -2.080017e-02 -1.867586e-01 -5.660093e-01 -1.275890e-01 -7.382730e-02 9.160806e-03
<VARIANCE> 39
 6.685120e-01 6.789758e-01 6.249979e-01 9.308888e-01 1.516003e-01 2.441822e-01 3.825552e+00 9.494434e+00 8.871686e-01 1.726509e+00 1.111373e+01 1.568430e+00 6.219662e-01 1.000000e-02 1.000000e-02 3.744495e-01 1.001376e-01 1.049793e+00 1.213654e-01 2.067581e+00 1.565438e+00 2.748214e-02 1.098430e-01 8.377194e-01 7.384995e-01 1.000000e-02 1.000000e-02 1.000000e-02 1.000000e-02 1.089402e-02 9.492239e-02 1.000000e-02 1.092674e-01 6.038228e-02 1.711445e-02 8.984501e-02 1.174825e-01 5.517199e-02 1.000000e-02
<GCONST> 2.746202e+00
<STATE> 4
<MEAN> 39
 -1.471542e+01 -8.033842e+00 -1.588167e+01 -1.508535e+01 -1.164491e+01 -9.420110e+00 -7.997473e+00 -1.965808e+00 -3.476879e+00 -5.961104e-01 1.050958e+00 1.306510e+00 3.068887e+01 -2.229964e-01 3.200195e-01 3.246903e-01 2.957656e-01 4.194656e-01 3.676583e-01 2.000718e-02 -5.151967e-01 -6.928370e-01 -1.320713e+00 -8.101862e-01 -6.302289e-01 -2.151215e-02 -2.841539e-02 5.394382e-02 -1.335841e-02 2.999500e-02 2.364352e-01 -3.260262e-02 -1.091184e-01 4.027942e-02 -1.470384e-02 -3.978783e-01 2.308800e-02 1.675013e-01 3.493833e-03
<VARIANCE> 39
 4.873811e-01 4.181547e-01 1.127964e+00 2.349135e+00 4.513427e+00 1.305293e+00 8.916861e+00 4.465892e+00 2.495996e+00 2.134313e-01 3.480970e+00 5.277508e+00 1.416458e-02 3.550855e-02 1.259498e-02 9.534173e-02 2.520550e-01 1.336008e+00 5.277775e-02 7.220877e-01 1.075714e+00 1.733790e-01 2.046468e-01 8.397815e-01 1.328367e+00 2.503892e-02 1.000000e-02 1.000000e-02 1.451590e-02 1.000000e-02 2.256910e-02 1.000000e-02 9.885212e-02 1.849991e-02 1.353712e-02 5.965903e-02 2.513482e-02 1.592158e-02 1.000000e-02
<GCONST> 9.821076e-01
<TRANSP> 5
 0.000000e+00 1.000000e+00 0.000000e+00 0.000000e+00 0.000000e+00
 0.000000e+00 9.976507e-01 2.349256e-03 0.000000e+00 0.000000e+00
 0.000000e+00 0.000000e+00 0.000000e+00 1.000000e+00 0.000000e+00
 0.000000e+00 0.000000e+00 0.000000e+00 0.000000e+00 1.000000e+00
 0.000000e+00 0.000000e+00 0.000000e+00 0.000000e+00 0.000000e+00
<ENDHMM>
~o
<STREAMINFO> 1 39
<VECSIZE> 39<NULLD><MFCC_D_A_0><DIAGC>
~h "d"
<BEGINHMM>
<NUMSTATES> 5
<STATE> 2
<MEAN> 39
 -9.232361e+00 -1.087416e+01 -1.867243e+01 -1.613330e+01 -1.097201e+01 -1.219146e+01 -8.954248e+00 -1.398037e+00 -2.647070e+00 6.433617e+00 5.504747e+00 2.620025e+00 3.719481e+01 1.695221e-03 1.472181e-02 4.020227e-03 -6.375630e-03 -4.992432e-03 2.256267e-04 -1.225101e-02 7.721620e-04 1.200806e-02 6.841217e-03 5.532182e-04 -4.578435e-03 -2.288760e-02 -5.028464e-03 -3.345512e-03 -1.141545e-03 2.799671e-03 1.448337e-03 5.127384e-03 3.304519e-03 -3.601332e-03 -3.315956e-03 -5.352474e-03 -1.741267e-03 -5.630634e-04 2.110219e-03
<VARIANCE> 39
 5.457602e+01 2.276204e+01 1.707762e+01 3.200007e+01 1.955966e+01 2.290091e+01 2.795926e+01 4.210216e+01 4.364120e+01 4.639066e+01 4.741390e+01 2.804179e+01 5.155848e+01 1.578980e+00 1.542289e+00 1.088642e+00 1.794345e+00 1.306425e+00 1.765734e+00 2.489876e+00 2.270425e+00 2.495739e+00 2.768614e+00 2.614254e+00 1.923438e+00 1.312849e+00 2.100715e-01 2.532677e-01 1.967442e-01 2.689716e-01 2.403811e-01 3.179783e-01 4.474761e-01 3.429291e-01 4.145239e-01 4.892898e-01 3.745382e-01 3.436005e-01 1.466681e-01
<GCONST> 1.090936e+02
<STATE> 3
<MEAN> 39
 -1.418819e+01 -9.001219e+00 -1.764237e+01 -1.599013e+01 -1.215393e+01 -9.976222e+00 -7.799821e+00 -4.226838e+00 -4.392348e+00 6.253019e+00 5.101779e+00 5.243573e+00 3.074231e+01 -2.320350e-01 2.149477e-01 4.131021e-01 4.124047e-01 -9.985168e-02 5.516329e-01 3.907929e-01 -5.729794e-01 -8.317623e-01 -5.539147e-01 -1.203483e+00 -1.300686e+00 -3.314335e-02 -9.382402e-02 1.281019e-01 1.209542e-01 1.011895e-01 2.571512e-01 -4.062482e-02 -1.118568e-01 -2.080017e-02 -1.867586e-01 -5.660093e-01 -1.275890e-01 -7.382730e-02 9.160806e-03
<VARIANCE> 39
 6.685120e-01 6.789758e-01 6.249979e-01 9.308888e-01 1.516003e-01 2.441822e-01 3.825552e+00 9.494434e+00 8.871686e-01 1.726509e+00 1.111373e+01 1.568430e+00 6.219662e-01 1.000000e-02 1.000000e-02 3.744495e-01 1.001376e-01 1.049793e+00 1.213654e-01 2.067581e+00 1.565438e+00 2.748214e-02 1.098430e-01 8.377194e-01 7.384995e-01 1.000000e-02 1.000000e-02 1.000000e-02 1.000000e-02 1.089402e-02 9.492239e-02 1.000000e-02 1.092674e-01 6.038228e-02 1.711445e-02 8.984501e-02 1.174825e-01 5.517199e-02 1.000000e-02
<GCONST> 2.746202e+00
<STATE> 4
<MEAN> 39
 -1.471542e+01 -8.033842e+00 -1.588167e+01 -1.508535e+01 -1.164491e+01 -9.420110e+00 -7.997473e+00 -1.965808e+00 -3.476879e+00 -5.961104e-01 1.050958e+00 1.306510e+00 3.068887e+01 -2.229964e-01 3.200195e-01 3.246903e-01 2.957656e-01 4.194656e-01 3.676583e-01 2.000718e-02 -5.151967e-01 -6.928370e-01 -1.320713e+00 -8.101862e-01 -6.302289e-01 -2.151215e-02 -2.841539e-02 5.394382e-02 -1.335841e-02 2.999500e-02 2.364352e-01 -3.260262e-02 -1.091184e-01 4.027942e-02 -1.470384e-02 -3.978783e-01 2.308800e-02 1.675013e-01 3.493833e-03
<VARIANCE> 39
 4.873811e-01 4.181547e-01 1.127964e+00 2.349135e+00 4.513427e+00 1.305293e+00 8.916861e+00 4.465892e+00 2.495996e+00 2.134313e-01 3.480970e+00 5.277508e+00 1.416458e-02 3.550855e-02 1.259498e-02 9.534173e-02 2.520550e-01 1.336008e+00 5.277775e-02 7.220877e-01 1.075714e+00 1.733790e-01 2.046468e-01 8.397815e-01 1.328367e+00 2.503892e-02 1.000000e-02 1.000000e-02 1.451590e-02 1.000000e-02 2.256910e-02 1.000000e-02 9.885212e-02 1.849991e-02 1.353712e-02 5.965903e-02 2.513482e-02 1.592158e-02 1.000000e-02
<GCONST> 9.821076e-01
<TRANSP> 5
 0.000000e+00 1.000000e+00 0.000000e+00 0.000000e+00 0.000000e+00
 0.000000e+00 9.976507e-01 2.349256e-03 0.000000e+00 0.000000e+00
 0.000000e+00 0.000000e+00 0.000000e+00 1.000000e+00 0.000000e+00
 0.000000e+00 0.000000e+00 0.000000e+00 0.000000e+00 1.000000e+00
 0.000000e+00 0.000000e+00 0.000000e+00 0.000000e+00 0.000000e+00
<ENDHMM>
~o
<STREAMINFO> 1 39
<VECSIZE> 39<NULLD><MFCC_D_A_0><DIAGC>
~h "s"
<BEGINHMM>
<NUMSTATES> 5
<STATE> 2
<MEAN> 39
 -9.232361e+00 -1.087416e+01 -1.867243e+01 -1.613330e+01 -1.097201e+01 -1.219146e+01 -8.954248e+00 -1.398037e+00 -2.647070e+00 6.433617e+00 5.504747e+00 2.620025e+00 3.719481e+01 1.695221e-03 1.472181e-02 4.020227e-03 -6.375630e-03 -4.992432e-03 2.256267e-04 -1.225101e-02 7.721620e-04 1.200806e-02 6.841217e-03 5.532182e-04 -4.578435e-03 -2.288760e-02 -5.028464e-03 -3.345512e-03 -1.141545e-03 2.799671e-03 1.448337e-03 5.127384e-03 3.304519e-03 -3.601332e-03 -3.315956e-03 -5.352474e-03 -1.741267e-03 -5.630634e-04 2.110219e-03
<VARIANCE> 39
 5.457602e+01 2.276204e+01 1.707762e+01 3.200007e+01 1.955966e+01 2.290091e+01 2.795926e+01 4.210216e+01 4.364120e+01 4.639066e+01 4.741390e+01 2.804179e+01 5.155848e+01 1.578980e+00 1.542289e+00 1.088642e+00 1.794345e+00 1.306425e+00 1.765734e+00 2.489876e+00 2.270425e+00 2.495739e+00 2.768614e+00 2.614254e+00 1.923438e+00 1.312849e+00 2.100715e-01 2.532677e-01 1.967442e-01 2.689716e-01 2.403811e-01 3.179783e-01 4.474761e-01 3.429291e-01 4.145239e-01 4.892898e-01 3.745382e-01 3.436005e-01 1.466681e-01
<GCONST> 1.090936e+02
<STATE> 3
<MEAN> 39
 -1.418819e+01 -9.001219e+00 -1.764237e+01 -1.599013e+01 -1.215393e+01 -9.976222e+00 -7.799821e+00 -4.226838e+00 -4.392348e+00 6.253019e+00 5.101779e+00 5.243573e+00 3.074231e+01 -2.320350e-01 2.149477e-01 4.131021e-01 4.124047e-01 -9.985168e-02 5.516329e-01 3.907929e-01 -5.729794e-01 -8.317623e-01 -5.539147e-01 -1.203483e+00 -1.300686e+00 -3.314335e-02 -9.382402e-02 1.281019e-01 1.209542e-01 1.011895e-01 2.571512e-01 -4.062482e-02 -1.118568e-01 -2.080017e-02 -1.867586e-01 -5.660093e-01 -1.275890e-01 -7.382730e-02 9.160806e-03
<VARIANCE> 39
 6.685120e-01 6.789758e-01 6.249979e-01 9.308888e-01 1.516003e-01 2.441822e-01 3.825552e+00 9.494434e+00 8.871686e-01 1.726509e+00 1.111373e+01 1.568430e+00 6.219662e-01 1.000000e-02 1.000000e-02 3.744495e-01 1.001376e-01 1.049793e+00 1.213654e-01 2.067581e+00 1.565438e+00 2.748214e-02 1.098430e-01 8.377194e-01 7.384995e-01 1.000000e-02 1.000000e-02 1.000000e-02 1.000000e-02 1.089402e-02 9.492239e-02 1.000000e-02 1.092674e-01 6.038228e-02 1.711445e-02 8.984501e-02 1.174825e-01 5.517199e-02 1.000000e-02
<GCONST> 2.746202e+00
<STATE> 4
<MEAN> 39
 -1.471542e+01 -8.033842e+00 -1.588167e+01 -1.508535e+01 -1.164491e+01 -9.420110e+00 -7.997473e+00 -1.965808e+00 -3.476879e+00 -5.961104e-01 1.050958e+00 1.306510e+00 3.068887e+01 -2.229964e-01 3.200195e-01 3.246903e-01 2.957656e-01 4.194656e-01 3.676583e-01 2.000718e-02 -5.151967e-01 -6.928370e-01 -1.320713e+00 -8.101862e-01 -6.302289e-01 -2.151215e-02 -2.841539e-02 5.394382e-02 -1.335841e-02 2.999500e-02 2.364352e-01 -3.260262e-02 -1.091184e-01 4.027942e-02 -1.470384e-02 -3.978783e-01 2.308800e-02 1.675013e-01 3.493833e-03
<VARIANCE> 39
 4.873811e-01 4.181547e-01 1.127964e+00 2.349135e+00 4.513427e+00 1.305293e+00 8.916861e+00 4.465892e+00 2.495996e+00 2.134313e-01 3.480970e+00 5.277508e+00 1.416458e-02 3.550855e-02 1.259498e-02 9.534173e-02 2.520550e-01 1.336008e+00 5.277775e-02 7.220877e-01 1.075714e+00 1.733790e-01 2.046468e-01 8.397815e-01 1.328367e+00 2.503892e-02 1.000000e-02 1.000000e-02 1.451590e-02 1.000000e-02 2.256910e-02 1.000000e-02 9.885212e-02 1.849991e-02 1.353712e-02 5.965903e-02 2.513482e-02 1.592158e-02 1.000000e-02
<GCONST> 9.821076e-01
<TRANSP> 5
 0.000000e+00 1.000000e+00 0.000000e+00 0.000000e+00 0.000000e+00
 0.000000e+00 9.976507e-01 2.349256e-03 0.000000e+00 0.000000e+00
 0.000000e+00 0.000000e+00 0.000000e+00 1.000000e+00 0.000000e+00
 0.000000e+00 0.000000e+00 0.000000e+00 0.000000e+00 1.000000e+00
 0.000000e+00 0.000000e+00 0.000000e+00 0.000000e+00 0.000000e+00
<ENDHMM>
~o
<STREAMINFO> 1 39
<VECSIZE> 39<NULLD><MFCC_D_A_0><DIAGC>
~h "sil"
<BEGINHMM>
<NUMSTATES> 5
<STATE> 2
<MEAN> 39
 -9.232361e+00 -1.087416e+01 -1.867243e+01 -1.613330e+01 -1.097201e+01 -1.219146e+01 -8.954248e+00 -1.398037e+00 -2.647070e+00 6.433617e+00 5.504747e+00 2.620025e+00 3.719481e+01 1.695221e-03 1.472181e-02 4.020227e-03 -6.375630e-03 -4.992432e-03 2.256267e-04 -1.225101e-02 7.721620e-04 1.200806e-02 6.841217e-03 5.532182e-04 -4.578435e-03 -2.288760e-02 -5.028464e-03 -3.345512e-03 -1.141545e-03 2.799671e-03 1.448337e-03 5.127384e-03 3.304519e-03 -3.601332e-03 -3.315956e-03 -5.352474e-03 -1.741267e-03 -5.630634e-04 2.110219e-03
<VARIANCE> 39
 5.457602e+01 2.276204e+01 1.707762e+01 3.200007e+01 1.955966e+01 2.290091e+01 2.795926e+01 4.210216e+01 4.364120e+01 4.639066e+01 4.741390e+01 2.804179e+01 5.155848e+01 1.578980e+00 1.542289e+00 1.088642e+00 1.794345e+00 1.306425e+00 1.765734e+00 2.489876e+00 2.270425e+00 2.495739e+00 2.768614e+00 2.614254e+00 1.923438e+00 1.312849e+00 2.100715e-01 2.532677e-01 1.967442e-01 2.689716e-01 2.403811e-01 3.179783e-01 4.474761e-01 3.429291e-01 4.145239e-01 4.892898e-01 3.745382e-01 3.436005e-01 1.466681e-01
<GCONST> 1.090936e+02
<STATE> 3
<MEAN> 39
 -1.418819e+01 -9.001219e+00 -1.764237e+01 -1.599013e+01 -1.215393e+01 -9.976222e+00 -7.799821e+00 -4.226838e+00 -4.392348e+00 6.253019e+00 5.101779e+00 5.243573e+00 3.074231e+01 -2.320350e-01 2.149477e-01 4.131021e-01 4.124047e-01 -9.985168e-02 5.516329e-01 3.907929e-01 -5.729794e-01 -8.317623e-01 -5.539147e-01 -1.203483e+00 -1.300686e+00 -3.314335e-02 -9.382402e-02 1.281019e-01 1.209542e-01 1.011895e-01 2.571512e-01 -4.062482e-02 -1.118568e-01 -2.080017e-02 -1.867586e-01 -5.660093e-01 -1.275890e-01 -7.382730e-02 9.160806e-03
<VARIANCE> 39
 6.685120e-01 6.789758e-01 6.249979e-01 9.308888e-01 1.516003e-01 2.441822e-01 3.825552e+00 9.494434e+00 8.871686e-01 1.726509e+00 1.111373e+01 1.568430e+00 6.219662e-01 1.000000e-02 1.000000e-02 3.744495e-01 1.001376e-01 1.049793e+00 1.213654e-01 2.067581e+00 1.565438e+00 2.748214e-02 1.098430e-01 8.377194e-01 7.384995e-01 1.000000e-02 1.000000e-02 1.000000e-02 1.000000e-02 1.089402e-02 9.492239e-02 1.000000e-02 1.092674e-01 6.038228e-02 1.711445e-02 8.984501e-02 1.174825e-01 5.517199e-02 1.000000e-02
<GCONST> 2.746202e+00
<STATE> 4
<MEAN> 39
 -1.471542e+01 -8.033842e+00 -1.588167e+01 -1.508535e+01 -1.164491e+01 -9.420110e+00 -7.997473e+00 -1.965808e+00 -3.476879e+00 -5.961104e-01 1.050958e+00 1.306510e+00 3.068887e+01 -2.229964e-01 3.200195e-01 3.246903e-01 2.957656e-01 4.194656e-01 3.676583e-01 2.000718e-02 -5.151967e-01 -6.928370e-01 -1.320713e+00 -8.101862e-01 -6.302289e-01 -2.151215e-02 -2.841539e-02 5.394382e-02 -1.335841e-02 2.999500e-02 2.364352e-01 -3.260262e-02 -1.091184e-01 4.027942e-02 -1.470384e-02 -3.978783e-01 2.308800e-02 1.675013e-01 3.493833e-03
<VARIANCE> 39
 4.873811e-01 4.181547e-01 1.127964e+00 2.349135e+00 4.513427e+00 1.305293e+00 8.916861e+00 4.465892e+00 2.495996e+00 2.134313e-01 3.480970e+00 5.277508e+00 1.416458e-02 3.550855e-02 1.259498e-02 9.534173e-02 2.520550e-01 1.336008e+00 5.277775e-02 7.220877e-01 1.075714e+00 1.733790e-01 2.046468e-01 8.397815e-01 1.328367e+00 2.503892e-02 1.000000e-02 1.000000e-02 1.451590e-02 1.000000e-02 2.256910e-02 1.000000e-02 9.885212e-02 1.849991e-02 1.353712e-02 5.965903e-02 2.513482e-02 1.592158e-02 1.000000e-02
<GCONST> 9.821076e-01
<TRANSP> 5
 0.000000e+00 1.000000e+00 0.000000e+00 0.000000e+00 0.000000e+00
 0.000000e+00 9.976507e-01 2.349256e-03 0.000000e+00 0.000000e+00
 0.000000e+00 0.000000e+00 0.000000e+00 1.000000e+00 0.000000e+00
 0.000000e+00 0.000000e+00 0.000000e+00 0.000000e+00 1.000000e+00
 0.000000e+00 0.000000e+00 0.000000e+00 0.000000e+00 0.000000e+00
<ENDHMM>
~o
<STREAMINFO> 1 39
<VECSIZE> 39<NULLD><MFCC_D_A_0><DIAGC>
~h "t"
<BEGINHMM>
<NUMSTATES> 5
<STATE> 2
<MEAN> 39
 -9.232361e+00 -1.087416e+01 -1.867243e+01 -1.613330e+01 -1.097201e+01 -1.219146e+01 -8.954248e+00 -1.398037e+00 -2.647070e+00 6.433617e+00 5.504747e+00 2.620025e+00 3.719481e+01 1.695221e-03 1.472181e-02 4.020227e-03 -6.375630e-03 -4.992432e-03 2.256267e-04 -1.225101e-02 7.721620e-04 1.200806e-02 6.841217e-03 5.532182e-04 -4.578435e-03 -2.288760e-02 -5.028464e-03 -3.345512e-03 -1.141545e-03 2.799671e-03 1.448337e-03 5.127384e-03 3.304519e-03 -3.601332e-03 -3.315956e-03 -5.352474e-03 -1.741267e-03 -5.630634e-04 2.110219e-03
<VARIANCE> 39
 5.457602e+01 2.276204e+01 1.707762e+01 3.200007e+01 1.955966e+01 2.290091e+01 2.795926e+01 4.210216e+01 4.364120e+01 4.639066e+01 4.741390e+01 2.804179e+01 5.155848e+01 1.578980e+00 1.542289e+00 1.088642e+00 1.794345e+00 1.306425e+00 1.765734e+00 2.489876e+00 2.270425e+00 2.495739e+00 2.768614e+00 2.614254e+00 1.923438e+00 1.312849e+00 2.100715e-01 2.532677e-01 1.967442e-01 2.689716e-01 2.403811e-01 3.179783e-01 4.474761e-01 3.429291e-01 4.145239e-01 4.892898e-01 3.745382e-01 3.436005e-01 1.466681e-01
<GCONST> 1.090936e+02
<STATE> 3
<MEAN> 39
 -1.418819e+01 -9.001219e+00 -1.764237e+01 -1.599013e+01 -1.215393e+01 -9.976222e+00 -7.799821e+00 -4.226838e+00 -4.392348e+00 6.253019e+00 5.101779e+00 5.243573e+00 3.074231e+01 -2.320350e-01 2.149477e-01 4.131021e-01 4.124047e-01 -9.985168e-02 5.516329e-01 3.907929e-01 -5.729794e-01 -8.317623e-01 -5.539147e-01 -1.203483e+00 -1.300686e+00 -3.314335e-02 -9.382402e-02 1.281019e-01 1.209542e-01 1.011895e-01 2.571512e-01 -4.062482e-02 -1.118568e-01 -2.080017e-02 -1.867586e-01 -5.660093e-01 -1.275890e-01 -7.382730e-02 9.160806e-03
<VARIANCE> 39
 6.685120e-01 6.789758e-01 6.249979e-01 9.308888e-01 1.516003e-01 2.441822e-01 3.825552e+00 9.494434e+00 8.871686e-01 1.726509e+00 1.111373e+01 1.568430e+00 6.219662e-01 1.000000e-02 1.000000e-02 3.744495e-01 1.001376e-01 1.049793e+00 1.213654e-01 2.067581e+00 1.565438e+00 2.748214e-02 1.098430e-01 8.377194e-01 7.384995e-01 1.000000e-02 1.000000e-02 1.000000e-02 1.000000e-02 1.089402e-02 9.492239e-02 1.000000e-02 1.092674e-01 6.038228e-02 1.711445e-02 8.984501e-02 1.174825e-01 5.517199e-02 1.000000e-02
<GCONST> 2.746202e+00
<STATE> 4
<MEAN> 39
 -1.471542e+01 -8.033842e+00 -1.588167e+01 -1.508535e+01 -1.164491e+01 -9.420110e+00 -7.997473e+00 -1.965808e+00 -3.476879e+00 -5.961104e-01 1.050958e+00 1.306510e+00 3.068887e+01 -2.229964e-01 3.200195e-01 3.246903e-01 2.957656e-01 4.194656e-01 3.676583e-01 2.000718e-02 -5.151967e-01 -6.928370e-01 -1.320713e+00 -8.101862e-01 -6.302289e-01 -2.151215e-02 -2.841539e-02 5.394382e-02 -1.335841e-02 2.999500e-02 2.364352e-01 -3.260262e-02 -1.091184e-01 4.027942e-02 -1.470384e-02 -3.978783e-01 2.308800e-02 1.675013e-01 3.493833e-03
<VARIANCE> 39
 4.873811e-01 4.181547e-01 1.127964e+00 2.349135e+00 4.513427e+00 1.305293e+00 8.916861e+00 4.465892e+00 2.495996e+00 2.134313e-01 3.480970e+00 5.277508e+00 1.416458e-02 3.550855e-02 1.259498e-02 9.534173e-02 2.520550e-01 1.336008e+00 5.277775e-02 7.220877e-01 1.075714e+00 1.733790e-01 2.046468e-01 8.397815e-01 1.328367e+00 2.503892e-02 1.000000e-02 1.000000e-02 1.451590e-02 1.000000e-02 2.256910e-02 1.000000e-02 9.885212e-02 1.849991e-02 1.353712e-02 5.965903e-02 2.513482e-02 1.592158e-02 1.000000e-02
<GCONST> 9.821076e-01
<TRANSP> 5
 0.000000e+00 1.000000e+00 0.000000e+00 0.000000e+00 0.000000e+00
 0.000000e+00 9.976507e-01 2.349256e-03 0.000000e+00 0.000000e+00
 0.000000e+00 0.000000e+00 0.000000e+00 1.000000e+00 0.000000e+00
 0.000000e+00 0.000000e+00 0.000000e+00 0.000000e+00 1.000000e+00
 0.000000e+00 0.000000e+00 0.000000e+00 0.000000e+00 0.000000e+00
<ENDHMM>
~o
<STREAMINFO> 1 39
<VECSIZE> 39<NULLD><MFCC_D_A_0><DIAGC>
~h "uh"
<BEGINHMM>
<NUMSTATES> 5
<STATE> 2
<MEAN> 39
 -9.232361e+00 -1.087416e+01 -1.867243e+01 -1.613330e+01 -1.097201e+01 -1.219146e+01 -8.954248e+00 -1.398037e+00 -2.647070e+00 6.433617e+00 5.504747e+00 2.620025e+00 3.719481e+01 1.695221e-03 1.472181e-02 4.020227e-03 -6.375630e-03 -4.992432e-03 2.256267e-04 -1.225101e-02 7.721620e-04 1.200806e-02 6.841217e-03 5.532182e-04 -4.578435e-03 -2.288760e-02 -5.028464e-03 -3.345512e-03 -1.141545e-03 2.799671e-03 1.448337e-03 5.127384e-03 3.304519e-03 -3.601332e-03 -3.315956e-03 -5.352474e-03 -1.741267e-03 -5.630634e-04 2.110219e-03
<VARIANCE> 39
 5.457602e+01 2.276204e+01 1.707762e+01 3.200007e+01 1.955966e+01 2.290091e+01 2.795926e+01 4.210216e+01 4.364120e+01 4.639066e+01 4.741390e+01 2.804179e+01 5.155848e+01 1.578980e+00 1.542289e+00 1.088642e+00 1.794345e+00 1.306425e+00 1.765734e+00 2.489876e+00 2.270425e+00 2.495739e+00 2.768614e+00 2.614254e+00 1.923438e+00 1.312849e+00 2.100715e-01 2.532677e-01 1.967442e-01 2.689716e-01 2.403811e-01 3.179783e-01 4.474761e-01 3.429291e-01 4.145239e-01 4.892898e-01 3.745382e-01 3.436005e-01 1.466681e-01
<GCONST> 1.090936e+02
<STATE> 3
<MEAN> 39
 -1.418819e+01 -9.001219e+00 -1.764237e+01 -1.599013e+01 -1.215393e+01 -9.976222e+00 -7.799821e+00 -4.226838e+00 -4.392348e+00 6.253019e+00 5.101779e+00 5.243573e+00 3.074231e+01 -2.320350e-01 2.149477e-01 4.131021e-01 4.124047e-01 -9.985168e-02 5.516329e-01 3.907929e-01 -5.729794e-01 -8.317623e-01 -5.539147e-01 -1.203483e+00 -1.300686e+00 -3.314335e-02 -9.382402e-02 1.281019e-01 1.209542e-01 1.011895e-01 2.571512e-01 -4.062482e-02 -1.118568e-01 -2.080017e-02 -1.867586e-01 -5.660093e-01 -1.275890e-01 -7.382730e-02 9.160806e-03
<VARIANCE> 39
 6.685120e-01 6.789758e-01 6.249979e-01 9.308888e-01 1.516003e-01 2.441822e-01 3.825552e+00 9.494434e+00 8.871686e-01 1.726509e+00 1.111373e+01 1.568430e+00 6.219662e-01 1.000000e-02 1.000000e-02 3.744495e-01 1.001376e-01 1.049793e+00 1.213654e-01 2.067581e+00 1.565438e+00 2.748214e-02 1.098430e-01 8.377194e-01 7.384995e-01 1.000000e-02 1.000000e-02 1.000000e-02 1.000000e-02 1.089402e-02 9.492239e-02 1.000000e-02 1.092674e-01 6.038228e-02 1.711445e-02 8.984501e-02 1.174825e-01 5.517199e-02 1.000000e-02
<GCONST> 2.746202e+00
<STATE> 4
<MEAN> 39
 -1.471542e+01 -8.033842e+00 -1.588167e+01 -1.508535e+01 -1.164491e+01 -9.420110e+00 -7.997473e+00 -1.965808e+00 -3.476879e+00 -5.961104e-01 1.050958e+00 1.306510e+00 3.068887e+01 -2.229964e-01 3.200195e-01 3.246903e-01 2.957656e-01 4.194656e-01 3.676583e-01 2.000718e-02 -5.151967e-01 -6.928370e-01 -1.320713e+00 -8.101862e-01 -6.302289e-01 -2.151215e-02 -2.841539e-02 5.394382e-02 -1.335841e-02 2.999500e-02 2.364352e-01 -3.260262e-02 -1.091184e-01 4.027942e-02 -1.470384e-02 -3.978783e-01 2.308800e-02 1.675013e-01 3.493833e-03
<VARIANCE> 39
 4.873811e-01 4.181547e-01 1.127964e+00 2.349135e+00 4.513427e+00 1.305293e+00 8.916861e+00 4.465892e+00 2.495996e+00 2.134313e-01 3.480970e+00 5.277508e+00 1.416458e-02 3.550855e-02 1.259498e-02 9.534173e-02 2.520550e-01 1.336008e+00 5.277775e-02 7.220877e-01 1.075714e+00 1.733790e-01 2.046468e-01 8.397815e-01 1.328367e+00 2.503892e-02 1.000000e-02 1.000000e-02 1.451590e-02 1.000000e-02 2.256910e-02 1.000000e-02 9.885212e-02 1.849991e-02 1.353712e-02 5.965903e-02 2.513482e-02 1.592158e-02 1.000000e-02
<GCONST> 9.821076e-01
<TRANSP> 5
 0.000000e+00 1.000000e+00 0.000000e+00 0.000000e+00 0.000000e+00
 0.000000e+00 9.976507e-01 2.349256e-03 0.000000e+00 0.000000e+00
 0.000000e+00 0.000000e+00 0.000000e+00 1.000000e+00 0.000000e+00
 0.000000e+00 0.000000e+00 0.000000e+00 0.000000e+00 1.000000e+00
 0.000000e+00 0.000000e+00 0.000000e+00 0.000000e+00 0.000000e+00
<ENDHMM>
~o
<STREAMINFO> 1 39
<VECSIZE> 39<NULLD><MFCC_D_A_0><DIAGC>
~h "uw"
<BEGINHMM>
<NUMSTATES> 5
<STATE> 2
<MEAN> 39
 -9.232361e+00 -1.087416e+01 -1.867243e+01 -1.613330e+01 -1.097201e+01 -1.219146e+01 -8.954248e+00 -1.398037e+00 -2.647070e+00 6.433617e+00 5.504747e+00 2.620025e+00 3.719481e+01 1.695221e-03 1.472181e-02 4.020227e-03 -6.375630e-03 -4.992432e-03 2.256267e-04 -1.225101e-02 7.721620e-04 1.200806e-02 6.841217e-03 5.532182e-04 -4.578435e-03 -2.288760e-02 -5.028464e-03 -3.345512e-03 -1.141545e-03 2.799671e-03 1.448337e-03 5.127384e-03 3.304519e-03 -3.601332e-03 -3.315956e-03 -5.352474e-03 -1.741267e-03 -5.630634e-04 2.110219e-03
<VARIANCE> 39
 5.457602e+01 2.276204e+01 1.707762e+01 3.200007e+01 1.955966e+01 2.290091e+01 2.795926e+01 4.210216e+01 4.364120e+01 4.639066e+01 4.741390e+01 2.804179e+01 5.155848e+01 1.578980e+00 1.542289e+00 1.088642e+00 1.794345e+00 1.306425e+00 1.765734e+00 2.489876e+00 2.270425e+00 2.495739e+00 2.768614e+00 2.614254e+00 1.923438e+00 1.312849e+00 2.100715e-01 2.532677e-01 1.967442e-01 2.689716e-01 2.403811e-01 3.179783e-01 4.474761e-01 3.429291e-01 4.145239e-01 4.892898e-01 3.745382e-01 3.436005e-01 1.466681e-01
<GCONST> 1.090936e+02
<STATE> 3
<MEAN> 39
 -1.418819e+01 -9.001219e+00 -1.764237e+01 -1.599013e+01 -1.215393e+01 -9.976222e+00 -7.799821e+00 -4.226838e+00 -4.392348e+00 6.253019e+00 5.101779e+00 5.243573e+00 3.074231e+01 -2.320350e-01 2.149477e-01 4.131021e-01 4.124047e-01 -9.985168e-02 5.516329e-01 3.907929e-01 -5.729794e-01 -8.317623e-01 -5.539147e-01 -1.203483e+00 -1.300686e+00 -3.314335e-02 -9.382402e-02 1.281019e-01 1.209542e-01 1.011895e-01 2.571512e-01 -4.062482e-02 -1.118568e-01 -2.080017e-02 -1.867586e-01 -5.660093e-01 -1.275890e-01 -7.382730e-02 9.160806e-03
<VARIANCE> 39
 6.685120e-01 6.789758e-01 6.249979e-01 9.308888e-01 1.516003e-01 2.441822e-01 3.825552e+00 9.494434e+00 8.871686e-01 1.726509e+00 1.111373e+01 1.568430e+00 6.219662e-01 1.000000e-02 1.000000e-02 3.744495e-01 1.001376e-01 1.049793e+00 1.213654e-01 2.067581e+00 1.565438e+00 2.748214e-02 1.098430e-01 8.377194e-01 7.384995e-01 1.000000e-02 1.000000e-02 1.000000e-02 1.000000e-02 1.089402e-02 9.492239e-02 1.000000e-02 1.092674e-01 6.038228e-02 1.711445e-02 8.984501e-02 1.174825e-01 5.517199e-02 1.000000e-02
<GCONST> 2.746202e+00
<STATE> 4
<MEAN> 39
 -1.471542e+01 -8.033842e+00 -1.588167e+01 -1.508535e+01 -1.164491e+01 -9.420110e+00 -7.997473e+00 -1.965808e+00 -3.476879e+00 -5.961104e-01 1.050958e+00 1.306510e+00 3.068887e+01 -2.229964e-01 3.200195e-01 3.246903e-01 2.957656e-01 4.194656e-01 3.676583e-01 2.000718e-02 -5.151967e-01 -6.928370e-01 -1.320713e+00 -8.101862e-01 -6.302289e-01 -2.151215e-02 -2.841539e-02 5.394382e-02 -1.335841e-02 2.999500e-02 2.364352e-01 -3.260262e-02 -1.091184e-01 4.027942e-02 -1.470384e-02 -3.978783e-01 2.308800e-02 1.675013e-01 3.493833e-03
<VARIANCE> 39
 4.873811e-01 4.181547e-01 1.127964e+00 2.349135e+00 4.513427e+00 1.305293e+00 8.916861e+00 4.465892e+00 2.495996e+00 2.134313e-01 3.480970e+00 5.277508e+00 1.416458e-02 3.550855e-02 1.259498e-02 9.534173e-02 2.520550e-01 1.336008e+00 5.277775e-02 7.220877e-01 1.075714e+00 1.733790e-01 2.046468e-01 8.397815e-01 1.328367e+00 2.503892e-02 1.000000e-02 1.000000e-02 1.451590e-02 1.000000e-02 2.256910e-02 1.000000e-02 9.885212e-02 1.849991e-02 1.353712e-02 5.965903e-02 2.513482e-02 1.592158e-02 1.000000e-02
<GCONST> 9.821076e-01
<TRANSP> 5
 0.000000e+00 1.000000e+00 0.000000e+00 0.000000e+00 0.000000e+00
 0.000000e+00 9.976507e-01 2.349256e-03 0.000000e+00 0.000000e+00
 0.000000e+00 0.000000e+00 0.000000e+00 1.000000e+00 0.000000e+00
 0.000000e+00 0.000000e+00 0.000000e+00 0.000000e+00 1.000000e+00
 0.000000e+00 0.000000e+00 0.000000e+00 0.000000e+00 0.000000e+00
<ENDHMM>
