~o
<STREAMINFO> 1 39
<VECSIZE> 39<NULLD><MFCC_D_A_0><DIAGC>
~h "initial_0_D_A"
<BEGINHMM>
<NUMSTATES> 5
<STATE> 2
<MEAN> 39
 -6.442118e+00 -2.127430e+00 7.477184e+00 1.637143e+00 -4.497479e+00 5.347454e+00 -5.321615e+00 1.123329e+00 6.359646e-01 -4.564263e+00 1.869897e+00 -2.594759e+00 3.551813e+01 3.548642e-02 2.450925e-02 2.716707e-02 1.340653e-02 2.807968e-03 1.391779e-02 -7.568048e-04 -2.102436e-03 6.762294e-03 -1.385244e-02 5.193069e-03 5.465153e-03 1.909183e-02 1.406817e-02 -1.114988e-02 1.503818e-03 -1.096775e-02 -1.181474e-02 3.186749e-03 -8.730235e-03 1.800542e-03 1.414957e-03 -2.855295e-04 1.398027e-03 -2.795992e-03 1.622853e-02
<VARIANCE> 39
 3.126062e+01 1.659801e+01 2.827793e+01 1.939478e+01 1.685242e+01 1.787572e+01 1.671167e+01 1.651491e+01 1.665405e+01 1.876367e+01 1.330756e+01 1.285454e+01 2.309034e+01 1.285073e+00 1.487866e+00 1.247419e+00 1.117168e+00 1.274085e+00 1.570278e+00 1.583189e+00 1.582710e+00 1.624794e+00 1.699150e+00 1.445520e+00 1.355402e+00 1.395009e+00 2.320049e-01 2.840064e-01 2.357981e-01 2.213963e-01 2.524875e-01 3.143765e-01 3.233755e-01 3.259426e-01 3.391090e-01 3.512614e-01 3.074628e-01 2.813706e-01 2.489986e-01
<GCONST> 9.778201e+01
<STATE> 3
<MEAN> 39
 7.098429e+00 -7.586976e+00 8.239729e+00 -4.657943e+00 -9.914257e+00 8.274694e+00 -1.036478e+01 1.436299e+00 3.775311e+00 -6.503459e+00 2.449279e+00 -4.405968e+00 5.055135e+01 8.772268e-03 -8.883393e-03 -1.178809e-02 -3.449704e-03 1.430637e-03 5.284250e-03 6.414301e-03 -3.692166e-04 3.074055e-03 7.885233e-03 -8.493249e-05 -5.665041e-03 7.848708e-03 -5.968160e-03 2.649897e-03 2.561952e-03 4.053658e-03 2.966711e-03 -1.870705e-03 9.515614e-04 1.397209e-03 -4.774785e-04 1.770395e-03 -5.582703e-05 -6.916156e-04 -5.328688e-03
<VARIANCE> 39
 9.106415e+01 4.331927e+01 6.406999e+01 3.881657e+01 4.872060e+01 2.774480e+01 4.507133e+01 2.774026e+01 3.034381e+01 2.686383e+01 2.262196e+01 1.797656e+01 1.265954e+02 1.992299e+00 2.254250e+00 2.539313e+00 1.923649e+00 2.409596e+00 1.993931e+00 2.219375e+00 1.802504e+00 1.859573e+00 1.803715e+00 1.598987e+00 1.401608e+00 2.790158e+00 2.576222e-01 3.516462e-01 3.714920e-01 3.098581e-01 3.981979e-01 3.715194e-01 3.879337e-01 3.159974e-01 3.333488e-01 3.365031e-01 2.962301e-01 2.758200e-01 3.093670e-01
<GCONST> 1.143176e+02
<STATE> 4
<MEAN> 39
 -4.303858e+00 -3.085639e+00 5.792526e+00 6.694191e-01 -4.326689e+00 6.530375e+00 -4.522274e+00 1.941741e+00 1.418612e+00 -3.469452e+00 2.729573e+00 -2.874023e+00 3.724900e+01 -2.964420e-02 3.671256e-02 4.516776e-02 2.017269e-02 -6.584669e-03 -3.725608e-02 -1.597947e-02 3.495895e-03 -6.908966e-03 1.600651e-03 6.815434e-03 1.396019e-02 -2.879279e-02 8.772436e-03 2.756010e-04 9.035230e-04 2.908388e-03 2.746315e-03 3.265119e-03 1.370003e-03 -3.544713e-03 -1.062915e-03 -4.969077e-03 6.320697e-04 4.326019e-03 5.774451e-03
<VARIANCE> 39
 4.157528e+00 8.511080e+00 9.019319e+00 9.253449e+00 1.138132e+01 1.302884e+01 1.246849e+01 1.297410e+01 1.271555e+01 1.350284e+01 1.306907e+01 1.182471e+01 1.867096e+00 2.183925e-01 4.637868e-01 5.793043e-01 7.274108e-01 9.662871e-01 1.124598e+00 1.250775e+00 1.293998e+00 1.341848e+00 1.280489e+00 1.277090e+00 1.203171e+00 5.904463e-02 4.189597e-02 9.206144e-02 1.156670e-01 1.406409e-01 1.966354e-01 2.270001e-01 2.561067e-01 2.626553e-01 2.751302e-01 2.566541e-01 2.636268e-01 2.467365e-01 1.119673e-02
<GCONST> 7.075567e+01
<TRANSP> 5
 0.000000e+00 1.000000e+00 0.000000e+00 0.000000e+00 0.000000e+00
 0.000000e+00 9.961560e-01 3.844041e-03 0.000000e+00 0.000000e+00
 0.000000e+00 0.000000e+00 9.973336e-01 2.666328e-03 0.000000e+00
 0.000000e+00 0.000000e+00 0.000000e+00 9.899135e-01 1.008645e-02
 0.000000e+00 0.000000e+00 0.000000e+00 0.000000e+00 0.000000e+00
<ENDHMM>
