~o
<STREAMINFO> 1 39
<VECSIZE> 39<NULLD><MFCC_D_A_0><DIAGC>
~h "a"
<BEGINHMM>
<NUMSTATES> 5
<STATE> 2
<MEAN> 39
 1.037062e+01 -1.313791e+01 -1.369626e+00 -1.246246e+01 -1.493406e+01 7.742926e+00 -1.186327e+01 1.983341e+00 7.648548e+00 -5.111856e+00 1.088227e+00 -7.290897e+00 5.225039e+01 1.360550e+00 -2.761442e+00 -1.245343e+00 -1.003780e+00 2.071087e-01 1.161556e+00 -7.147330e-01 1.375256e+00 1.763316e+00 -8.465160e-01 -1.130218e+00 -1.167616e+00 2.121395e+00 -7.235363e-01 5.045055e-01 5.169714e-01 7.348353e-01 4.582903e-01 -2.646704e-01 1.982846e-01 1.330235e-02 -4.013246e-01 -1.959434e-01 -8.984840e-02 2.552282e-01 -7.126415e-01
<VARIANCE> 39
 9.777663e+00 4.412143e+01 7.924306e+01 2.750680e+01 1.409578e+02 6.747752e+01 2.323953e+01 2.586545e+01 2.733254e+01 3.780442e+01 2.785287e+01 1.992947e+01 1.643015e+01 2.850550e+00 2.688821e+00 3.894416e+00 2.563863e+00 3.483043e+00 2.516093e+00 2.789109e+00 2.083998e+00 2.047827e+00 2.602738e+00 1.631656e+00 1.712684e+00 2.922316e+00 3.551225e-01 6.596073e-01 8.292518e-01 5.123177e-01 1.040960e+00 7.817103e-01 4.730710e-01 4.569586e-01 4.018192e-01 6.346349e-01 3.937791e-01 3.843229e-01 3.368571e-01
<GCONST> 1.207026e+02
<STATE> 3
<MEAN> 39
 1.110008e+01 -1.688713e+01 -4.965086e+00 -1.418401e+01 -1.214189e+01 9.603830e+00 -1.132803e+01 6.694613e+00 9.945829e+00 -7.948855e+00 -2.052960e+00 -9.458098e+00 5.423681e+01 -1.211825e-01 1.632362e-01 -8.326937e-02 -1.553550e-01 -5.262808e-02 1.233662e-01 3.669301e-01 2.644294e-01 -1.314414e-01 -1.936348e-01 -3.882251e-02 6.349300e-02 -2.071456e-01 -1.391044e-01 3.913357e-01 1.449838e-01 1.103669e-01 -8.140241e-02 -1.755124e-01 1.224149e-01 -1.583134e-01 -1.929079e-01 1.721717e-01 2.223730e-01 1.782626e-01 -2.751602e-01
<VARIANCE> 39
 4.492919e+00 1.783672e+01 1.290262e+01 2.215565e+01 2.953121e+01 2.292929e+01 1.824096e+01 2.389052e+01 1.827826e+01 2.762450e+01 2.380420e+01 9.651323e+00 1.072408e+01 2.199086e-01 1.109505e+00 7.426029e-01 7.680365e-01 1.160642e+00 1.318349e+00 7.629402e-01 1.019351e+00 8.053462e-01 1.148571e+00 1.002104e+00 1.005629e+00 3.700379e-01 5.260151e-02 1.975782e-01 1.066183e-01 1.437395e-01 1.293422e-01 1.680541e-01 1.291079e-01 1.630427e-01 2.087395e-01 1.796912e-01 1.235094e-01 1.693202e-01 8.291569e-02
<GCONST> 7.940778e+01
<STATE> 4
<MEAN> 39
 6.396559e+00 -9.702702e+00 -2.206687e+00 -1.001971e+01 -1.090286e+01 8.159463e+00 -7.193285e+00 5.038494e+00 5.787934e+00 -6.382895e+00 6.621054e-01 -6.054433e+00 4.707474e+01 -1.427869e+00 1.735402e+00 1.053352e+00 1.639239e+00 8.859210e-01 -5.231532e-01 7.057648e-01 -7.581427e-01 -1.202080e+00 5.113863e-01 5.870576e-01 7.324107e-01 -1.725047e+00 -2.028266e-01 -3.810941e-02 2.376183e-02 1.545098e-01 2.531142e-01 8.554175e-02 7.664765e-03 -1.085758e-01 -1.332543e-01 -4.691264e-02 -1.865606e-02 2.345087e-02 -1.035742e-01
<VARIANCE> 39
 2.146962e+01 3.278939e+01 3.539098e+01 6.081960e+01 3.905450e+01 2.243525e+01 5.574228e+01 3.230324e+01 2.536822e+01 2.384474e+01 2.132711e+01 1.681577e+01 2.448056e+01 1.143906e+00 2.625668e+00 1.606866e+00 2.015181e+00 1.800732e+00 1.927063e+00 2.053240e+00 2.015670e+00 2.174214e+00 1.400677e+00 9.959965e-01 1.388178e+00 1.240880e+00 2.040876e-01 3.775496e-01 2.999743e-01 4.466296e-01 3.402480e-01 2.652034e-01 3.922992e-01 3.793040e-01 3.611345e-01 2.865458e-01 2.130717e-01 2.829374e-01 1.960116e-01
<GCONST> 1.066674e+02
<TRANSP> 5
 0.000000e+00 1.000000e+00 0.000000e+00 0.000000e+00 0.000000e+00
 0.000000e+00 6.582166e-01 3.417834e-01 0.000000e+00 0.000000e+00
 0.000000e+00 0.000000e+00 8.524582e-01 1.475418e-01 0.000000e+00
 0.000000e+00 0.000000e+00 0.000000e+00 7.600092e-01 2.399908e-01
 0.000000e+00 0.000000e+00 0.000000e+00 0.000000e+00 0.000000e+00
<ENDHMM>
