~o
<STREAMINFO> 1 39
<VECSIZE> 39<NULLD><MFCC_D_A_0><DIAGC>
~h "ah"
<BEGINHMM>
<NUMSTATES> 5
<STATE> 2
<MEAN> 39
 -5.241323e+00 1.579744e+01 -1.039592e+01 6.244903e+00 2.549244e+00 1.497054e+01 -5.056549e+00 -3.926751e+00 3.828288e+00 6.135370e+00 4.195743e+00 -4.261355e+00 3.592101e+01 5.504107e-02 4.767285e-03 -5.190061e-02 -3.495127e-02 1.617208e-01 -4.602033e-02 -7.044503e-02 -4.481656e-03 -1.286770e-01 -1.743234e-01 -7.609268e-02 9.136301e-03 3.888824e-02 -2.197728e-02 -1.067113e-02 -2.361953e-02 -3.641631e-02 -1.067361e-03 -1.166173e-02 1.157141e-02 1.058028e-02 2.333949e-02 1.335168e-02 2.212994e-02 1.299194e-02 -1.629611e-02
<VARIANCE> 39
 3.062264e+01 1.774160e+01 9.203318e+00 1.491865e+01 2.792237e+01 2.538295e+01 4.277101e+01 4.309496e+01 1.816421e+01 1.162731e+01 8.791232e+00 1.249816e+01 7.736357e+00 5.191486e-01 3.402042e-01 5.877172e-01 4.312953e-01 1.537020e+00 1.033666e+00 1.691095e+00 1.887456e+00 1.167327e+00 9.946363e-01 7.196306e-01 1.414175e+00 1.277632e-01 4.541547e-02 4.126465e-02 1.203598e-01 6.032136e-02 2.698209e-01 1.608910e-01 2.875221e-01 2.779022e-01 1.703698e-01 1.893569e-01 1.664390e-01 2.714917e-01 1.014640e-02
<GCONST> 7.771404e+01
<STATE> 3
<MEAN> 39
 -8.487723e+00 1.314220e+01 -1.313133e+01 3.056657e+00 1.310899e-01 1.133987e+01 -6.957113e+00 -4.718678e+00 2.466280e+00 4.271555e+00 3.699136e+00 -2.190683e+00 3.434337e+01 -5.738258e-01 -3.521885e-01 4.123333e-01 -1.026690e-02 1.847827e-02 2.847083e-01 4.504587e-01 1.001596e+00 1.308690e+00 -3.096237e-01 -4.316784e-01 -2.904040e-01 -2.881877e-01 1.073188e-01 9.780433e-02 2.558481e-01 1.884746e-01 -9.300567e-02 1.373968e-01 6.577548e-02 -1.549335e-01 -6.913345e-02 2.140236e-01 1.768431e-02 -2.125745e-01 4.885989e-02
<VARIANCE> 39
 4.938577e+01 4.475342e+01 1.158675e+01 8.706479e+00 2.352502e+01 1.925722e+01 1.130965e+01 1.805914e+01 3.218806e+01 5.807660e+00 1.943951e+01 1.117936e+01 1.080994e+01 1.443616e-01 3.094308e-01 5.824947e-01 5.130320e-01 4.178402e-01 2.285969e-01 1.009385e+00 1.583986e+00 7.973210e-01 1.640565e-01 9.496930e-01 3.473862e-01 3.235212e-02 3.491079e-02 1.068067e-01 8.671352e-02 3.465558e-02 7.981531e-02 1.042692e-01 1.096053e-01 1.352714e-01 1.424425e-01 1.577805e-01 2.467869e-01 9.917716e-02 6.168115e-03
<GCONST> 6.265723e+01
<STATE> 4
<MEAN> 39
 -1.396875e+01 8.097757e+00 -1.520151e+01 2.679583e+00 -5.908281e-02 1.362701e+01 -4.574374e+00 -2.024705e+00 4.953758e+00 5.050877e+00 3.896673e+00 -4.499612e+00 3.178649e+01 1.191258e-01 2.190728e-01 2.347555e-01 2.600180e-01 -1.681718e-02 1.427570e-01 1.756869e-01 -7.574836e-02 4.323527e-02 1.846485e-01 1.858777e-01 -1.427481e-01 4.091649e-02 1.444122e-02 -5.364574e-03 1.028708e-02 3.512040e-02 -2.369739e-02 -3.763049e-02 1.962745e-02 -6.503642e-02 -9.930080e-02 5.439303e-02 -1.665860e-02 9.971718e-02 1.373615e-02
<VARIANCE> 39
 2.483663e+01 2.155877e+01 1.063384e+01 8.524907e+00 9.426050e+00 1.031908e+01 1.642866e+01 1.679507e+01 1.108894e+01 1.238052e+01 1.266189e+01 9.581979e+00 5.085226e+00 1.195439e-01 4.446478e-01 5.890105e-01 8.010347e-01 5.553107e-01 8.378614e-01 1.079491e+00 7.011510e-01 6.030693e-01 9.236850e-01 1.270276e+00 4.829184e-01 1.924127e-02 3.568096e-02 1.195661e-01 1.455965e-01 1.421712e-01 1.104280e-01 1.597884e-01 2.511807e-01 1.561388e-01 1.901336e-01 1.647460e-01 2.217139e-01 7.147563e-02 5.564582e-03
<GCONST> 6.484794e+01
<TRANSP> 5
 0.000000e+00 1.000000e+00 0.000000e+00 0.000000e+00 0.000000e+00
 0.000000e+00 9.047484e-01 9.525162e-02 0.000000e+00 0.000000e+00
 0.000000e+00 0.000000e+00 2.507722e-01 7.492278e-01 0.000000e+00
 0.000000e+00 0.000000e+00 0.000000e+00 7.857163e-01 2.142837e-01
 0.000000e+00 0.000000e+00 0.000000e+00 0.000000e+00 0.000000e+00
<ENDHMM>
