~o
<STREAMINFO> 1 39
<VECSIZE> 39<NULLD><MFCC_D_A_0><DIAGC>
~h "e"
<BEGINHMM>
<NUMSTATES> 5
<STATE> 2
<MEAN> 39
 8.194489e+00 -5.696788e+00 7.976273e+00 -1.353555e+01 -2.726628e+01 3.620246e+00 -5.522786e+00 1.129409e+00 2.091625e+00 -7.941726e+00 3.222027e+00 -4.383138e+00 4.887687e+01 1.992337e-01 -3.128564e+00 8.384374e-01 -1.676579e+00 -2.812112e+00 1.714810e+00 1.792608e+00 1.169582e+00 4.461465e-01 -1.217869e-01 1.484983e+00 1.169781e-02 1.649073e+00 -3.233881e-01 4.586302e-01 6.314832e-01 8.756650e-01 6.352403e-01 -4.387465e-01 -9.549510e-01 -5.447617e-01 -2.444528e-01 -1.879445e-01 -2.630460e-02 2.156656e-01 -3.573978e-01
<VARIANCE> 39
 1.332938e-01 3.755122e+01 1.192482e+01 3.066034e+00 1.338163e+01 5.493698e+00 4.922606e+01 5.990697e+00 2.360239e+01 6.041998e+00 9.331923e+00 3.821887e+00 6.750494e+00 1.432157e-01 5.889050e-01 4.863069e-01 2.109343e+00 3.353889e-01 1.032177e+00 2.813517e-01 1.642136e+00 9.387988e-01 2.473513e-01 7.854916e-01 7.659042e-01 6.203552e-02 1.400373e-02 6.454284e-01 1.614361e-02 6.409701e-02 1.244966e-01 6.012743e-02 8.679743e-01 1.224517e-01 5.987192e-01 1.916730e-01 3.496111e-01 6.606185e-02 6.742349e-02
<GCONST> 6.093999e+01
<STATE> 3
<MEAN> 39
 8.221211e+00 -9.288554e+00 1.109061e+01 -1.340817e+01 -3.067450e+01 3.077891e+00 -6.672837e+00 3.337430e+00 3.699649e+00 -9.700125e+00 3.083827e+00 -4.612941e+00 5.086425e+01 1.544071e-01 -1.964964e-01 -3.400544e-01 7.213420e-02 2.124014e-01 -3.295109e-01 -2.198906e-01 5.564225e-01 3.532783e-01 -2.219393e-01 -1.301118e-01 1.903755e-01 1.335900e-01 -1.459728e-02 1.376350e-01 -1.263601e-01 1.496599e-01 2.975080e-01 -1.536659e-01 -2.125457e-01 -4.545259e-02 6.496877e-02 7.419553e-02 -1.069808e-01 -4.352575e-02 -9.827006e-02
<VARIANCE> 39
 1.685324e+00 1.026440e+01 2.024497e+01 5.424747e+00 1.349819e+01 8.429390e+00 1.770621e+01 2.160035e+01 9.344237e+00 1.005061e+01 7.374846e+00 9.282961e+00 2.551970e+00 1.010546e-01 1.093972e+00 1.153167e+00 6.786306e-01 1.495327e+00 9.726781e-01 1.726830e+00 1.043910e+00 9.189966e-01 8.188944e-01 7.157215e-01 7.410002e-01 2.245076e-01 2.277465e-02 2.170036e-01 9.214691e-02 1.440027e-01 1.718716e-01 1.159437e-01 2.926291e-01 2.287509e-01 1.762720e-01 2.498099e-01 1.314754e-01 1.579681e-01 5.334484e-02
<GCONST> 6.953735e+01
<STATE> 4
<MEAN> 39
 1.070120e+01 -1.106651e+01 2.608995e+00 -1.101317e+01 -2.285653e+01 -3.901705e+00 -1.120264e+01 1.073829e+01 8.757799e+00 -1.240618e+01 -3.040280e-01 -2.772727e+00 5.158249e+01 -2.654559e-01 -6.099985e-02 -8.597617e-01 1.429839e+00 2.814343e+00 -8.334358e-01 -2.464441e+00 -4.869043e-01 1.684038e+00 1.904878e+00 -7.259747e-01 -1.166049e+00 -4.519257e-01 -1.796782e-01 3.469612e-01 1.254140e-01 -1.249095e-01 4.820128e-02 5.532125e-01 2.572124e-01 -8.444961e-01 3.336696e-02 9.139457e-01 8.996189e-02 -2.806337e-01 -2.080514e-01
<VARIANCE> 39
 1.529508e+00 1.023310e+01 1.151726e+01 1.304303e+01 3.765490e+01 9.248127e+00 1.053342e+01 1.542879e+01 6.767493e+00 1.370768e+01 3.290689e+00 2.478788e+00 3.943485e+00 3.151481e-01 7.074169e-01 6.982968e-01 4.527182e-01 6.174276e-01 3.136117e-02 1.301622e+00 2.081159e+00 1.124186e+00 2.541752e+00 5.317998e-01 6.717256e-01 4.858413e-01 5.094967e-02 1.997974e-01 6.813297e-02 1.116622e-01 8.865023e-02 2.026594e-01 3.009458e-01 2.673272e-01 7.713855e-02 2.187881e-01 1.294858e-01 7.123133e-02 9.407056e-02
<GCONST> 6.494609e+01
<TRANSP> 5
 0.000000e+00 1.000000e+00 0.000000e+00 0.000000e+00 0.000000e+00
 0.000000e+00 8.487628e-10 1.000000e+00 0.000000e+00 0.000000e+00
 0.000000e+00 0.000000e+00 9.367088e-01 6.329121e-02 0.000000e+00
 0.000000e+00 0.000000e+00 0.000000e+00 4.814658e-07 9.999995e-01
 0.000000e+00 0.000000e+00 0.000000e+00 0.000000e+00 0.000000e+00
<ENDHMM>
