~o
<STREAMINFO> 1 39
<VECSIZE> 39<NULLD><MFCC_D_A_0><DIAGC>
~h "a"
<BEGINHMM>
<NUMSTATES> 5
<STATE> 2
<MEAN> 39
 1.037062e+01 -1.313791e+01 -1.369626e+00 -1.246246e+01 -1.493406e+01 7.742926e+00 -1.186327e+01 1.983341e+00 7.648548e+00 -5.111856e+00 1.088227e+00 -7.290897e+00 5.225039e+01 1.360550e+00 -2.761442e+00 -1.245343e+00 -1.003780e+00 2.071087e-01 1.161556e+00 -7.147330e-01 1.375256e+00 1.763316e+00 -8.465160e-01 -1.130218e+00 -1.167616e+00 2.121395e+00 -7.235363e-01 5.045055e-01 5.169714e-01 7.348353e-01 4.582903e-01 -2.646704e-01 1.982846e-01 1.330235e-02 -4.013246e-01 -1.959434e-01 -8.984840e-02 2.552282e-01 -7.126415e-01
<VARIANCE> 39
 9.777663e+00 4.412143e+01 7.924306e+01 2.750680e+01 1.409578e+02 6.747752e+01 2.323953e+01 2.586545e+01 2.733254e+01 3.780442e+01 2.785287e+01 1.992947e+01 1.643015e+01 2.850550e+00 2.688821e+00 3.894416e+00 2.563863e+00 3.483043e+00 2.516093e+00 2.789109e+00 2.083998e+00 2.047827e+00 2.602738e+00 1.631656e+00 1.712684e+00 2.922316e+00 3.551225e-01 6.596073e-01 8.292518e-01 5.123177e-01 1.040960e+00 7.817103e-01 4.730710e-01 4.569586e-01 4.018192e-01 6.346349e-01 3.937791e-01 3.843229e-01 3.368571e-01
<GCONST> 1.207026e+02
<STATE> 3
<MEAN> 39
 1.110008e+01 -1.688713e+01 -4.965086e+00 -1.418401e+01 -1.214189e+01 9.603830e+00 -1.132803e+01 6.694613e+00 9.945829e+00 -7.948855e+00 -2.052960e+00 -9.458098e+00 5.423681e+01 -1.211825e-01 1.632362e-01 -8.326937e-02 -1.553550e-01 -5.262808e-02 1.233662e-01 3.669301e-01 2.644294e-01 -1.314414e-01 -1.936348e-01 -3.882251e-02 6.349300e-02 -2.071456e-01 -1.391044e-01 3.913357e-01 1.449838e-01 1.103669e-01 -8.140241e-02 -1.755124e-01 1.224149e-01 -1.583134e-01 -1.929079e-01 1.721717e-01 2.223730e-01 1.782626e-01 -2.751602e-01
<VARIANCE> 39
 4.492919e+00 1.783672e+01 1.290262e+01 2.215565e+01 2.953121e+01 2.292929e+01 1.824096e+01 2.389052e+01 1.827826e+01 2.762450e+01 2.380420e+01 9.651323e+00 1.072408e+01 2.199086e-01 1.109505e+00 7.426029e-01 7.680365e-01 1.160642e+00 1.318349e+00 7.629402e-01 1.019351e+00 8.053462e-01 1.148571e+00 1.002104e+00 1.005629e+00 3.700379e-01 5.260151e-02 1.975782e-01 1.066183e-01 1.437395e-01 1.293422e-01 1.680541e-01 1.291079e-01 1.630427e-01 2.087395e-01 1.796912e-01 1.235094e-01 1.693202e-01 8.291569e-02
<GCONST> 7.940778e+01
<STATE> 4
<MEAN> 39
 6.396559e+00 -9.702702e+00 -2.206687e+00 -1.001971e+01 -1.090286e+01 8.159463e+00 -7.193285e+00 5.038494e+00 5.787934e+00 -6.382895e+00 6.621054e-01 -6.054433e+00 4.707474e+01 -1.427869e+00 1.735402e+00 1.053352e+00 1.639239e+00 8.859210e-01 -5.231532e-01 7.057648e-01 -7.581427e-01 -1.202080e+00 5.113863e-01 5.870576e-01 7.324107e-01 -1.725047e+00 -2.028266e-01 -3.810941e-02 2.376183e-02 1.545098e-01 2.531142e-01 8.554175e-02 7.664765e-03 -1.085758e-01 -1.332543e-01 -4.691264e-02 -1.865606e-02 2.345087e-02 -1.035742e-01
<VARIANCE> 39
 2.146962e+01 3.278939e+01 3.539098e+01 6.081960e+01 3.905450e+01 2.243525e+01 5.574228e+01 3.230324e+01 2.536822e+01 2.384474e+01 2.132711e+01 1.681577e+01 2.448056e+01 1.143906e+00 2.625668e+00 1.606866e+00 2.015181e+00 1.800732e+00 1.927063e+00 2.053240e+00 2.015670e+00 2.174214e+00 1.400677e+00 9.959965e-01 1.388178e+00 1.240880e+00 2.040876e-01 3.775496e-01 2.999743e-01 4.466296e-01 3.402480e-01 2.652034e-01 3.922992e-01 3.793040e-01 3.611345e-01 2.865458e-01 2.130717e-01 2.829374e-01 1.960116e-01
<GCONST> 1.066674e+02
<TRANSP> 5
 0.000000e+00 1.000000e+00 0.000000e+00 0.000000e+00 0.000000e+00
 0.000000e+00 6.582166e-01 3.417834e-01 0.000000e+00 0.000000e+00
 0.000000e+00 0.000000e+00 8.524582e-01 1.475418e-01 0.000000e+00
 0.000000e+00 0.000000e+00 0.000000e+00 7.600092e-01 2.399908e-01
 0.000000e+00 0.000000e+00 0.000000e+00 0.000000e+00 0.000000e+00
<ENDHMM>
~h "au"
<BEGINHMM>
<NUMSTATES> 5
<STATE> 2
<MEAN> 39
 6.802981e+00 -7.286605e-01 8.079830e+00 -1.214457e+01 -2.654309e+01 -6.462630e+00 -1.256690e+01 5.884342e+00 1.105050e+01 -1.648566e+00 3.981776e+00 -8.139529e-01 4.535109e+01 1.535386e+00 -1.855645e+00 -2.523541e+00 -2.041323e+00 -5.083005e-01 1.060241e+00 1.903478e+00 2.957299e+00 1.307530e+00 -3.935645e-01 -4.651756e-01 -7.991840e-01 1.657692e+00 -5.551769e-01 -4.657377e-01 -9.841857e-01 7.471217e-01 2.301208e+00 1.391519e+00 5.386197e-01 -4.361035e-01 -8.711862e-01 -1.592300e-01 -1.165274e-01 -5.990192e-01 -3.756151e-01
<VARIANCE> 39
 2.354189e+00 4.069641e+00 2.239804e+01 9.348725e+00 1.027167e+01 7.773003e+00 6.802495e+00 2.352422e+01 4.485596e+00 1.711875e+01 1.519840e+01 5.437084e+00 2.550942e+00 2.575487e-01 2.973932e-01 2.883154e+00 1.652000e+00 7.456155e+00 2.523835e+00 6.110976e-01 1.594173e+00 1.800108e+00 2.679830e+00 1.143378e+00 7.920414e-01 1.459078e-01 2.252898e-02 5.722171e-02 4.855365e-01 1.957291e-01 3.425213e-01 1.529754e-01 5.406384e-01 7.353520e-01 3.537892e-01 7.300334e-01 4.689456e-01 1.244196e-01 1.978640e-02
<GCONST> 7.888197e+01
<STATE> 3
<MEAN> 39
 4.066461e+00 -7.213808e+00 -5.459731e+00 -1.564430e+01 -1.539601e+01 4.388461e+00 -6.606761e+00 4.341368e+00 6.828058e+00 7.895888e-03 6.809088e+00 -2.982611e+00 4.412733e+01 -6.272434e-01 -1.420438e-01 -5.035992e-01 -9.569326e-02 4.375395e-01 3.754940e-01 4.257320e-01 -1.933711e-01 -4.538915e-01 9.599238e-02 2.329691e-01 2.386658e-01 -4.791021e-01 7.273270e-02 9.451328e-02 8.545592e-02 -1.194458e-01 -2.175701e-01 -9.725945e-02 -5.580371e-02 -6.209131e-02 -2.480107e-03 2.324948e-02 1.113830e-01 9.676994e-02 2.674288e-02
<VARIANCE> 39
 3.507463e+01 1.644756e+01 1.849045e+01 3.374324e+01 3.405010e+01 2.018796e+01 1.871436e+01 2.622552e+01 2.388707e+01 1.186734e+01 2.210684e+01 2.967728e+01 2.118036e+01 1.873781e+00 1.832341e+00 3.938166e+00 4.389540e+00 3.664226e+00 2.512215e+00 1.163412e+00 2.445369e+00 1.758008e+00 1.513458e+00 3.103720e+00 2.498825e+00 1.200765e+00 4.794705e-01 2.684619e-01 6.691823e-01 1.060338e+00 5.738957e-01 2.954108e-01 3.038048e-01 5.946831e-01 2.775685e-01 2.352778e-01 6.842560e-01 3.770768e-01 3.076957e-01
<GCONST> 1.118040e+02
<STATE> 4
<MEAN> 39
 1.866819e+00 -5.790040e+00 -1.043336e+01 -2.113152e+01 -1.970941e+01 4.065712e+00 -8.147067e-01 6.947500e+00 4.076578e+00 -1.023033e+00 9.084625e+00 1.801519e+00 4.149895e+01 2.866683e+00 -1.435198e+00 -2.665076e+00 -4.482649e+00 -2.654438e+00 1.327850e+00 6.408272e-01 9.175178e-01 5.163943e-01 4.571931e-01 2.043377e+00 1.766630e-02 2.404855e+00 1.840876e-02 -3.860970e-01 3.984480e-01 2.259809e-01 3.609000e-01 4.648801e-01 -1.675434e-01 -1.404841e-01 -5.975871e-02 -1.425020e-01 -2.693603e-01 -2.065016e-01 2.224339e-01
<VARIANCE> 39
 6.285616e+00 1.042977e+01 7.700979e+00 3.929477e+00 7.865508e+00 5.797161e+01 1.651901e+01 1.612338e+01 5.057987e+00 1.137298e+01 9.994303e+00 5.441627e+00 4.710055e+00 2.314680e+00 1.753154e-01 2.435769e+00 5.439407e+00 1.503422e+00 1.140175e+00 2.126817e-01 4.934498e-01 6.162921e-01 8.601782e-01 1.063748e+00 1.290154e+00 1.588892e+00 2.273416e-01 9.967613e-02 2.930622e-01 4.514126e-01 3.206698e-01 1.830120e-01 2.016140e-01 2.378542e-01 2.573249e-01 2.602537e-01 8.867636e-02 1.478865e-01 1.217214e-01
<GCONST> 7.986032e+01
<TRANSP> 5
 0.000000e+00 1.000000e+00 0.000000e+00 0.000000e+00 0.000000e+00
 0.000000e+00 6.000068e-01 3.999932e-01 0.000000e+00 0.000000e+00
 0.000000e+00 0.000000e+00 9.354838e-01 6.451627e-02 0.000000e+00
 0.000000e+00 0.000000e+00 0.000000e+00 2.000067e-01 7.999933e-01
 0.000000e+00 0.000000e+00 0.000000e+00 0.000000e+00 0.000000e+00
<ENDHMM>
~h "b"
<BEGINHMM>
<NUMSTATES> 5
<STATE> 2
<MEAN> 39
 -6.290073e-01 4.127398e+00 1.250489e+01 5.140927e+00 -4.138683e+00 1.257059e-01 -1.331871e+01 -6.809626e+00 -5.560555e+00 -8.906795e+00 -1.122390e-02 -4.218812e+00 3.834211e+01 2.381615e+00 2.702397e+00 3.013339e+00 1.054237e+00 -5.760511e-01 -5.080945e-01 -1.965096e+00 -1.767186e+00 -1.448874e+00 -1.841193e+00 -3.433165e-01 1.404230e-02 1.210003e+00 -4.960328e-01 -7.440252e-01 -5.612704e-01 -2.027163e-01 -9.117053e-02 2.407554e-01 4.785502e-01 5.182853e-01 4.160665e-01 4.462346e-01 2.544209e-01 2.366968e-01 -2.073060e-01
<VARIANCE> 39
 5.196215e+00 6.319018e+00 1.637749e+01 9.364401e+00 6.713150e+00 1.260381e+01 5.853952e+00 5.407536e+00 1.069818e+01 1.313647e+01 6.382340e+00 6.434798e+00 1.957948e+00 6.960850e-01 1.308509e+00 6.548778e-01 1.216376e+00 1.148065e+00 1.204509e+00 1.839734e+00 1.854599e+00 1.885175e+00 2.185613e+00 6.833016e-01 6.828733e-01 2.365830e-01 1.311979e-01 4.846052e-01 3.573361e-01 4.241059e-01 5.263714e-01 3.036815e-01 3.921722e-01 4.289995e-01 2.059224e-01 3.162513e-01 1.655107e-01 8.262274e-02 3.701572e-02
<GCONST> 7.929166e+01
<STATE> 3
<MEAN> 39
 1.618078e+00 5.111487e+00 1.562523e+01 6.737133e+00 -4.648762e+00 1.032433e+00 -1.373893e+01 -6.357213e+00 -5.702200e+00 -1.045594e+01 -1.344837e-02 -2.566311e+00 3.980833e+01 5.805160e-01 -1.922668e-01 2.157649e-01 -5.937056e-01 -1.399820e+00 -5.043136e-01 -1.102867e-01 4.662127e-01 8.431198e-01 4.053802e-01 3.687955e-01 5.670102e-01 5.472713e-01 -6.602053e-02 -4.934250e-01 -2.247404e-01 -4.703177e-01 -8.048648e-01 -2.897682e-01 8.306686e-02 1.537174e-01 3.582014e-01 4.621474e-01 2.863913e-01 -6.452650e-02 1.429822e-01
<VARIANCE> 39
 2.753244e+00 6.909114e+00 8.750010e+00 8.901073e+00 1.048378e+01 9.443880e+00 1.286780e+01 1.858682e+01 1.572913e+01 1.292952e+01 1.134391e+01 1.006762e+01 2.002885e+00 4.995781e-01 7.245140e-01 1.081994e+00 1.779351e+00 5.098728e+00 1.974524e+00 1.031558e+00 2.547394e+00 1.072368e+00 1.993188e+00 1.763697e+00 1.084323e+00 3.523830e-01 1.935039e-01 2.789736e-01 4.348604e-01 2.303635e-01 6.622608e-01 3.246489e-01 3.188196e-01 7.001681e-01 3.181394e-01 4.531144e-01 3.701506e-01 3.038950e-01 1.098077e-01
<GCONST> 8.848985e+01
<STATE> 4
<MEAN> 39
 5.604798e+00 3.190026e+00 1.683486e+01 3.234154e-01 -1.937592e+01 -5.073774e+00 -1.511256e+01 -5.460658e+00 -6.905992e-01 -5.046503e+00 4.492326e+00 -5.950319e-01 4.408971e+01 1.228200e+00 -2.014567e+00 1.504403e+00 -2.155839e+00 -5.379711e+00 -7.158332e-01 -6.403029e-01 -7.566827e-01 1.301314e+00 1.355952e+00 1.319134e+00 -6.550812e-01 2.104362e+00 -1.818738e-01 -3.650040e-01 3.080661e-01 1.903534e-01 4.353083e-01 7.065842e-01 -3.814922e-02 -1.956311e-01 -2.790233e-01 -4.636285e-01 -2.632379e-01 -3.646889e-01 6.049929e-02
<VARIANCE> 39
 2.670366e+00 1.821609e+01 1.270313e+01 1.384374e+01 4.119020e+01 1.292503e+01 8.473154e+00 1.608291e+01 6.676159e+00 5.314795e+00 7.118075e+00 6.257671e+00 6.923440e+00 3.284586e-01 1.580685e+00 1.564653e+00 1.527556e+00 1.338124e+00 4.391794e+00 1.794626e+00 1.434691e+00 1.482424e+00 2.008486e+00 1.828608e+00 6.883043e-01 1.851568e-01 3.421857e-02 3.107942e-01 1.885790e-01 2.779523e-01 9.811859e-01 2.848787e-01 2.132669e-01 3.333248e-01 1.622378e-01 2.512441e-01 1.787695e-01 1.944336e-01 9.680020e-02
<GCONST> 8.348580e+01
<TRANSP> 5
 0.000000e+00 1.000000e+00 0.000000e+00 0.000000e+00 0.000000e+00
 0.000000e+00 5.035833e-01 4.964168e-01 0.000000e+00 0.000000e+00
 0.000000e+00 0.000000e+00 7.991033e-01 2.008967e-01 0.000000e+00
 0.000000e+00 0.000000e+00 0.000000e+00 5.019611e-01 4.980390e-01
 0.000000e+00 0.000000e+00 0.000000e+00 0.000000e+00 0.000000e+00
<ENDHMM>
~h "d"
<BEGINHMM>
<NUMSTATES> 5
<STATE> 2
<MEAN> 39
 -1.551824e+00 1.200531e+00 1.094042e+01 2.951975e+00 -5.605814e+00 2.618038e+00 -1.049081e+01 -2.332245e+00 -2.859268e+00 -7.341910e+00 1.666067e+00 -4.014536e+00 3.849375e+01 8.987448e-01 1.323499e+00 8.879965e-01 6.697926e-01 3.696134e-01 2.758665e-01 -2.055606e-01 -5.607623e-01 -5.966560e-01 -6.137856e-01 -5.670629e-01 -2.269213e-01 2.896037e-01 -1.586826e-01 -3.039089e-01 -3.579918e-01 -3.558456e-01 -2.416491e-01 -7.727987e-02 -5.619766e-03 1.289332e-01 2.747209e-01 3.127681e-01 3.103277e-01 1.449638e-01 -5.093293e-02
<VARIANCE> 39
 3.425776e+01 3.118712e+01 4.519152e+01 1.462293e+01 2.612207e+01 1.776178e+01 3.339593e+01 2.049017e+01 1.611379e+01 2.083241e+01 1.236545e+01 4.901140e+00 1.473052e+01 4.057133e+00 1.743100e+00 4.050243e+00 2.085962e+00 4.189397e+00 2.061851e+00 4.394677e+00 2.211965e+00 1.923439e+00 1.340307e+00 1.601326e+00 1.025488e+00 2.705284e+00 4.596419e-01 5.579495e-01 7.221426e-01 5.337700e-01 4.244408e-01 4.245289e-01 7.743320e-01 4.075952e-01 3.647312e-01 3.447198e-01 3.045273e-01 1.445678e-01 1.793181e-01
<GCONST> 1.092858e+02
<STATE> 3
<MEAN> 39
 1.092750e+00 4.244277e+00 1.199831e+01 2.938885e+00 -5.841754e+00 1.252388e+00 -1.270491e+01 -3.525734e+00 -2.164715e+00 -6.973395e+00 1.353192e+00 -4.663013e+00 3.946823e+01 2.021585e-01 1.170203e-01 -7.879004e-01 -9.190588e-01 -5.537065e-01 -7.992210e-01 -4.467074e-01 4.018771e-02 5.949191e-01 8.826784e-01 6.048217e-01 4.044819e-01 1.140823e-02 5.876817e-01 -2.773288e-01 8.644434e-02 -8.307662e-01 -1.427337e+00 -8.603111e-01 -6.513431e-01 -1.604413e-01 2.820298e-01 3.010451e-01 5.358760e-01 2.807145e-01 6.084209e-01
<VARIANCE> 39
 5.254013e+00 5.789811e+00 1.438159e+01 8.665978e+00 1.638743e+01 1.626441e+01 1.206412e+01 1.297844e+01 1.022861e+01 1.391867e+01 8.273582e+00 1.381462e+01 2.658333e+00 1.954173e+00 1.058272e+00 1.209470e+00 3.077270e+00 8.252465e+00 3.627992e+00 2.433748e+00 1.616906e+00 1.131041e+00 1.464747e+00 1.418833e+00 2.034787e+00 1.326089e+00 1.157819e-01 2.099953e-01 2.839939e-01 2.508535e-01 4.690011e-01 4.592050e-01 3.820021e-01 4.044167e-01 2.626248e-01 2.657039e-01 2.230274e-01 3.448440e-01 9.686445e-02
<GCONST> 9.256542e+01
<STATE> 4
<MEAN> 39
 6.244091e+00 3.637497e+00 9.765141e+00 -5.427176e+00 -1.656190e+01 -5.502566e+00 -1.728504e+01 -5.006368e+00 3.406644e-01 -3.319199e+00 5.813587e+00 3.429371e-02 4.356863e+01 1.685779e+00 -5.867648e-01 -4.375460e-01 -2.245927e+00 -2.910077e+00 -1.513742e+00 -1.498033e+00 -2.010895e-01 9.496168e-01 6.926090e-01 1.167309e+00 4.288709e-01 1.526072e+00 -2.378132e-01 -2.753972e-01 -1.294539e-01 2.821639e-01 6.916149e-01 8.061436e-01 3.426591e-01 3.067269e-02 -2.478687e-01 -2.944268e-01 -1.715349e-01 -2.609080e-01 -9.140321e-02
<VARIANCE> 39
 1.060137e+01 6.395805e+00 1.495294e+01 1.185526e+01 2.368469e+01 2.833727e+01 1.549892e+01 1.365062e+01 8.975676e+00 1.376111e+01 1.036049e+01 6.278686e+00 8.035710e+00 6.654549e-01 1.240732e+00 2.444761e+00 1.562712e+00 4.840583e+00 4.678788e+00 1.559396e+00 1.650173e+00 1.453970e+00 1.646110e+00 1.264269e+00 9.745870e-01 3.850927e-01 1.276454e-01 1.905114e-01 2.507358e-01 1.780581e-01 8.156930e-01 5.081915e-01 1.495366e-01 3.786236e-01 1.843386e-01 3.065304e-01 2.525566e-01 1.184893e-01 7.899027e-02
<GCONST> 8.985322e+01
<TRANSP> 5
 0.000000e+00 1.000000e+00 0.000000e+00 0.000000e+00 0.000000e+00
 0.000000e+00 6.003470e-01 3.996531e-01 0.000000e+00 0.000000e+00
 0.000000e+00 0.000000e+00 6.887145e-01 3.112855e-01 0.000000e+00
 0.000000e+00 0.000000e+00 0.000000e+00 6.315303e-01 3.684697e-01
 0.000000e+00 0.000000e+00 0.000000e+00 0.000000e+00 0.000000e+00
<ENDHMM>
~h "e"
<BEGINHMM>
<NUMSTATES> 5
<STATE> 2
<MEAN> 39
 8.194489e+00 -5.696788e+00 7.976273e+00 -1.353555e+01 -2.726628e+01 3.620246e+00 -5.522786e+00 1.129409e+00 2.091625e+00 -7.941726e+00 3.222027e+00 -4.383138e+00 4.887687e+01 1.992337e-01 -3.128564e+00 8.384374e-01 -1.676579e+00 -2.812112e+00 1.714810e+00 1.792608e+00 1.169582e+00 4.461465e-01 -1.217869e-01 1.484983e+00 1.169781e-02 1.649073e+00 -3.233881e-01 4.586302e-01 6.314832e-01 8.756650e-01 6.352403e-01 -4.387465e-01 -9.549510e-01 -5.447617e-01 -2.444528e-01 -1.879445e-01 -2.630460e-02 2.156656e-01 -3.573978e-01
<VARIANCE> 39
 1.332938e-01 3.755122e+01 1.192482e+01 3.066034e+00 1.338163e+01 5.493698e+00 4.922606e+01 5.990697e+00 2.360239e+01 6.041998e+00 9.331923e+00 3.821887e+00 6.750494e+00 1.432157e-01 5.889050e-01 4.863069e-01 2.109343e+00 3.353889e-01 1.032177e+00 2.813517e-01 1.642136e+00 9.387988e-01 2.473513e-01 7.854916e-01 7.659042e-01 6.203552e-02 1.400373e-02 6.454284e-01 1.614361e-02 6.409701e-02 1.244966e-01 6.012743e-02 8.679743e-01 1.224517e-01 5.987192e-01 1.916730e-01 3.496111e-01 6.606185e-02 6.742349e-02
<GCONST> 6.093999e+01
<STATE> 3
<MEAN> 39
 8.221211e+00 -9.288554e+00 1.109061e+01 -1.340817e+01 -3.067450e+01 3.077891e+00 -6.672837e+00 3.337430e+00 3.699649e+00 -9.700125e+00 3.083827e+00 -4.612941e+00 5.086425e+01 1.544071e-01 -1.964964e-01 -3.400544e-01 7.213420e-02 2.124014e-01 -3.295109e-01 -2.198906e-01 5.564225e-01 3.532783e-01 -2.219393e-01 -1.301118e-01 1.903755e-01 1.335900e-01 -1.459728e-02 1.376350e-01 -1.263601e-01 1.496599e-01 2.975080e-01 -1.536659e-01 -2.125457e-01 -4.545259e-02 6.496877e-02 7.419553e-02 -1.069808e-01 -4.352575e-02 -9.827006e-02
<VARIANCE> 39
 1.685324e+00 1.026440e+01 2.024497e+01 5.424747e+00 1.349819e+01 8.429390e+00 1.770621e+01 2.160035e+01 9.344237e+00 1.005061e+01 7.374846e+00 9.282961e+00 2.551970e+00 1.010546e-01 1.093972e+00 1.153167e+00 6.786306e-01 1.495327e+00 9.726781e-01 1.726830e+00 1.043910e+00 9.189966e-01 8.188944e-01 7.157215e-01 7.410002e-01 2.245076e-01 2.277465e-02 2.170036e-01 9.214691e-02 1.440027e-01 1.718716e-01 1.159437e-01 2.926291e-01 2.287509e-01 1.762720e-01 2.498099e-01 1.314754e-01 1.579681e-01 5.334484e-02
<GCONST> 6.953735e+01
<STATE> 4
<MEAN> 39
 1.070120e+01 -1.106651e+01 2.608995e+00 -1.101317e+01 -2.285653e+01 -3.901705e+00 -1.120264e+01 1.073829e+01 8.757799e+00 -1.240618e+01 -3.040280e-01 -2.772727e+00 5.158249e+01 -2.654559e-01 -6.099985e-02 -8.597617e-01 1.429839e+00 2.814343e+00 -8.334358e-01 -2.464441e+00 -4.869043e-01 1.684038e+00 1.904878e+00 -7.259747e-01 -1.166049e+00 -4.519257e-01 -1.796782e-01 3.469612e-01 1.254140e-01 -1.249095e-01 4.820128e-02 5.532125e-01 2.572124e-01 -8.444961e-01 3.336696e-02 9.139457e-01 8.996189e-02 -2.806337e-01 -2.080514e-01
<VARIANCE> 39
 1.529508e+00 1.023310e+01 1.151726e+01 1.304303e+01 3.765490e+01 9.248127e+00 1.053342e+01 1.542879e+01 6.767493e+00 1.370768e+01 3.290689e+00 2.478788e+00 3.943485e+00 3.151481e-01 7.074169e-01 6.982968e-01 4.527182e-01 6.174276e-01 3.136117e-02 1.301622e+00 2.081159e+00 1.124186e+00 2.541752e+00 5.317998e-01 6.717256e-01 4.858413e-01 5.094967e-02 1.997974e-01 6.813297e-02 1.116622e-01 8.865023e-02 2.026594e-01 3.009458e-01 2.673272e-01 7.713855e-02 2.187881e-01 1.294858e-01 7.123133e-02 9.407056e-02
<GCONST> 6.494609e+01
<TRANSP> 5
 0.000000e+00 1.000000e+00 0.000000e+00 0.000000e+00 0.000000e+00
 0.000000e+00 8.487628e-10 1.000000e+00 0.000000e+00 0.000000e+00
 0.000000e+00 0.000000e+00 9.367088e-01 6.329121e-02 0.000000e+00
 0.000000e+00 0.000000e+00 0.000000e+00 4.814658e-07 9.999995e-01
 0.000000e+00 0.000000e+00 0.000000e+00 0.000000e+00 0.000000e+00
<ENDHMM>
~h "f"
<BEGINHMM>
<NUMSTATES> 5
<STATE> 2
<MEAN> 39
 5.600975e+00 -2.362628e+00 -2.955220e-01 -1.172992e+01 -1.134431e+01 9.705092e+00 -8.860341e-01 4.606809e+00 2.691348e+00 -2.929536e+00 7.197052e+00 -1.051932e+00 4.406363e+01 -2.957020e+00 9.648122e-01 9.518281e-02 3.139223e+00 2.952815e+00 -8.189473e-01 6.933923e-01 -5.273772e-03 1.630179e-01 8.018429e-01 -9.959601e-01 -2.198123e-01 -2.899325e+00 -2.655675e-01 -7.018703e-01 -2.202878e-01 -2.124924e-01 -8.541810e-02 -5.598781e-02 -7.125806e-01 -3.135326e-01 -1.892421e-01 -1.996551e-01 5.103396e-02 -1.947979e-01 8.755830e-02
<VARIANCE> 39
 9.618394e+00 6.566504e+00 3.890385e+00 1.729492e+01 2.421686e+01 1.674677e+01 9.492284e+00 1.248839e+01 7.780321e+00 1.432270e+01 2.034409e+01 7.599116e+00 8.465708e+00 2.308861e-01 9.407694e-01 6.498837e-01 1.191214e+00 1.046668e+00 1.412425e+00 1.384215e+00 1.065543e+00 1.081595e+00 1.184257e+00 9.409477e-01 1.272144e+00 2.113538e-01 9.491251e-02 1.621159e-01 8.266512e-02 2.656531e-01 5.223383e-01 3.197841e-01 1.911706e-01 3.097643e-01 2.084947e-01 1.857376e-01 2.672915e-01 2.027419e-01 8.010751e-02
<GCONST> 7.927272e+01
<STATE> 3
<MEAN> 39
 -1.897610e+00 -3.561110e+00 -1.032571e+00 -7.179715e+00 -7.242218e+00 6.205944e+00 -4.338183e+00 2.677631e+00 3.292372e+00 -2.209445e+00 4.621442e+00 -1.828844e+00 3.848516e+01 -2.347793e+00 -9.260945e-01 9.103732e-02 1.699773e+00 1.171750e+00 -9.442611e-01 -1.105463e+00 -3.651323e-01 -2.252790e-01 -3.172405e-02 -6.741911e-01 -4.623658e-01 -1.497174e+00 4.547879e-01 -3.308326e-01 7.175806e-02 -3.837804e-01 -3.648786e-01 2.667452e-01 -9.497971e-02 4.426752e-02 -1.593251e-01 -1.885411e-01 1.697558e-01 -1.322929e-03 5.364459e-01
<VARIANCE> 39
 4.518743e+00 9.030312e+00 4.854506e+00 7.197368e+00 6.987052e+00 1.083391e+01 9.127107e+00 8.693077e+00 9.200826e+00 1.088149e+01 9.432868e+00 9.838259e+00 1.265627e+00 5.381348e-01 9.332342e-01 5.547765e-01 9.058739e-01 1.525620e+00 1.776622e+00 1.049284e+00 1.475969e+00 1.236266e+00 1.335067e+00 1.575188e+00 1.023504e+00 3.533981e-01 5.739008e-02 1.625498e-01 9.163482e-02 2.111555e-01 3.274022e-01 3.504182e-01 3.235111e-01 2.754108e-01 2.316236e-01 2.316539e-01 2.199909e-01 2.169297e-01 2.479030e-02
<GCONST> 7.414107e+01
<STATE> 4
<MEAN> 39
 -6.397673e+00 -5.872386e+00 7.737432e-02 -2.666043e+00 -3.337856e+00 5.942339e+00 -5.048372e+00 3.103617e+00 1.010007e+00 -2.898352e+00 3.293855e+00 -3.245370e+00 3.603801e+01 -9.009598e-01 -6.719481e-01 -6.836498e-02 4.826959e-01 6.668761e-01 2.341783e-01 -1.082735e-01 -2.876142e-01 -3.860788e-01 -1.521862e-01 -2.958031e-01 -1.543645e-01 -4.149058e-01 2.861769e-01 1.345174e-01 -7.187286e-02 -3.002190e-01 -2.361644e-01 1.680916e-01 1.684034e-01 -2.413815e-02 1.537827e-01 1.369777e-01 1.588889e-01 1.141778e-01 1.665670e-01
<VARIANCE> 39
 4.036240e+00 1.017416e+01 5.748117e+00 6.819436e+00 1.222575e+01 1.362669e+01 1.012457e+01 1.370919e+01 1.910871e+01 1.454384e+01 1.164471e+01 1.204511e+01 8.514821e-01 3.926447e-01 6.692921e-01 6.065866e-01 1.220126e+00 1.675215e+00 1.236861e+00 1.138205e+00 1.376264e+00 1.592274e+00 1.270081e+00 1.068354e+00 6.953894e-01 7.886977e-02 5.746168e-02 8.936511e-02 1.283706e-01 2.047300e-01 2.752840e-01 2.807022e-01 2.388050e-01 2.637069e-01 3.397552e-01 3.212535e-01 2.775254e-01 1.305626e-01 1.696247e-02
<GCONST> 7.308125e+01
<TRANSP> 5
 0.000000e+00 1.000000e+00 0.000000e+00 0.000000e+00 0.000000e+00
 0.000000e+00 4.825093e-01 5.174907e-01 0.000000e+00 0.000000e+00
 0.000000e+00 0.000000e+00 6.303638e-01 3.696362e-01 0.000000e+00
 0.000000e+00 0.000000e+00 0.000000e+00 7.410829e-01 2.589171e-01
 0.000000e+00 0.000000e+00 0.000000e+00 0.000000e+00 0.000000e+00
<ENDHMM>
~h "g"
<BEGINHMM>
<NUMSTATES> 5
<STATE> 2
<MEAN> 39
 2.348862e+00 4.605433e+00 1.465274e+01 2.940512e+00 -8.275298e+00 3.617527e+00 -8.022416e+00 -3.796133e+00 -5.214851e+00 -1.016087e+01 -4.251222e-01 -3.548722e+00 4.052761e+01 -7.317716e-01 1.777225e-01 -8.386274e-01 5.346481e-01 1.908483e+00 7.258008e-01 7.727917e-01 6.727142e-01 -4.667143e-01 -5.724017e-01 9.734506e-02 3.271301e-01 -7.847326e-01 8.695290e-02 -2.605116e-01 3.847658e-02 -3.189255e-01 -4.765105e-01 3.621918e-02 -1.962315e-01 -1.583369e-01 2.510827e-01 1.472702e-01 6.547448e-02 4.621742e-02 2.049282e-01
<VARIANCE> 39
 3.100271e+00 2.840173e+00 6.699178e+00 8.541142e+00 2.789776e+01 1.495260e+01 8.741670e+00 1.073361e+01 1.415277e+01 2.018503e+01 1.233387e+01 1.008990e+01 3.692964e+00 1.093545e-01 9.807810e-01 4.520517e-01 8.990384e-01 1.914855e+00 9.094573e-01 1.441117e+00 5.917804e-01 1.644686e+00 1.614760e+00 1.131374e+00 8.607311e-01 3.160847e-01 1.621309e-02 6.131586e-02 8.945803e-02 1.042236e-01 2.140065e-01 2.112791e-01 3.133112e-01 1.425159e-01 1.959363e-01 3.140694e-01 2.334421e-01 1.680538e-01 2.327881e-02
<GCONST> 6.973991e+01
<STATE> 3
<MEAN> 39
 1.241924e-01 3.222844e+00 1.103456e+01 1.308117e+00 -5.918821e+00 5.322359e+00 -6.204907e+00 -1.953115e+00 -3.086681e+00 -8.639783e+00 1.191500e+00 -1.373323e+00 3.902427e+01 1.091796e+00 -3.807378e-01 2.113065e-01 -1.700208e+00 -3.366948e+00 -1.718568e+00 -1.058274e+00 -6.824608e-01 8.307763e-01 1.278461e+00 8.912458e-01 3.572212e-01 1.128523e+00 6.589968e-01 -3.548758e-01 3.708935e-01 -4.923107e-01 -1.612739e+00 -7.141922e-01 -4.710787e-01 -1.576341e-02 3.379920e-01 2.869449e-01 1.178900e-01 -2.439304e-01 7.173609e-01
<VARIANCE> 39
 8.034404e+00 5.177174e+00 6.800604e+00 1.239743e+01 1.894904e+01 2.559357e+01 3.074311e+01 1.939031e+01 2.094031e+01 3.335814e+01 1.131519e+01 9.053831e+00 3.450677e+00 2.011675e+00 1.299080e+00 1.883055e+00 9.267463e-01 9.198461e+00 3.882728e+00 4.261612e+00 1.675685e+00 1.284299e+00 3.102677e+00 1.006701e+00 8.354392e-01 1.466329e+00 1.494949e-01 5.798185e-01 2.569684e-01 1.397299e-01 4.135477e-01 5.520626e-01 7.558720e-01 5.076512e-01 2.943648e-01 4.784907e-01 2.018988e-01 2.222740e-01 4.927605e-02
<GCONST> 9.720061e+01
<STATE> 4
<MEAN> 39
 7.981120e+00 -7.888361e-01 1.412085e+01 -6.914419e+00 -2.765038e+01 -4.704645e+00 -1.162904e+01 -3.748505e+00 1.559276e+00 -2.409822e+00 4.393594e+00 -2.764109e+00 4.758926e+01 2.008780e+00 -3.600935e+00 -2.794335e-01 -2.413687e+00 -5.348024e+00 -1.148187e+00 1.201152e-01 1.988597e+00 2.580385e+00 1.237425e+00 1.812927e-01 -9.279788e-01 3.105731e+00 -4.394032e-01 -6.965975e-01 -8.669272e-01 3.925045e-01 1.758441e+00 1.097385e+00 7.982640e-01 1.041754e+00 2.657186e-01 -5.573327e-01 -5.205908e-01 -2.028682e-01 -1.666054e-01
<VARIANCE> 39
 3.818874e+00 2.548857e+01 2.462047e+01 5.633573e+00 3.159531e+01 1.972152e+01 7.078578e+00 3.611077e+01 1.009866e+01 1.048321e+01 1.217332e+01 7.600443e+00 1.313552e+01 7.073827e-01 2.347709e+00 4.069767e+00 1.017165e+00 6.549318e+00 1.880633e+00 1.426458e+00 2.270376e+00 1.133320e+00 2.863357e+00 2.368103e+00 1.281067e+00 3.098533e-01 1.025152e-01 5.329930e-01 2.796649e-01 7.787026e-02 7.528061e-01 3.348166e-01 6.274249e-01 5.009494e-01 1.778344e-01 6.267200e-01 2.815333e-01 2.194456e-01 1.438224e-01
<GCONST> 9.547343e+01
<TRANSP> 5
 0.000000e+00 1.000000e+00 0.000000e+00 0.000000e+00 0.000000e+00
 0.000000e+00 8.335169e-01 1.664831e-01 0.000000e+00 0.000000e+00
 0.000000e+00 0.000000e+00 7.495866e-01 2.504134e-01 0.000000e+00
 0.000000e+00 0.000000e+00 0.000000e+00 5.714282e-01 4.285718e-01
 0.000000e+00 0.000000e+00 0.000000e+00 0.000000e+00 0.000000e+00
<ENDHMM>
~h "h"
<BEGINHMM>
<NUMSTATES> 5
<STATE> 2
<MEAN> 39
 -2.036773e+00 -4.271209e+00 1.431050e+00 -2.927624e+00 -6.841938e+00 4.194029e+00 -5.060621e+00 3.988090e+00 3.792103e+00 -1.192530e+00 5.241004e+00 -1.689017e+00 3.889279e+01 -1.149478e+00 3.516847e-01 8.756514e-01 1.208332e+00 8.677769e-01 3.022642e-01 1.011110e+00 5.850714e-01 -3.413275e-01 -7.977953e-02 -5.984443e-02 2.866225e-01 -9.429465e-01 2.313353e-01 -8.026474e-02 8.705416e-02 -1.373170e-01 -1.853197e-01 -2.720724e-02 -3.002535e-01 -1.739365e-01 -8.192080e-02 -1.120869e-01 1.033642e-02 -4.266782e-02 2.240866e-01
<VARIANCE> 39
 2.648700e+01 3.942457e+01 1.712657e+01 2.608791e+01 5.611829e+01 5.155132e+01 2.840844e+01 1.697116e+01 2.118349e+01 2.482257e+01 1.634845e+01 1.040048e+01 1.410058e+01 7.368852e-01 8.973521e-01 9.015833e-01 1.150711e+00 1.890591e+00 1.210735e+00 1.711659e+00 1.213919e+00 1.428065e+00 1.283722e+00 1.381998e+00 1.320014e+00 7.080585e-01 8.717757e-02 1.738791e-01 1.255508e-01 1.774544e-01 2.152395e-01 1.849871e-01 4.788073e-01 1.629559e-01 3.107128e-01 2.516837e-01 1.752671e-01 2.342846e-01 6.106240e-02
<GCONST> 9.266590e+01
<STATE> 3
<MEAN> 39
 -8.186139e-01 1.420603e+00 9.440202e+00 1.705141e+00 -6.279413e+00 1.092975e+00 -8.716679e+00 7.897723e-01 2.493946e+00 -1.028543e+00 6.530157e+00 -6.471956e-02 3.858423e+01 5.122947e-01 9.845172e-01 1.443986e+00 4.532457e-01 -5.826867e-01 -4.997796e-01 -7.182088e-01 -5.830366e-01 -8.453616e-01 -1.189662e+00 -3.868288e-01 1.577580e-01 2.020961e-01 5.495217e-01 -1.068999e-01 -1.873935e-01 -5.680715e-01 -7.083672e-01 -3.331164e-01 -7.598879e-01 -5.060696e-01 -1.471018e-01 -1.081992e-01 -2.630425e-02 -2.105113e-01 4.631783e-01
<VARIANCE> 39
 2.932547e+01 4.675621e+01 2.860816e+01 6.099501e+00 1.569419e+01 2.805624e+01 3.356413e+01 2.204199e+01 1.612181e+01 2.093569e+01 1.822766e+01 1.296468e+01 7.014215e+00 2.119298e+00 2.079678e+00 6.434410e-01 1.240777e+00 2.644599e+00 1.166898e+00 1.600065e+00 2.190157e+00 1.635971e+00 1.575693e+00 1.467199e+00 1.421973e+00 7.674482e-01 1.165185e-01 3.511325e-01 1.985185e-01 1.755698e-01 2.877426e-01 2.028752e-01 1.711738e-01 3.972168e-01 3.696880e-01 4.266482e-01 2.651036e-01 2.110674e-01 5.504538e-02
<GCONST> 9.533600e+01
<STATE> 4
<MEAN> 39
 7.395645e-02 -1.093787e+00 7.925850e+00 -4.058141e-01 -9.425837e+00 1.407776e+00 -9.468478e+00 -1.234745e+00 -2.645057e-01 -4.200385e+00 5.124738e+00 -9.263906e-01 4.012018e+01 4.617721e-01 -6.526291e-02 2.758595e-01 -8.863093e-01 -1.536356e+00 -1.088622e+00 -1.210830e+00 -5.982481e-01 -2.061057e-01 -1.547639e-01 -2.069827e-01 -4.590762e-01 5.043682e-01 -1.487929e-01 -2.797045e-01 -9.925984e-02 -3.244106e-02 1.108894e-01 1.530244e-01 1.512785e-01 1.141299e-01 1.766550e-01 1.609604e-01 1.368876e-02 1.100833e-02 -9.218329e-03
<VARIANCE> 39
 3.873782e+01 6.364220e+01 5.336123e+01 1.135904e+01 4.946652e+01 5.535837e+01 6.457304e+01 2.539977e+01 1.292268e+01 4.594783e+00 1.112009e+01 1.043094e+01 1.229388e+01 1.707391e+00 1.888865e+00 8.049681e-01 1.190240e+00 2.295739e+00 1.229212e+00 1.299948e+00 2.394564e+00 1.636438e+00 5.246445e-01 1.132843e+00 8.454973e-01 8.784381e-01 1.526646e-01 1.435890e-01 1.559402e-01 2.407413e-01 1.878228e-01 3.090749e-01 2.572741e-01 4.430398e-01 2.547532e-01 1.496975e-01 3.791521e-01 2.473294e-01 5.249530e-02
<GCONST> 9.483323e+01
<TRANSP> 5
 0.000000e+00 1.000000e+00 0.000000e+00 0.000000e+00 0.000000e+00
 0.000000e+00 6.490109e-01 3.509892e-01 0.000000e+00 0.000000e+00
 0.000000e+00 0.000000e+00 5.799829e-01 4.200171e-01 0.000000e+00
 0.000000e+00 0.000000e+00 0.000000e+00 6.914195e-01 3.085805e-01
 0.000000e+00 0.000000e+00 0.000000e+00 0.000000e+00 0.000000e+00
<ENDHMM>
~h "i"
<BEGINHMM>
<NUMSTATES> 5
<STATE> 2
<MEAN> 39
 4.389960e+00 1.387765e+00 1.510864e+01 -2.383948e+00 -1.989166e+01 -3.958391e+00 -1.600530e+01 -6.853481e+00 -1.189900e+00 -5.256388e+00 3.587776e+00 -2.113649e+00 4.379794e+01 1.274180e+00 -4.176897e-01 1.607873e+00 -1.014016e+00 -2.986487e+00 -4.104507e-01 -1.149716e+00 -1.079630e+00 1.955479e-01 -2.272771e-01 1.612301e-01 -3.308683e-01 1.481220e+00 -6.886565e-01 -4.594621e-01 -5.062554e-01 2.318545e-01 9.688137e-01 6.673187e-01 5.592605e-01 3.757243e-01 1.017191e-01 -7.500798e-03 -9.132501e-02 -2.555512e-02 -4.330184e-01
<VARIANCE> 39
 1.336385e+01 1.447351e+01 2.918543e+01 1.402310e+01 6.986273e+01 1.813560e+01 2.004923e+01 1.907618e+01 1.383344e+01 1.127985e+01 1.048394e+01 9.481837e+00 1.363636e+01 1.281213e+00 3.703849e+00 2.350101e+00 1.176865e+00 4.239288e+00 3.911860e+00 2.572372e+00 2.509044e+00 1.683108e+00 1.702358e+00 1.452912e+00 1.084841e+00 7.372602e-01 2.306199e-01 3.772717e-01 4.213226e-01 2.614047e-01 8.023548e-01 4.067759e-01 4.908183e-01 4.704492e-01 3.294134e-01 2.572176e-01 2.143531e-01 2.360234e-01 1.329014e-01
<GCONST> 1.020564e+02
<STATE> 3
<MEAN> 39
 6.914373e+00 -2.161999e+00 1.934033e+01 -3.737719e+00 -2.557389e+01 -2.749639e+00 -1.721298e+01 -7.003720e+00 7.734377e-01 -6.003378e+00 4.882719e+00 -2.966053e+00 4.797682e+01 6.449626e-03 -4.258653e-03 -2.990081e-01 7.543793e-02 4.921131e-01 1.425653e-01 7.602242e-02 1.111473e-01 -1.748534e-02 -5.644242e-02 -4.487152e-02 4.489685e-03 -4.949044e-02 -1.634152e-01 2.589286e-01 -2.981189e-01 2.171202e-01 6.179154e-01 2.670597e-02 1.341054e-01 1.007716e-01 -7.369510e-02 5.515987e-02 -1.226606e-01 7.752914e-03 -2.993273e-01
<VARIANCE> 39
 5.363465e+00 1.619505e+01 2.511468e+01 1.329814e+01 2.626106e+01 3.015141e+01 1.893124e+01 1.598255e+01 1.279125e+01 1.766351e+01 1.335006e+01 8.694283e+00 8.477081e+00 1.953644e-01 7.945415e-01 1.472065e+00 8.756685e-01 2.288726e+00 1.288607e+00 1.060959e+00 1.080902e+00 1.097019e+00 9.450922e-01 9.282009e-01 7.473482e-01 3.920695e-01 6.230859e-02 1.234272e-01 1.538331e-01 1.753364e-01 2.904051e-01 2.984492e-01 2.374752e-01 2.691469e-01 2.199305e-01 1.896514e-01 2.395380e-01 1.896293e-01 6.287275e-02
<GCONST> 8.228278e+01
<STATE> 4
<MEAN> 39
 1.338055e+00 1.572639e+00 1.123939e+01 -8.805681e-01 -1.204169e+01 -5.001627e-01 -1.329664e+01 -5.032344e+00 -2.216769e+00 -6.467535e+00 1.624159e+00 -3.200655e+00 4.065821e+01 -9.049281e-01 1.586629e-01 -8.681409e-01 6.305445e-01 1.926457e+00 6.929945e-01 8.459523e-01 5.247625e-01 -6.710778e-02 1.399243e-01 -4.146336e-01 -1.735926e-01 -9.312981e-01 -1.006584e-01 -1.921662e-01 -7.510433e-02 -3.368044e-02 -3.630858e-02 3.137968e-02 4.708390e-02 3.748221e-02 6.716485e-02 6.124373e-02 1.127375e-01 1.280066e-02 -2.987817e-03
<VARIANCE> 39
 2.060685e+01 1.755157e+01 2.486460e+01 1.474451e+01 4.367740e+01 2.420242e+01 2.335636e+01 1.641999e+01 1.710996e+01 1.333158e+01 1.615576e+01 1.011238e+01 1.424742e+01 3.280981e-01 1.779038e+00 8.857663e-01 1.169709e+00 2.961060e+00 1.621614e+00 2.193496e+00 1.641626e+00 1.786029e+00 1.322334e+00 1.872065e+00 9.469956e-01 5.422629e-01 4.712673e-02 1.270160e-01 1.350340e-01 1.575599e-01 2.913786e-01 2.321125e-01 3.039734e-01 2.658287e-01 2.955174e-01 2.431692e-01 3.118815e-01 2.064929e-01 4.271007e-02
<GCONST> 9.002770e+01
<TRANSP> 5
 0.000000e+00 1.000000e+00 0.000000e+00 0.000000e+00 0.000000e+00
 0.000000e+00 5.043247e-01 4.956753e-01 0.000000e+00 0.000000e+00
 0.000000e+00 0.000000e+00 8.356850e-01 1.643150e-01 0.000000e+00
 0.000000e+00 0.000000e+00 0.000000e+00 7.446819e-01 2.553181e-01
 0.000000e+00 0.000000e+00 0.000000e+00 0.000000e+00 0.000000e+00
<ENDHMM>
~h "j"
<BEGINHMM>
<NUMSTATES> 5
<STATE> 2
<MEAN> 39
 -9.088129e-01 4.046722e+00 1.251644e+01 3.243995e+00 -4.802242e+00 2.913695e+00 -1.114114e+01 -3.805731e+00 -3.245076e+00 -8.961702e+00 3.004480e-01 -4.481257e+00 3.811004e+01 -9.709638e-01 -1.064368e+00 -1.603178e+00 5.315818e-02 1.200256e+00 9.720681e-01 1.659175e+00 9.566946e-01 3.278659e-01 5.649510e-01 1.281403e-01 3.471394e-01 -5.978196e-01 -6.613003e-02 -3.300929e-01 9.849185e-02 -2.293322e-01 -5.164382e-01 -9.658761e-02 -1.069407e-01 1.167265e-01 1.927620e-01 1.533030e-01 3.484920e-01 1.772808e-01 1.285867e-01
<VARIANCE> 39
 2.880404e+00 5.801303e+00 1.354883e+01 3.335712e+00 1.629282e+01 1.727326e+01 1.595429e+01 1.162343e+01 1.274966e+01 1.205370e+01 8.689142e+00 9.984687e+00 1.080371e+00 2.392941e-01 1.361267e+00 5.214768e-01 7.908136e-01 1.446357e+00 6.968820e-01 7.618639e-01 1.203824e+00 9.731829e-01 1.174291e+00 1.271344e+00 1.102363e+00 1.940401e-01 4.655367e-02 1.803466e-01 1.733197e-01 6.390970e-02 1.499503e-01 2.753250e-01 2.229213e-01 2.868759e-01 2.573406e-01 2.168194e-01 2.165549e-01 2.252173e-01 3.300743e-02
<GCONST> 7.094997e+01
<STATE> 3
<MEAN> 39
 -5.473142e+00 -1.672335e+00 7.235533e+00 1.447940e+00 -4.587458e+00 4.657964e+00 -5.597648e+00 1.783072e+00 6.164600e-01 -5.035426e+00 1.836229e+00 -1.772672e+00 3.625782e+01 2.311804e-01 -3.326682e-02 1.793969e-01 -7.249311e-01 -1.823066e+00 -1.626786e+00 -9.784508e-01 -2.188460e-01 5.602552e-01 7.107903e-01 6.750573e-01 5.270585e-01 2.366348e-01 7.767923e-01 3.720900e-01 4.839934e-01 -2.633087e-01 -9.934208e-01 -7.429888e-01 -7.624940e-01 -4.425917e-01 -7.422023e-02 -1.373001e-01 4.076186e-03 -3.345599e-02 4.996940e-01
<VARIANCE> 39
 4.407865e+00 2.981447e+00 3.713534e+00 4.308925e+00 1.010461e+01 1.337258e+01 8.660164e+00 1.268487e+01 1.055971e+01 1.221945e+01 7.351242e+00 9.699415e+00 1.266506e+00 2.437616e+00 1.343332e+00 1.474083e+00 1.065630e+00 3.507353e+00 2.033003e+00 3.943410e+00 3.461528e+00 2.062059e+00 1.275640e+00 8.146513e-01 7.985827e-01 8.926945e-01 1.762317e-01 2.233030e-01 3.247440e-01 3.124693e-01 4.286562e-01 2.165590e-01 3.950476e-01 5.210058e-01 4.498599e-01 3.124435e-01 1.589098e-01 1.664198e-01 1.527421e-01
<GCONST> 8.567923e+01
<STATE> 4
<MEAN> 39
 2.798304e+00 2.879194e-01 1.097674e+01 -4.330605e+00 -2.125139e+01 -7.235783e+00 -1.468875e+01 -2.348836e+00 2.369709e+00 -3.080827e+00 5.433645e+00 -7.437344e-02 4.218336e+01 2.761259e+00 -1.038012e+00 4.739021e-01 -2.244637e+00 -5.320872e+00 -2.595769e+00 -8.484727e-01 1.529896e+00 1.772060e+00 -9.446051e-03 4.435334e-01 6.403013e-01 2.596331e+00 -2.316224e-01 -7.014555e-01 -7.596570e-01 2.001119e-02 1.009878e+00 9.778817e-01 9.958127e-01 1.072864e+00 3.695293e-01 -2.199129e-01 -3.818557e-01 -2.361808e-01 1.448469e-02
<VARIANCE> 39
 1.177523e+01 1.626595e+01 2.451603e+01 2.072068e+01 8.401366e+01 2.168264e+01 7.167017e+00 2.277183e+01 3.304930e+01 1.376415e+01 7.500623e+00 3.491918e+00 1.455193e+01 7.635226e-01 1.872605e+00 3.420541e+00 2.875141e+00 3.697093e+00 3.563088e+00 2.313245e+00 4.191993e+00 3.365283e+00 2.715690e+00 9.155339e-01 5.116330e-01 7.773495e-01 2.073417e-01 1.738077e-01 5.176283e-01 4.346075e-01 1.733908e+00 4.689168e-01 2.753522e-01 4.003648e-01 6.186337e-01 2.432785e-01 1.414783e-01 1.201487e-01 2.255970e-01
<GCONST> 1.018397e+02
<TRANSP> 5
 0.000000e+00 1.000000e+00 0.000000e+00 0.000000e+00 0.000000e+00
 0.000000e+00 7.543307e-01 2.456693e-01 0.000000e+00 0.000000e+00
 0.000000e+00 0.000000e+00 7.910050e-01 2.089950e-01 0.000000e+00
 0.000000e+00 0.000000e+00 0.000000e+00 6.502234e-01 3.497767e-01
 0.000000e+00 0.000000e+00 0.000000e+00 0.000000e+00 0.000000e+00
<ENDHMM>
~h "k"
<BEGINHMM>
<NUMSTATES> 5
<STATE> 2
<MEAN> 39
 -1.104200e+01 -8.298651e+00 2.357176e+00 6.475523e-01 -3.894403e+00 4.291729e+00 -5.799864e+00 -1.361051e-01 -3.755552e+00 -3.598226e+00 3.178856e+00 -5.655729e-01 3.362999e+01 2.728081e-01 -1.187718e-01 -8.750478e-01 -4.451523e-01 5.832728e-01 1.309965e+00 1.731155e-01 -3.194292e-01 -3.963591e-01 7.146838e-02 -1.346380e-01 -5.980505e-02 2.394285e-01 4.767058e-01 2.859579e-01 1.701426e-02 -2.171496e-01 -5.642524e-01 -2.631875e-01 -2.117497e-01 -1.304649e-01 4.182546e-01 1.438335e-01 2.886671e-01 -2.119634e-01 2.519144e-01
<VARIANCE> 39
 2.056909e+01 2.068838e+01 2.407118e+01 7.156501e+00 2.164660e+01 1.644768e+01 1.253131e+01 1.375078e+01 1.852972e+01 1.334643e+01 1.868351e+01 1.004776e+01 4.971839e+00 1.433558e+00 8.057883e-01 8.582718e-01 1.121901e+00 1.266254e+00 3.067288e+00 3.328187e-01 1.192216e+00 2.121176e+00 5.451934e-01 2.110025e+00 1.805001e+00 5.020273e-01 1.147664e-01 1.302983e-01 1.968417e-01 1.322919e-01 2.715405e-01 4.430759e-01 1.905273e-01 2.142204e-01 4.693006e-01 2.156879e-01 3.760085e-01 1.650894e-01 4.449946e-02
<GCONST> 8.623643e+01
<STATE> 3
<MEAN> 39
 -6.507065e+00 -6.525041e+00 1.228420e+00 -2.603369e+00 -8.217788e+00 3.235081e+00 -8.059103e+00 -2.026054e+00 -9.343916e-01 -1.810563e+00 5.514370e+00 -2.478155e+00 3.640149e+01 2.876665e+00 2.071080e+00 7.804816e-01 -2.027975e+00 -3.201717e+00 -2.252240e+00 -1.590050e+00 -7.540075e-01 1.696465e-01 -3.658833e-01 5.913848e-01 3.781205e-01 1.489837e+00 7.140030e-01 2.812873e-01 8.286969e-02 -7.001973e-01 -5.225229e-01 -9.045701e-02 -3.226388e-01 -2.239422e-01 -3.488016e-01 -4.654662e-01 1.305441e-01 5.124896e-01 4.554434e-01
<VARIANCE> 39
 2.065140e+01 3.561665e+01 3.228169e+01 8.842621e+00 4.538109e+01 6.506539e+01 2.283270e+01 7.689305e+00 1.784462e+01 7.701407e+00 1.848051e+01 1.026766e+01 3.966593e+00 3.078045e+00 3.199703e+00 3.462605e+00 3.224726e+00 3.478154e+00 4.081443e+00 1.510683e+00 1.480245e+00 1.957000e+00 2.006527e+00 2.694465e+00 2.228723e+00 1.016094e+00 2.999389e-01 7.398946e-01 8.689051e-01 3.798233e-01 1.072986e+00 2.300330e+00 3.338590e-01 3.099401e-01 3.159254e-01 1.930389e-01 5.363848e-01 3.228762e-01 1.075516e-01
<GCONST> 1.092123e+02
<STATE> 4
<MEAN> 39
 5.923323e+00 1.643730e+00 2.076940e+00 -1.461276e+01 -2.080865e+01 -4.087802e+00 -1.303225e+01 -5.731448e+00 -4.501007e+00 -6.876559e+00 8.234062e+00 2.509808e+00 4.319067e+01 3.866366e+00 4.520688e-01 -1.257200e+00 -3.766032e+00 -1.538835e+00 1.491832e+00 -1.397866e+00 -1.463397e+00 -1.360883e+00 -1.436511e+00 1.211783e+00 1.514545e+00 2.744123e+00 -7.958874e-01 -1.186129e+00 -3.766584e-01 8.952524e-01 1.209008e+00 1.193420e+00 3.645331e-01 1.080594e-01 3.264835e-01 5.282719e-01 -3.413215e-02 -5.201475e-01 -1.957046e-01
<VARIANCE> 39
 2.813678e+00 2.721534e+00 8.861638e+00 3.223498e+00 4.454937e+00 1.043794e+01 6.739365e+00 7.368850e+00 9.154563e+00 3.086665e+00 7.975635e+00 1.365639e+00 2.593796e+00 1.658458e+00 1.684050e+00 5.493170e-01 1.027569e+00 1.939518e+00 3.679715e+00 2.004113e+00 8.279532e-01 1.275204e+00 5.076041e-01 1.641253e-01 4.087622e-01 4.446156e-01 1.270275e-01 3.547379e-01 5.560594e-01 1.637703e-01 2.453798e-01 5.769955e-01 2.178158e-01 2.579108e-01 1.190828e-01 2.001830e-01 1.808808e-01 1.219041e-01 4.187467e-02
<GCONST> 6.941791e+01
<TRANSP> 5
 0.000000e+00 1.000000e+00 0.000000e+00 0.000000e+00 0.000000e+00
 0.000000e+00 6.369965e-01 3.630035e-01 0.000000e+00 0.000000e+00
 0.000000e+00 0.000000e+00 7.497000e-01 2.503000e-01 0.000000e+00
 0.000000e+00 0.000000e+00 0.000000e+00 3.333321e-01 6.666679e-01
 0.000000e+00 0.000000e+00 0.000000e+00 0.000000e+00 0.000000e+00
<ENDHMM>
~h "lsil"
<BEGINHMM>
<NUMSTATES> 5
<STATE> 2
<MEAN> 39
 -7.509022e+00 -3.520283e+00 3.693260e+00 3.620177e-01 -2.236461e+00 6.211223e+00 -3.872219e+00 2.863758e+00 1.406472e+00 -2.423499e+00 3.543033e+00 -1.866753e+00 3.473738e+01 -7.891826e-02 -1.865451e-02 7.508743e-03 3.290742e-02 7.202996e-03 -3.310072e-02 4.337140e-03 1.495732e-02 -9.025809e-04 2.705125e-02 6.490747e-03 1.532509e-03 -5.200051e-02 3.681983e-03 -6.405829e-04 3.780365e-03 2.193945e-03 -2.922435e-03 -3.756667e-03 -9.214403e-03 -5.922207e-03 -6.065562e-03 -4.217964e-03 -3.307228e-03 -1.035162e-02 2.776522e-03
<VARIANCE> 39
 3.772833e+00 1.236533e+01 1.406829e+01 1.300715e+01 1.411970e+01 1.644096e+01 1.198360e+01 1.273734e+01 1.390816e+01 1.403260e+01 1.164733e+01 9.763433e+00 1.942279e+00 2.825203e-01 4.751081e-01 6.210564e-01 7.606174e-01 9.957559e-01 1.156642e+00 1.292617e+00 1.289078e+00 1.260926e+00 1.229049e+00 1.347492e+00 1.096654e+00 1.175505e-01 5.145597e-02 8.475813e-02 1.163757e-01 1.476817e-01 1.924119e-01 2.322274e-01 2.604128e-01 2.609124e-01 2.539887e-01 2.417659e-01 2.846273e-01 2.271246e-01 2.308816e-02
<GCONST> 7.386428e+01
<STATE> 3
<MEAN> 39
 -1.125939e+01 -5.214362e+00 1.294160e+00 1.811285e+00 -9.379311e-01 3.712078e+00 -4.454130e+00 7.908403e-01 -2.941535e-01 -1.162540e+00 2.605725e+00 -2.076192e+00 3.204406e+01 -8.425662e-02 -4.388007e-02 -1.865043e-02 2.422893e-02 5.485709e-02 2.236022e-02 2.978476e-02 -5.743111e-03 -6.341869e-02 -1.759288e-02 -2.390642e-02 -1.673723e-02 -5.047062e-02 1.028219e-02 6.753318e-03 5.329304e-03 -1.017328e-03 -2.545302e-03 -1.198847e-03 5.383971e-03 -5.534517e-03 -7.232211e-03 4.615638e-03 1.775433e-02 1.798535e-02 6.769810e-03
<VARIANCE> 39
 1.329373e+01 1.639949e+01 1.465009e+01 1.140707e+01 1.283902e+01 1.282884e+01 1.260920e+01 1.450263e+01 1.440230e+01 1.504405e+01 1.201011e+01 1.193763e+01 7.534489e+00 1.234246e+00 1.500599e+00 1.508485e+00 1.165921e+00 1.252128e+00 1.586094e+00 1.329225e+00 1.690578e+00 1.829901e+00 1.521332e+00 1.414040e+00 1.586388e+00 6.249269e-01 2.587819e-01 3.203728e-01 3.359593e-01 2.385677e-01 2.506608e-01 3.294318e-01 2.610513e-01 3.484008e-01 3.848855e-01 3.062190e-01 2.965564e-01 3.423340e-01 1.278957e-01
<GCONST> 9.250736e+01
<STATE> 4
<MEAN> 39
 -1.301578e+01 -1.075345e+01 2.949314e+00 1.820700e+00 -3.881303e+00 4.127403e+00 -6.034721e+00 4.153866e-02 -1.920918e+00 -4.521471e+00 2.768475e+00 -2.578426e+00 3.316881e+01 -4.159882e-02 -7.685350e-02 2.080231e-04 4.718736e-02 1.648991e-02 2.957903e-03 8.548588e-03 -5.840391e-02 -3.713398e-02 -1.361852e-02 1.803354e-02 1.666746e-02 -5.105030e-03 6.624338e-03 2.769673e-03 -6.399787e-03 -4.256931e-03 7.965133e-04 9.884213e-04 5.576177e-03 -3.436093e-03 2.754375e-03 1.010274e-02 1.141957e-02 -2.215776e-03 2.978310e-03
<VARIANCE> 39
 4.175744e+00 1.005117e+01 1.526622e+01 1.102669e+01 1.590420e+01 1.201000e+01 1.324225e+01 1.440323e+01 1.716065e+01 1.733601e+01 1.345476e+01 1.000349e+01 1.099606e+00 3.657706e-01 7.412722e-01 9.795061e-01 7.131313e-01 1.106208e+00 1.078692e+00 1.513441e+00 1.552172e+00 1.604780e+00 1.557611e+00 1.559626e+00 1.162952e+00 8.877127e-02 7.354117e-02 1.396101e-01 1.945960e-01 1.382599e-01 2.172053e-01 2.141825e-01 3.218580e-01 3.204615e-01 3.236338e-01 3.174389e-01 3.270684e-01 2.428422e-01 1.752602e-02
<GCONST> 7.780626e+01
<TRANSP> 5
 0.000000e+00 1.000000e+00 0.000000e+00 0.000000e+00 0.000000e+00
 0.000000e+00 9.784142e-01 2.158588e-02 0.000000e+00 0.000000e+00
 0.000000e+00 0.000000e+00 9.615089e-01 3.849118e-02 0.000000e+00
 0.000000e+00 0.000000e+00 0.000000e+00 9.739959e-01 2.600413e-02
 0.000000e+00 0.000000e+00 0.000000e+00 0.000000e+00 0.000000e+00
<ENDHMM>
~h "m"
<BEGINHMM>
<NUMSTATES> 5
<STATE> 2
<MEAN> 39
 6.960919e+00 -9.753202e-01 6.513202e+00 -1.952984e+00 -7.086910e+00 5.142436e+00 -1.367578e+01 -7.116457e+00 -5.586258e+00 -9.585684e+00 2.885781e+00 -3.141368e+00 4.513719e+01 -4.790991e-01 2.227140e+00 2.077807e+00 1.569952e+00 1.996924e-01 -1.262350e+00 -7.285745e-01 -9.606503e-01 -1.386873e+00 -6.675522e-01 -4.478571e-03 6.816475e-01 -9.681851e-01 -9.095874e-02 -5.973176e-01 -3.112719e-01 -2.679951e-01 -1.174749e-02 3.016565e-01 8.872283e-02 3.718408e-01 4.591907e-01 6.257671e-02 -1.697212e-01 -2.167237e-01 1.517856e-01
<VARIANCE> 39
 1.090774e+01 1.868465e+01 1.488880e+01 1.285482e+01 1.382378e+01 1.985916e+01 1.816570e+01 2.215899e+01 2.540224e+01 1.364367e+01 1.071666e+01 1.532934e+01 1.063218e+01 2.585969e+00 1.988934e+00 8.515950e-01 2.122853e+00 2.574726e+00 1.164769e+00 2.243843e+00 2.338567e+00 2.313117e+00 1.057410e+00 2.163870e+00 2.334237e+00 1.514024e+00 1.044387e-01 1.295005e-01 2.397465e-01 1.664074e-01 2.747529e-01 1.433866e-01 4.668543e-01 4.598047e-01 3.338585e-01 2.689946e-01 3.266921e-01 3.364617e-01 7.334518e-02
<GCONST> 9.556149e+01
<STATE> 3
<MEAN> 39
 2.986163e+00 3.713572e+00 1.063574e+01 -7.752873e-01 -9.449276e+00 2.361307e-01 -1.264603e+01 -3.855925e+00 -3.249761e+00 -7.932525e+00 1.508845e+00 -3.371675e+00 4.101384e+01 9.223393e-02 1.444503e-01 4.607239e-02 1.514137e-01 6.352450e-02 9.869891e-02 1.786250e-01 -1.613168e-02 5.213628e-02 -7.663652e-02 -1.618812e-01 -6.006112e-02 1.533200e-02 -7.160062e-02 -5.144707e-01 -5.888367e-01 -3.122016e-01 5.147710e-02 3.503123e-01 3.507464e-01 2.039712e-01 2.054334e-01 1.607589e-01 7.131251e-02 -4.917368e-02 5.733218e-02
<VARIANCE> 39
 9.201231e+00 4.312073e+00 6.766715e+00 1.069946e+01 2.306681e+01 2.642508e+01 2.074989e+01 2.006900e+01 1.607833e+01 1.166017e+01 9.128399e+00 1.074047e+01 5.714027e+00 1.027915e+00 6.382366e-01 9.540690e-01 1.025716e+00 1.268680e+00 1.468169e+00 1.806027e+00 1.163253e+00 1.229775e+00 8.526883e-01 1.271035e+00 8.470272e-01 4.791674e-01 2.439692e-01 2.945864e-01 3.966074e-01 3.508187e-01 3.773222e-01 4.027371e-01 3.504277e-01 2.445424e-01 3.975701e-01 2.270044e-01 2.533454e-01 2.659543e-01 1.082217e-01
<GCONST> 8.768092e+01
<STATE> 4
<MEAN> 39
 5.066441e+00 -1.502925e+00 4.873017e+00 -4.232986e+00 -9.787760e+00 4.932372e+00 -9.939485e+00 -3.201194e+00 -1.717999e+00 -8.171988e+00 7.438585e-01 -4.577453e+00 4.367546e+01 3.563534e-01 -2.933899e+00 -2.438125e+00 -1.765019e+00 -2.264313e-01 1.842219e+00 1.174524e+00 1.467822e+00 1.983819e+00 5.908794e-01 -2.534891e-01 -1.096162e+00 1.086029e+00 -3.527113e-02 -4.949169e-01 8.669490e-02 2.968312e-02 -1.524833e-02 8.495320e-02 -1.636277e-01 2.186418e-01 2.471847e-01 -3.754293e-02 7.194094e-02 -3.164984e-02 1.889523e-01
<VARIANCE> 39
 2.264436e+01 3.569186e+01 5.295111e+01 4.023388e+01 6.994998e+01 3.620252e+01 2.379974e+01 2.544294e+01 3.342195e+01 1.779927e+01 1.750892e+01 1.305994e+01 1.717016e+01 2.345552e+00 2.676752e+00 5.814710e+00 2.907553e+00 3.701490e+00 2.722201e+00 2.333610e+00 2.126402e+00 2.616325e+00 2.272794e+00 2.543334e+00 1.952607e+00 2.098790e+00 1.226913e-01 7.091088e-01 1.027597e+00 6.389147e-01 2.729029e-01 5.536974e-01 3.861117e-01 3.121473e-01 5.803437e-01 4.157113e-01 4.816096e-01 3.703557e-01 1.619603e-01
<GCONST> 1.158121e+02
<TRANSP> 5
 0.000000e+00 1.000000e+00 0.000000e+00 0.000000e+00 0.000000e+00
 0.000000e+00 6.795556e-01 3.204444e-01 0.000000e+00 0.000000e+00
 0.000000e+00 0.000000e+00 7.852274e-01 2.147726e-01 0.000000e+00
 0.000000e+00 0.000000e+00 0.000000e+00 6.489057e-01 3.510943e-01
 0.000000e+00 0.000000e+00 0.000000e+00 0.000000e+00 0.000000e+00
<ENDHMM>
~h "n"
<BEGINHMM>
<NUMSTATES> 5
<STATE> 2
<MEAN> 39
 6.579381e+00 1.103409e-01 7.450294e+00 -4.384970e+00 -1.204318e+01 9.671638e-01 -1.542243e+01 -6.204548e+00 -1.269711e+00 -6.555317e+00 9.714497e-01 -6.116189e+00 4.461607e+01 -1.094757e+00 2.296860e+00 2.033065e+00 2.112267e+00 4.459157e-01 -1.409469e+00 2.766643e-01 -5.197850e-01 -2.126594e+00 -1.441700e+00 -5.643328e-01 8.705944e-01 -1.542863e+00 2.201776e-01 -5.452241e-01 -4.025036e-01 -7.535837e-01 -2.137578e-01 4.146149e-01 -5.147544e-02 3.838896e-01 5.244042e-01 3.409072e-01 3.791722e-01 -1.443221e-01 4.338215e-01
<VARIANCE> 39
 8.668773e+00 7.399654e+00 7.400779e+00 9.072502e+00 2.177350e+01 1.093453e+01 1.279408e+01 1.369617e+01 1.774869e+01 1.562890e+01 7.220246e+00 1.103781e+01 9.184855e+00 2.437669e-01 8.247197e-01 7.017444e-01 2.040287e+00 1.957241e+00 9.350971e-01 1.324095e+00 2.459680e+00 2.465104e+00 1.483477e+00 1.198677e+00 1.127307e+00 4.367567e-01 2.880446e-02 9.927768e-02 7.694431e-02 1.269919e-01 2.059307e-01 1.143794e-01 2.217083e-01 2.258824e-01 3.728501e-01 3.327140e-01 2.094380e-01 2.338231e-01 2.906574e-02
<GCONST> 7.834457e+01
<STATE> 3
<MEAN> 39
 5.079622e+00 3.760732e+00 1.244357e+01 -9.372166e-01 -1.136749e+01 -5.371041e-01 -1.533356e+01 -5.588418e+00 -3.167153e+00 -8.301161e+00 1.053907e+00 -4.571332e+00 4.292679e+01 -5.260411e-01 1.430495e-01 3.766924e-01 7.409115e-01 5.888169e-01 2.603721e-01 4.142204e-01 5.920548e-03 -2.124152e-01 -7.423874e-03 -1.348681e-01 3.015703e-01 -4.287623e-01 -2.343093e-02 -3.115101e-01 -3.273185e-01 -1.033262e-01 1.915519e-01 3.092368e-01 1.410032e-01 1.415660e-01 1.945619e-01 7.877412e-02 1.305191e-02 -1.582154e-02 4.625313e-02
<VARIANCE> 39
 1.070291e+01 5.129600e+00 8.384871e+00 1.639999e+01 3.381380e+01 7.574203e+00 1.064456e+01 1.304357e+01 1.538938e+01 1.027730e+01 6.506920e+00 1.104407e+01 9.270643e+00 1.545929e-01 4.559172e-01 6.432204e-01 5.667151e-01 1.149743e+00 1.127862e+00 6.778159e-01 1.149592e+00 9.016142e-01 9.559815e-01 6.027309e-01 8.627627e-01 1.440937e-01 4.621939e-02 8.813649e-02 1.194250e-01 1.642771e-01 1.502802e-01 1.561880e-01 2.062645e-01 3.469549e-01 2.402341e-01 1.938324e-01 1.128588e-01 1.816657e-01 4.598184e-02
<GCONST> 7.040247e+01
<STATE> 4
<MEAN> 39
 -1.833472e-01 2.319627e-02 9.004395e+00 4.794656e-01 -6.476570e+00 3.990234e+00 -1.001601e+01 -2.476154e+00 -1.437647e+00 -7.024675e+00 6.673894e-01 -3.255787e+00 3.956998e+01 -1.106500e+00 -1.096587e+00 -1.088511e+00 -5.213063e-01 4.613258e-01 6.463745e-01 1.215770e+00 1.255437e+00 7.616157e-01 5.124685e-01 4.505442e-01 2.303047e-01 -5.628834e-01 -5.185761e-02 -7.497237e-02 -1.261375e-01 -2.314378e-01 -2.834666e-01 -1.984515e-01 -4.608926e-02 -4.426523e-02 5.762302e-03 1.485938e-01 1.534416e-01 -4.953922e-02 9.050053e-03
<VARIANCE> 39
 1.422090e+01 1.259834e+01 1.754669e+01 1.542423e+01 7.545806e+01 1.595336e+01 9.551961e+00 1.605514e+01 1.771181e+01 1.385940e+01 1.021714e+01 9.702743e+00 9.945085e+00 8.336003e-01 6.807269e-01 1.448315e+00 9.223091e-01 2.029808e+00 1.504549e+00 1.516262e+00 1.836221e+00 1.369033e+00 2.310185e+00 1.155842e+00 8.083439e-01 5.393716e-01 6.174910e-02 1.459614e-01 1.879677e-01 2.165280e-01 3.508782e-01 2.468102e-01 1.881985e-01 3.083372e-01 3.179364e-01 2.906449e-01 2.293553e-01 1.670853e-01 3.850725e-02
<GCONST> 8.721445e+01
<TRANSP> 5
 0.000000e+00 1.000000e+00 0.000000e+00 0.000000e+00 0.000000e+00
 0.000000e+00 6.307776e-01 3.692224e-01 0.000000e+00 0.000000e+00
 0.000000e+00 0.000000e+00 8.271938e-01 1.728062e-01 0.000000e+00
 0.000000e+00 0.000000e+00 0.000000e+00 7.356288e-01 2.643712e-01
 0.000000e+00 0.000000e+00 0.000000e+00 0.000000e+00 0.000000e+00
<ENDHMM>
~h "ng"
<BEGINHMM>
<NUMSTATES> 5
<STATE> 2
<MEAN> 39
 2.198037e+00 2.945872e+00 1.056580e+01 -4.898400e+00 -1.554752e+01 2.078433e-01 -1.264162e+01 -2.518060e+00 1.590904e+00 -5.737910e+00 -1.691226e+00 -6.479357e+00 4.091999e+01 -4.479568e-01 1.162740e+00 -7.592422e-01 3.364274e-01 1.152143e+00 -1.135630e+00 -3.002129e-01 -2.090207e-01 4.827281e-02 1.265357e-01 -1.591543e-01 2.991147e-01 -8.596043e-01 8.708309e-02 -2.781990e-01 1.185560e-01 1.147835e-01 -3.342786e-01 -1.723675e-01 -1.143785e-01 7.793939e-03 1.727829e-01 -1.255390e-02 4.093647e-01 5.043194e-02 1.509715e-01
<VARIANCE> 39
 1.669557e+00 2.670448e+00 3.501120e+00 2.203877e+01 2.827765e+01 8.433558e+00 6.779663e+00 5.368543e+00 2.762367e+00 1.436635e+01 5.885004e+00 8.371284e+00 1.985415e+00 7.344616e-02 6.550708e-01 9.730139e-01 1.441381e+00 3.840620e+00 6.545897e-01 1.310937e+00 2.243796e+00 1.722741e+00 1.110257e-01 8.313583e-01 1.899087e-01 4.435570e-01 3.729348e-02 1.221539e-01 5.407470e-02 9.623875e-02 3.472067e-02 1.477568e-01 1.053391e-01 1.480310e-02 3.692949e-02 2.231946e-01 2.053252e-01 4.704758e-01 9.861710e-03
<GCONST> 5.570207e+01
<STATE> 3
<MEAN> 39
 1.016492e+00 3.380014e+00 8.669695e+00 -3.642963e+00 -1.317254e+01 -2.189950e+00 -1.234981e+01 -1.187501e+00 8.476380e-01 -7.008582e+00 -7.602017e-01 -4.825999e+00 3.942609e+01 -6.226684e-01 -2.825382e-01 -5.163309e-01 2.656834e-01 1.194119e+00 7.482238e-01 3.557344e-01 2.978667e-01 -9.417655e-02 1.738818e-01 1.264177e-01 -4.860394e-02 -4.799723e-01 -1.089138e-01 -3.194517e-01 1.737735e-02 5.347542e-03 4.264625e-02 3.516435e-01 2.307786e-01 4.852217e-02 -5.685846e-02 1.285909e-01 4.651105e-02 -8.442622e-02 3.796545e-02
<VARIANCE> 39
 3.333566e+00 1.809802e+00 7.974293e+00 1.021486e+01 1.378290e+01 1.505824e+01 7.508941e+00 7.358723e+00 4.540759e+00 6.718562e+00 4.404791e+00 9.513519e+00 1.275867e+00 3.062313e-01 3.364395e-01 5.869859e-01 5.143485e-01 8.170256e-01 2.261033e+00 1.052165e+00 8.331100e-01 3.544931e-01 7.991089e-01 5.841141e-01 1.173517e+00 9.860293e-02 5.282922e-02 4.229995e-02 1.414469e-01 1.120407e-01 2.230927e-01 2.469922e-01 1.754066e-01 2.758006e-01 1.423897e-01 1.190052e-01 1.150834e-01 2.698046e-01 2.529035e-02
<GCONST> 6.027193e+01
<STATE> 4
<MEAN> 39
 -3.876268e+00 -2.542288e+00 5.606847e+00 -1.565981e+00 -6.746355e+00 4.621942e+00 -6.009591e+00 5.239421e-01 5.068021e-02 -5.361045e+00 3.074156e-01 -4.247724e+00 3.718795e+01 -1.101136e+00 -1.265511e+00 -3.099678e-01 5.180454e-01 4.586904e-01 3.864471e-01 8.545815e-01 3.392440e-01 -3.439859e-01 1.358811e-01 5.519376e-01 6.976569e-01 -4.055347e-01 -2.009324e-02 2.417937e-02 7.654118e-02 -3.838557e-02 -3.556699e-01 -3.392191e-01 -2.662887e-01 -5.688203e-02 8.024115e-02 -6.247838e-02 5.625519e-02 2.342602e-01 9.986992e-04
<VARIANCE> 39
 5.890300e+00 8.949821e+00 2.848483e+00 2.184973e+00 6.602561e+00 1.150718e+01 9.552667e+00 7.279191e+00 7.218125e+00 8.715922e+00 6.813144e+00 4.069876e+00 9.938799e-01 6.296667e-01 1.303947e+00 3.272722e-01 1.928452e-01 1.670123e+00 1.064307e+00 1.079845e+00 1.256266e+00 1.691172e+00 5.450655e-01 1.525495e+00 5.972944e-01 8.255309e-02 9.331743e-02 1.014546e-01 5.624406e-02 3.791745e-02 2.270964e-01 2.273224e-01 1.382204e-01 2.441784e-01 1.752379e-01 1.092083e-01 3.024942e-01 7.103839e-02 1.728214e-02
<GCONST> 5.973503e+01
<TRANSP> 5
 0.000000e+00 1.000000e+00 0.000000e+00 0.000000e+00 0.000000e+00
 0.000000e+00 1.906747e-41 1.000000e+00 0.000000e+00 0.000000e+00
 0.000000e+00 0.000000e+00 8.389823e-01 1.610177e-01 0.000000e+00
 0.000000e+00 0.000000e+00 0.000000e+00 7.797116e-01 2.202884e-01
 0.000000e+00 0.000000e+00 0.000000e+00 0.000000e+00 0.000000e+00
<ENDHMM>
~h "NNN"
<BEGINHMM>
<NUMSTATES> 5
<STATE> 2
<MEAN> 39
 6.232840e+00 -1.639213e+01 3.856109e+00 -4.943598e+00 -1.477296e+01 1.695972e+00 -1.624011e+01 -9.994579e-01 6.158148e-01 -6.457757e+00 9.670680e+00 -2.178013e+00 5.127828e+01 1.097842e+00 -2.084795e+00 1.056260e+00 -4.377527e-01 -9.121032e-01 1.297136e+00 -1.160016e+00 3.527712e-01 5.389356e-01 -1.586635e+00 4.576996e-01 2.626880e-01 2.076323e+00 -7.369453e-01 6.213517e-01 7.909159e-02 3.067764e-01 3.687162e-01 -3.904030e-02 4.858296e-01 -7.225453e-02 -4.502900e-02 3.509443e-01 -5.383061e-01 -9.476622e-02 -8.721579e-01
<VARIANCE> 39
 8.367192e+01 6.402387e+01 6.597459e+01 1.867988e+01 6.667582e+01 4.479205e+01 6.247835e+01 5.913067e+01 2.101882e+01 6.108665e+01 3.269352e+01 2.528331e+01 7.316818e+01 6.568849e+00 4.490147e+00 4.644939e+00 1.696609e+00 6.861448e+00 1.796414e+00 4.082735e+00 3.775215e+00 3.149321e+00 4.758454e+00 3.414345e+00 2.048928e+00 6.822451e+00 6.368366e-01 7.442866e-01 9.791785e-01 4.095210e-01 1.340034e+00 7.625235e-01 6.313015e-01 6.060873e-01 2.949558e-01 8.761241e-01 4.744832e-01 3.427500e-01 7.629533e-01
<GCONST> 1.329930e+02
<STATE> 3
<MEAN> 39
 7.714494e+00 -1.478615e+01 7.292893e+00 -3.475636e+00 -1.902621e+01 -3.587583e+00 -1.555570e+01 8.514785e-01 -1.300656e+00 -1.123660e+01 4.813757e+00 -5.693888e+00 5.251073e+01 -3.925167e-02 7.612979e-01 -1.800493e-01 8.481735e-02 1.448369e-01 -2.917539e-01 3.227429e-01 -2.946424e-02 9.989896e-02 3.230641e-01 -2.551396e-01 -9.330465e-02 -4.729461e-01 3.500293e-02 6.072160e-02 1.817564e-02 4.418457e-02 6.931425e-02 8.234790e-03 -2.480869e-02 1.960601e-03 -2.770683e-02 -3.123784e-02 1.233933e-02 -3.549813e-02 7.306122e-03
<VARIANCE> 39
 4.186440e+01 6.918880e+01 2.343168e+01 2.711508e+01 4.058104e+01 5.181986e+01 2.039439e+01 4.032943e+01 3.269614e+01 5.004035e+01 4.981794e+01 2.164477e+01 4.918499e+01 2.280773e+00 2.058843e+00 1.937280e+00 1.940755e+00 2.121470e+00 2.218311e+00 2.020173e+00 1.964180e+00 2.419209e+00 2.280146e+00 2.249594e+00 1.840432e+00 2.364878e+00 3.817046e-01 5.275861e-01 3.874674e-01 3.575449e-01 3.785866e-01 3.350678e-01 3.607891e-01 3.638615e-01 5.545688e-01 4.837454e-01 4.716986e-01 3.943942e-01 3.830407e-01
<GCONST> 1.169007e+02
<STATE> 4
<MEAN> 39
 1.255100e+00 -5.034769e+00 6.706936e+00 -9.538088e-03 -7.756474e+00 3.837890e+00 -1.085839e+01 -1.099607e+00 2.884943e+00 -2.886664e+00 4.921137e+00 -3.064442e+00 4.243664e+01 -1.039487e+00 3.024581e-01 -2.884279e-01 2.972490e-01 1.113970e+00 5.849871e-01 9.030324e-01 6.126604e-01 4.717587e-02 2.122179e-02 -4.216284e-01 -2.047966e-01 -9.603794e-01 -6.752235e-02 -2.718050e-01 -8.964795e-02 -1.141185e-01 -1.479035e-01 -2.571926e-02 -1.278643e-02 5.163789e-02 -9.892920e-02 -1.135429e-01 1.111077e-01 1.016510e-01 7.202205e-02
<VARIANCE> 39
 4.682059e+01 5.359694e+01 5.872625e+01 1.970916e+01 4.690876e+01 3.983099e+01 4.266982e+01 3.372952e+01 2.407672e+01 2.806797e+01 2.153412e+01 1.775158e+01 2.984969e+01 1.083161e+00 2.924433e+00 2.133861e+00 1.323752e+00 1.903042e+00 1.629662e+00 2.010726e+00 1.193304e+00 1.207335e+00 3.324739e+00 2.304677e+00 1.996111e+00 1.750020e+00 7.266745e-02 1.493163e-01 2.796152e-01 1.096568e-01 2.538238e-01 2.229205e-01 1.806637e-01 2.705043e-01 3.092878e-01 2.230105e-01 4.185498e-01 3.136902e-01 4.534484e-02
<GCONST> 1.031992e+02
<TRANSP> 5
 0.000000e+00 1.000000e+00 0.000000e+00 0.000000e+00 0.000000e+00
 0.000000e+00 7.419344e-01 2.580656e-01 0.000000e+00 0.000000e+00
 0.000000e+00 0.000000e+00 8.909128e-01 1.090872e-01 0.000000e+00
 0.000000e+00 0.000000e+00 0.000000e+00 7.983039e-01 2.016961e-01
 0.000000e+00 0.000000e+00 0.000000e+00 0.000000e+00 0.000000e+00
<ENDHMM>
~h "o"
<BEGINHMM>
<NUMSTATES> 5
<STATE> 2
<MEAN> 39
 6.869363e+00 -1.018028e+01 -5.804252e+00 -1.932072e+01 -1.915370e+01 5.817930e+00 -6.803742e+00 3.682163e+00 5.503155e+00 -1.630805e+00 6.594213e+00 -4.210181e+00 4.781851e+01 1.256244e+00 -4.521636e-01 -5.373278e-01 -1.205286e+00 -2.546994e-01 1.007114e+00 -3.748875e-01 -3.230387e-01 1.175173e-01 -5.870879e-02 2.933631e-01 -5.049412e-01 1.202780e+00 -2.061018e-01 7.186630e-02 2.476643e-01 4.371410e-01 3.654300e-01 2.993326e-02 -9.464572e-02 -1.405466e-01 -1.404299e-01 -1.401528e-02 -4.759965e-02 -6.647423e-02 -1.549414e-01
<VARIANCE> 39
 1.766440e+01 1.968461e+01 6.765153e+01 5.738743e+01 3.714992e+01 8.312859e+01 4.344780e+01 2.096706e+01 1.596339e+01 1.670764e+01 1.762848e+01 2.266319e+01 2.151328e+01 2.521776e+00 1.542449e+00 2.091630e+00 3.646278e+00 3.360369e+00 1.948385e+00 1.746643e+00 1.925836e+00 1.580166e+00 1.438483e+00 1.553209e+00 1.263563e+00 2.431160e+00 4.017346e-01 2.710414e-01 4.618397e-01 7.353724e-01 6.764771e-01 3.914292e-01 3.169849e-01 2.708179e-01 3.271970e-01 2.285262e-01 2.761950e-01 2.124835e-01 3.640735e-01
<GCONST> 1.106330e+02
<STATE> 3
<MEAN> 39
 1.216307e+01 -1.262463e+01 -6.137638e+00 -2.222290e+01 -1.594436e+01 1.337844e+01 -9.133889e+00 -1.932419e-01 2.757037e+00 -2.556846e+00 9.254118e+00 -6.877419e+00 5.382381e+01 1.418010e-01 2.433941e-01 4.999487e-01 2.542810e-01 -4.657500e-02 -1.334465e-01 -2.395818e-01 -1.211553e-02 -1.167818e-01 -1.733136e-01 7.944115e-02 5.010388e-02 9.555979e-02 -1.538257e-01 1.930439e-01 7.765158e-02 1.674870e-01 -3.433294e-02 -2.388785e-01 5.595637e-02 1.378451e-01 1.272660e-01 3.660037e-03 -1.355304e-01 9.454387e-02 -2.282953e-01
<VARIANCE> 39
 4.461781e+00 7.699292e+00 7.764277e+00 7.161386e+00 1.328130e+01 1.196243e+01 1.643729e+01 8.140339e+00 8.819807e+00 1.234702e+01 1.104448e+01 1.669059e+01 8.063313e+00 2.211129e-01 6.191639e-01 2.803082e-01 5.279032e-01 6.647732e-01 8.698667e-01 1.031824e+00 8.846568e-01 1.028001e+00 8.797072e-01 9.680957e-01 1.048604e+00 3.590113e-01 3.727936e-02 8.006614e-02 5.214988e-02 1.135832e-01 1.174557e-01 1.205461e-01 1.600656e-01 1.309777e-01 1.548666e-01 1.533717e-01 1.465440e-01 1.319739e-01 4.360535e-02
<GCONST> 6.565948e+01
<STATE> 4
<MEAN> 39
 9.835159e+00 -6.515725e+00 -4.982415e-01 -1.490857e+01 -1.545761e+01 7.042423e+00 -1.093172e+01 7.657356e-01 4.419837e+00 -3.050352e+00 6.403169e+00 -5.628242e+00 4.941684e+01 -1.441816e+00 1.973559e+00 1.442680e+00 2.612515e+00 1.096660e+00 -1.392647e+00 2.856431e-01 -2.178165e-01 -3.921322e-01 -2.887391e-01 -1.018960e+00 5.331833e-01 -1.989382e+00 -3.331736e-01 8.336683e-02 6.025418e-02 2.831658e-01 3.619770e-01 2.498604e-02 8.681525e-02 -2.167025e-01 -3.978110e-01 -8.370340e-02 -1.699109e-02 3.943818e-02 -2.643186e-01
<VARIANCE> 39
 1.270770e+01 2.012577e+01 1.295038e+01 3.162857e+01 2.668354e+01 2.973484e+01 4.639819e+01 1.896137e+01 1.827856e+01 1.783986e+01 1.423180e+01 2.676647e+01 1.995678e+01 7.723805e-01 1.456129e+00 1.358278e+00 1.575715e+00 2.315102e+00 1.480615e+00 2.062061e+00 2.135974e+00 3.554853e+00 1.977258e+00 1.015242e+00 1.283877e+00 5.719965e-01 1.013397e-01 3.323485e-01 2.021108e-01 3.632244e-01 3.883274e-01 2.467166e-01 3.271912e-01 2.882555e-01 4.759096e-01 3.322544e-01 2.303856e-01 2.644081e-01 1.425391e-01
<GCONST> 9.936555e+01
<TRANSP> 5
 0.000000e+00 1.000000e+00 0.000000e+00 0.000000e+00 0.000000e+00
 0.000000e+00 7.659695e-01 2.340305e-01 0.000000e+00 0.000000e+00
 0.000000e+00 0.000000e+00 8.769582e-01 1.230418e-01 0.000000e+00
 0.000000e+00 0.000000e+00 0.000000e+00 7.511874e-01 2.488126e-01
 0.000000e+00 0.000000e+00 0.000000e+00 0.000000e+00 0.000000e+00
<ENDHMM>
~h "p"
<BEGINHMM>
<NUMSTATES> 5
<STATE> 2
<MEAN> 39
 -3.077929e+00 -1.631431e+00 6.298489e+00 6.616684e-01 -5.127915e+00 3.127985e+00 -8.881218e+00 -4.795485e-01 -5.255169e-01 -6.312665e+00 1.020480e+00 -3.849245e+00 3.774229e+01 -1.985139e+00 -1.428323e+00 -7.597693e-01 3.542983e-01 7.389138e-01 8.822094e-01 1.902278e+00 1.978329e+00 1.019831e+00 3.636384e-01 -4.280684e-01 -2.059228e-01 -1.091847e+00 2.026497e-01 -1.244521e-01 -1.023767e-01 -2.310989e-01 -2.947688e-01 -2.055411e-01 -3.254912e-01 -4.294305e-01 -2.743818e-01 3.109739e-01 5.687960e-01 3.123037e-01 1.876656e-01
<VARIANCE> 39
 8.676297e+00 1.015974e+01 8.147264e+00 1.090354e+01 1.382165e+01 1.046559e+01 1.686172e+01 2.327728e+01 1.440810e+01 1.862951e+01 1.515529e+01 1.214795e+01 1.805845e+00 4.433521e-01 1.045732e+00 1.632437e+00 1.338261e+00 1.976786e+00 1.668392e+00 1.891056e+00 2.869050e+00 2.708246e+00 3.601934e+00 3.364180e+00 1.805774e+00 2.481442e-01 7.783744e-02 2.316022e-01 2.113543e-01 1.936437e-01 2.376575e-01 2.396811e-01 2.914504e-01 4.151008e-01 3.656431e-01 5.223538e-01 4.916875e-01 2.700891e-01 3.453403e-02
<GCONST> 8.934480e+01
<STATE> 3
<MEAN> 39
 -8.113790e+00 -7.010055e+00 2.629631e+00 9.889987e-01 -4.066756e+00 3.880052e+00 -4.632203e+00 2.129892e+00 7.122065e-01 -3.312386e+00 3.276040e+00 -1.560585e+00 3.518455e+01 1.545027e-01 -3.789172e-02 -6.241229e-01 -7.780039e-01 -3.340615e-01 -1.968097e-01 2.061542e-01 6.110339e-02 2.509971e-01 6.346161e-01 2.061028e-01 9.576245e-02 8.224403e-02 7.598944e-01 1.747641e-01 -1.855890e-01 -6.418470e-01 -3.225858e-01 1.988865e-01 -2.553282e-01 -1.720387e-01 1.283884e-01 -1.075834e-01 -9.306984e-02 -2.714507e-01 5.393741e-01
<VARIANCE> 39
 5.644162e+00 1.479762e+01 1.159938e+01 1.004332e+01 1.430617e+01 1.130887e+01 1.155784e+01 1.535339e+01 1.152363e+01 1.004364e+01 1.234104e+01 6.671006e+00 1.451400e+00 2.771691e+00 1.334610e+00 1.183164e+00 2.683076e+00 1.667841e+00 1.168282e+00 1.201879e+00 1.434769e+00 1.514695e+00 1.421583e+00 1.878192e+00 1.049509e+00 1.127082e+00 4.015000e-01 2.963032e-01 4.265838e-01 6.738650e-01 2.828820e-01 3.956991e-01 2.544037e-01 3.693077e-01 4.347727e-01 2.466827e-01 4.203138e-01 2.333721e-01 2.903666e-01
<GCONST> 9.217871e+01
<STATE> 4
<MEAN> 39
 8.208874e-01 -6.428238e+00 -3.074747e+00 -1.040703e+01 -1.022723e+01 6.464553e+00 -5.055448e+00 1.659830e+00 3.745146e+00 -1.636275e+00 3.646289e+00 -4.447626e+00 4.178780e+01 3.453717e+00 -2.120396e+00 -2.319393e+00 -4.040006e+00 -1.701332e+00 2.214595e+00 -1.128398e+00 -3.599563e-01 1.306775e+00 3.733158e-01 1.030023e-01 -2.042041e+00 3.434157e+00 -1.899099e-01 -7.652178e-01 3.858221e-01 6.361942e-01 4.478640e-01 1.062166e-01 -4.905132e-01 1.798188e-01 2.236517e-01 -4.278320e-01 -4.461186e-01 -3.133564e-01 2.285320e-01
<VARIANCE> 39
 7.261323e+01 1.700654e+01 3.328960e+01 8.658971e+01 2.978759e+01 3.323184e+01 1.673646e+01 1.020501e+01 1.560571e+01 8.700526e+00 7.494009e+00 2.387248e+01 4.652687e+01 6.740052e+00 3.059963e+00 2.186117e+00 7.760122e+00 4.251044e+00 3.630628e+00 2.631929e+00 9.683279e-01 3.158434e+00 1.542085e+00 1.584301e+00 2.535412e+00 5.910371e+00 9.739246e-01 5.591272e-01 4.950136e-01 1.586906e+00 4.611588e-01 8.186836e-01 2.761618e-01 1.708347e-01 3.029852e-01 2.533557e-01 2.013387e-01 4.906389e-01 6.878014e-01
<GCONST> 1.168853e+02
<TRANSP> 5
 0.000000e+00 1.000000e+00 0.000000e+00 0.000000e+00 0.000000e+00
 0.000000e+00 7.383283e-01 2.616717e-01 0.000000e+00 0.000000e+00
 0.000000e+00 0.000000e+00 7.303627e-01 2.696373e-01 0.000000e+00
 0.000000e+00 0.000000e+00 0.000000e+00 5.007668e-01 4.992332e-01
 0.000000e+00 0.000000e+00 0.000000e+00 0.000000e+00 0.000000e+00
<ENDHMM>
~h "r"
<BEGINHMM>
<NUMSTATES> 5
<STATE> 2
<MEAN> 39
 8.793423e+00 -4.817064e+00 8.499228e+00 -5.182907e+00 -1.846650e+01 -3.330339e+00 -1.608319e+01 -4.206036e-01 4.572813e+00 -5.598300e+00 3.861613e+00 -1.558493e+00 4.839408e+01 -8.700315e-01 7.541747e-01 -1.419551e+00 1.373991e+00 3.732506e+00 2.117084e-01 -1.264908e+00 -6.059087e-01 1.013036e+00 1.308661e+00 -8.331653e-01 -8.991277e-01 -1.262830e+00 1.726817e-02 7.297737e-04 1.413475e-02 -1.910447e-01 -2.309809e-01 7.456337e-02 -5.445665e-02 -4.344657e-01 -1.618802e-01 4.008007e-01 2.477861e-01 -2.673934e-01 5.377005e-02
<VARIANCE> 39
 4.502394e+00 3.505349e+01 2.220859e+01 2.286510e+01 4.398017e+01 2.282713e+01 2.789866e+01 6.463221e+01 2.158621e+01 3.020576e+01 1.835100e+01 8.004591e+00 1.110842e+01 3.898083e-01 9.828320e-01 6.505403e-01 9.484633e-01 1.391554e+00 1.526230e+00 3.270732e+00 1.290838e+00 1.484917e+00 1.849284e+00 1.364196e+00 1.374262e+00 6.548652e-01 1.140138e-01 2.250818e-01 1.627554e-01 2.328219e-01 3.589849e-01 2.072594e-01 5.145369e-01 2.893911e-01 3.547842e-01 3.268239e-01 2.341629e-01 1.583356e-01 1.767252e-01
<GCONST> 9.460085e+01
<STATE> 3
<MEAN> 39
 7.709893e+00 -3.285158e+00 4.991991e+00 -4.963588e+00 -1.385937e+01 -2.996397e+00 -1.826544e+01 -2.271888e+00 7.126233e+00 -6.923617e-01 3.596672e+00 -4.787847e+00 4.658288e+01 2.947069e-01 -3.452161e-02 -1.545061e+00 -5.809955e-01 1.535411e+00 5.139938e-01 -1.301577e+00 -1.166153e+00 3.883308e-01 1.357707e+00 3.262949e-01 -7.883692e-01 5.661449e-02 3.882367e-01 -4.339771e-01 4.357322e-02 -5.578262e-01 -6.544934e-01 3.089477e-01 1.490985e-01 -4.010308e-03 -3.161386e-01 -3.647426e-01 2.625674e-01 1.255064e-01 5.208191e-01
<VARIANCE> 39
 6.602205e+00 3.294269e+01 2.598862e+01 2.952492e+01 3.514381e+01 2.264444e+01 3.363224e+01 4.677228e+01 2.914170e+01 1.818566e+01 1.643883e+01 1.018435e+01 1.413426e+01 9.474028e-01 1.487602e+00 9.155691e-01 1.839701e+00 2.550260e+00 1.576994e+00 2.205409e+00 1.579218e+00 1.160158e+00 1.657408e+00 1.379756e+00 8.332384e-01 1.391769e+00 1.384260e-01 2.370177e-01 2.511600e-01 2.846307e-01 4.575693e-01 3.618280e-01 6.130583e-01 4.567129e-01 2.597269e-01 4.558946e-01 3.224512e-01 2.202340e-01 1.818427e-01
<GCONST> 1.008025e+02
<STATE> 4
<MEAN> 39
 1.037160e+01 -4.981999e+00 8.994513e-01 -7.754527e+00 -1.087275e+01 -4.265486e-01 -2.223823e+01 -6.688539e+00 6.870447e+00 1.244159e+00 4.953487e+00 -5.755129e+00 4.867434e+01 1.204168e+00 -1.560653e+00 -1.267320e+00 -1.621668e+00 2.237241e-01 1.893720e+00 -4.744473e-01 -6.505378e-01 -5.711644e-01 -5.438488e-01 7.446620e-01 -2.899152e-02 1.470370e+00 -1.480529e-01 -4.977881e-03 4.418701e-01 9.830356e-02 -4.912270e-01 2.257368e-01 8.336697e-01 5.032588e-01 -3.977810e-01 -5.673367e-01 -3.836905e-02 2.827162e-01 -4.095430e-02
<VARIANCE> 39
 4.539115e+00 2.215116e+01 1.743918e+01 2.040141e+01 1.652441e+01 2.551983e+01 1.861274e+01 5.889722e+01 3.055259e+01 1.124454e+01 2.303275e+01 7.565427e+00 7.563553e+00 2.615238e-01 9.521743e-01 1.384523e+00 8.450123e-01 1.209565e+00 1.063161e+00 1.384618e+00 2.626391e+00 1.666914e+00 1.662471e+00 2.201850e+00 1.071886e+00 3.412291e-01 5.590200e-02 8.999506e-02 1.271377e-01 3.177191e-01 4.131202e-01 1.253579e-01 3.200320e-01 2.163018e-01 2.465971e-01 1.673707e-01 1.309766e-01 1.083278e-01 5.594955e-02
<GCONST> 8.488289e+01
<TRANSP> 5
 0.000000e+00 1.000000e+00 0.000000e+00 0.000000e+00 0.000000e+00
 0.000000e+00 1.938181e-06 9.999980e-01 0.000000e+00 0.000000e+00
 0.000000e+00 0.000000e+00 7.499958e-01 2.500042e-01 0.000000e+00
 0.000000e+00 0.000000e+00 0.000000e+00 6.072981e-05 9.999393e-01
 0.000000e+00 0.000000e+00 0.000000e+00 0.000000e+00 0.000000e+00
<ENDHMM>
~h "s"
<BEGINHMM>
<NUMSTATES> 5
<STATE> 2
<MEAN> 39
 -6.963005e+00 -4.957500e+00 4.244721e+00 -7.735523e-02 -4.756017e+00 5.005246e+00 -6.876395e+00 -5.626707e-01 -4.780873e-01 -3.599790e+00 2.654186e+00 -1.840585e+00 3.574876e+01 -7.026832e-01 -6.713418e-01 -7.928078e-01 -1.756408e-01 6.271034e-02 -8.852121e-02 4.613946e-01 4.262049e-01 6.719170e-02 5.957754e-01 1.931763e-01 -1.915306e-01 -4.125845e-01 5.098642e-01 2.556510e-01 2.445965e-01 1.836791e-02 -2.078358e-01 -2.158135e-01 -2.795593e-01 -5.149197e-02 6.402376e-02 -3.265797e-02 1.731752e-02 -1.459876e-01 3.086728e-01
<VARIANCE> 39
 1.919525e+01 1.800237e+01 1.672596e+01 1.049710e+01 9.526366e+00 8.200938e+00 8.335716e+00 1.463088e+01 1.108455e+01 1.185651e+01 1.167532e+01 1.071162e+01 3.849824e+00 9.518861e-01 1.167159e+00 1.105398e+00 1.006615e+00 8.623813e-01 6.041149e-01 1.121624e+00 1.145355e+00 1.346274e+00 1.118808e+00 1.652388e+00 1.820469e+00 3.836378e-01 2.225928e-01 2.862687e-01 2.101641e-01 2.348868e-01 2.739205e-01 1.800724e-01 2.635581e-01 2.412600e-01 3.809376e-01 2.501216e-01 3.413548e-01 4.924594e-01 7.681073e-02
<GCONST> 8.504413e+01
<STATE> 3
<MEAN> 39
 -6.151313e+00 -5.725822e+00 3.312558e+00 4.638275e-01 -4.936129e+00 3.047143e+00 -7.560764e+00 -2.222463e-01 9.237477e-01 -2.085446e+00 4.059008e+00 -2.674172e+00 3.623109e+01 4.111754e+00 1.585355e+00 -1.500291e-02 -1.902592e+00 -2.765360e+00 -2.187046e+00 -2.180945e+00 -9.835667e-03 2.471263e+00 8.715381e-01 -8.349296e-02 -7.236427e-01 2.602041e+00 1.210103e+00 -1.723203e-01 -5.527683e-02 -8.540838e-01 -8.322425e-01 -4.938033e-02 -6.347576e-01 1.917249e-01 6.701910e-01 1.094367e-01 -4.924362e-02 -2.704287e-01 1.083925e+00
<VARIANCE> 39
 1.141311e+01 1.247967e+01 7.968411e+00 1.293393e+01 1.845941e+01 1.543325e+01 3.367453e+01 2.424460e+01 1.634599e+01 9.482925e+00 9.938781e+00 1.041703e+01 2.332602e+00 2.417107e+00 1.667418e+00 1.738839e+00 2.318272e+00 3.162552e+00 1.123023e+00 2.219974e+00 1.326462e+00 2.656826e+00 1.319953e+00 1.819689e+00 1.491657e+00 1.593629e+00 2.813080e-01 4.895177e-01 7.728672e-02 2.077465e-01 3.067636e-01 4.570625e-01 6.235774e-01 2.766501e-01 5.066478e-01 2.882777e-01 4.628978e-01 3.520252e-01 5.842875e-02
<GCONST> 9.559916e+01
<STATE> 4
<MEAN> 39
 1.008849e+01 -2.218229e+00 3.702685e+00 -9.147335e+00 -1.782121e+01 -3.963513e+00 -1.665210e+01 4.461955e-01 1.118005e+01 1.497987e+00 3.048220e+00 -5.486339e+00 4.796088e+01 4.805603e+00 -1.481356e+00 -4.137345e-01 -2.676524e+00 -2.263926e+00 2.598938e-01 -2.219234e+00 1.492720e+00 2.609423e+00 3.482823e-01 3.274108e-01 -1.254157e+00 4.407754e+00 -1.108795e+00 -9.590787e-01 -2.891943e-01 6.101269e-01 1.306922e+00 1.132775e+00 6.141491e-01 2.262492e-01 -6.931695e-01 -5.377502e-01 2.761428e-03 1.312353e-01 -5.182862e-01
<VARIANCE> 39
 9.753495e+00 2.635635e+01 9.659181e+00 7.044477e+00 1.822298e+01 1.031969e+01 2.014470e+01 4.045382e+00 2.211494e+01 2.909522e+00 8.178085e+00 7.117124e+00 1.505502e+01 1.964860e+00 2.627943e+00 1.030264e+00 1.132947e+00 2.551627e+00 2.267466e+00 3.430916e+00 1.171489e+00 2.848498e+00 1.567703e+00 1.509733e+00 5.414442e-01 5.014729e-01 3.054003e-01 4.716094e-01 1.053013e-01 3.044563e-01 1.068660e-01 1.999047e-01 3.729654e-01 2.611631e-01 5.783416e-01 6.419501e-02 1.904770e-01 2.001619e-01 3.395320e-01
<GCONST> 8.837789e+01
<TRANSP> 5
 0.000000e+00 1.000000e+00 0.000000e+00 0.000000e+00 0.000000e+00
 0.000000e+00 8.461461e-01 1.538539e-01 0.000000e+00 0.000000e+00
 0.000000e+00 0.000000e+00 6.250452e-01 3.749548e-01 0.000000e+00
 0.000000e+00 0.000000e+00 0.000000e+00 5.000005e-01 4.999994e-01
 0.000000e+00 0.000000e+00 0.000000e+00 0.000000e+00 0.000000e+00
<ENDHMM>
~h "sil"
<BEGINHMM>
<NUMSTATES> 5
<STATE> 2
<MEAN> 39
 -1.353581e+01 -9.790933e+00 -1.324416e+00 -3.060296e-02 -1.572989e+00 5.362672e+00 -2.894122e+00 1.859219e+00 -1.312805e+00 -1.984969e+00 3.917304e+00 -1.604780e+00 3.179656e+01 -6.555843e-02 -2.382981e-02 -1.871028e-02 1.704556e-02 3.688856e-02 1.357894e-02 1.896974e-02 -7.897864e-03 7.317565e-03 4.313375e-02 2.351488e-02 9.300202e-03 -4.183082e-02 1.992856e-02 1.725840e-02 1.069613e-02 -6.723295e-03 -1.540708e-02 -1.064693e-02 -1.327217e-02 -9.197060e-03 -1.977889e-03 -1.208369e-02 -5.742372e-03 -5.726676e-04 1.058337e-02
<VARIANCE> 39
 1.571258e+01 2.299380e+01 2.110595e+01 1.202997e+01 1.644433e+01 1.746651e+01 1.585012e+01 1.763336e+01 1.587473e+01 1.590668e+01 1.968402e+01 1.132992e+01 9.847989e+00 5.785756e-01 9.695065e-01 7.937915e-01 1.062953e+00 1.131149e+00 1.244114e+00 1.248902e+00 1.717611e+00 1.677963e+00 1.558685e+00 1.880745e+00 1.286411e+00 3.417473e-01 1.197718e-01 2.055868e-01 1.675302e-01 2.231120e-01 2.344063e-01 2.574303e-01 2.597089e-01 3.629421e-01 3.450746e-01 3.228629e-01 4.039868e-01 2.696150e-01 7.122380e-02
<GCONST> 8.953741e+01
<STATE> 3
<MEAN> 39
 -1.070104e+01 -6.708359e+00 1.154591e+00 1.962962e-01 -2.275229e+00 4.371068e+00 -4.489509e+00 1.305084e+00 -1.786068e-01 -2.129537e+00 3.048541e+00 -2.473208e+00 3.311241e+01 1.419143e+00 5.279252e-01 3.178156e-01 -5.473235e-01 -8.464366e-01 -2.425495e-01 -7.877039e-01 -3.677567e-01 2.193051e-02 -4.246302e-01 -9.763272e-02 -1.214680e-01 9.659173e-01 4.877433e-01 7.636740e-02 3.703065e-02 -2.796094e-01 -3.349867e-01 -4.334120e-02 -2.193441e-01 -1.039898e-01 -3.968870e-02 -2.603812e-01 -8.976769e-02 -5.880757e-02 3.750791e-01
<VARIANCE> 39
 3.581911e+01 2.473633e+01 2.757841e+01 2.629740e+01 2.677559e+01 2.200573e+01 2.680784e+01 2.092278e+01 1.872802e+01 1.889249e+01 1.616343e+01 1.071510e+01 2.086746e+01 5.948421e+00 4.940207e+00 6.417055e+00 4.899078e+00 4.596070e+00 3.144408e+00 3.045561e+00 2.634873e+00 2.015156e+00 2.315440e+00 2.075359e+00 1.395755e+00 3.322037e+00 7.777494e-01 6.755081e-01 7.407384e-01 6.773680e-01 6.366765e-01 5.529753e-01 5.312462e-01 4.408709e-01 3.953325e-01 3.922614e-01 3.313973e-01 2.512881e-01 4.865641e-01
<GCONST> 1.183079e+02
<STATE> 4
<MEAN> 39
 -1.037249e+01 -8.576258e+00 1.991538e+00 4.304130e-01 -3.681401e+00 4.964048e+00 -4.880952e+00 1.156498e+00 -9.233639e-01 -4.071781e+00 2.929342e+00 -2.067295e+00 3.422624e+01 8.046145e-02 1.878180e-02 4.184177e-02 1.004275e-03 -3.157375e-02 -3.149064e-02 -7.520156e-02 -6.345446e-02 -4.564852e-02 -7.934713e-02 -2.816166e-02 -1.508546e-02 6.213635e-02 2.495657e-02 1.834880e-02 2.319464e-02 7.657292e-03 1.594719e-03 2.716027e-03 -1.424143e-02 -4.328471e-03 -2.210792e-04 -9.664884e-03 -9.340409e-03 -1.808182e-03 1.659943e-02
<VARIANCE> 39
 1.385523e+01 2.237522e+01 1.549736e+01 1.463942e+01 1.604619e+01 1.653880e+01 1.696560e+01 1.553028e+01 1.408030e+01 1.637502e+01 1.246508e+01 1.169541e+01 4.257305e+00 8.587798e-01 1.126001e+00 1.138572e+00 1.062389e+00 1.242353e+00 1.168775e+00 1.577175e+00 1.468816e+00 1.308528e+00 1.647634e+00 1.454630e+00 1.130145e+00 4.366245e-01 1.006048e-01 1.724872e-01 1.978926e-01 1.896697e-01 2.408974e-01 2.210601e-01 3.005646e-01 2.854004e-01 2.550140e-01 3.346888e-01 2.974767e-01 2.294092e-01 3.521842e-02
<GCONST> 8.645413e+01
<TRANSP> 5
 0.000000e+00 1.000000e+00 0.000000e+00 0.000000e+00 0.000000e+00
 0.000000e+00 9.625064e-01 3.749357e-02 0.000000e+00 0.000000e+00
 0.000000e+00 0.000000e+00 6.657171e-01 3.342830e-01 0.000000e+00
 0.000000e+00 0.000000e+00 0.000000e+00 9.566116e-01 4.338846e-02
 0.000000e+00 0.000000e+00 0.000000e+00 0.000000e+00 0.000000e+00
<ENDHMM>
~h "t"
<BEGINHMM>
<NUMSTATES> 5
<STATE> 2
<MEAN> 39
 -5.681296e+00 -7.337478e+00 1.419556e+00 -2.191746e+00 -6.366799e+00 4.246985e+00 -6.420567e+00 2.271763e+00 1.894609e+00 -4.436094e+00 1.598381e+00 -3.675637e+00 3.721831e+01 -1.326330e+00 -1.300230e-01 -1.175458e-01 4.233403e-01 5.364785e-01 6.875202e-02 5.434531e-01 -1.816400e-01 -4.831188e-01 2.478375e-01 2.312415e-01 4.248963e-01 -9.997329e-01 2.869182e-01 -1.235064e-01 -6.222400e-02 -1.831501e-01 -1.230580e-01 2.835627e-02 -1.182115e-01 5.355911e-02 1.160127e-01 -2.774284e-02 -1.363733e-02 -4.123352e-02 2.718981e-01
<VARIANCE> 39
 3.861650e+01 1.926471e+01 8.923498e+00 1.226179e+01 1.797103e+01 1.077058e+01 1.628585e+01 1.817505e+01 1.609967e+01 1.589073e+01 1.474296e+01 1.345275e+01 1.604408e+01 1.579151e+00 1.599473e+00 9.489487e-01 1.608154e+00 1.694045e+00 1.104687e+00 1.693816e+00 1.901109e+00 1.586071e+00 1.652757e+00 1.427566e+00 1.272598e+00 1.243758e+00 1.575471e-01 3.772428e-01 2.703327e-01 2.914254e-01 2.921387e-01 2.601971e-01 3.017818e-01 4.101354e-01 2.939544e-01 3.663490e-01 2.645668e-01 2.881919e-01 8.251947e-02
<GCONST> 9.514719e+01
<STATE> 3
<MEAN> 39
 -8.263422e+00 -7.258513e+00 1.156490e+00 -1.269366e+00 -3.991038e+00 5.499660e+00 -4.629256e+00 2.512485e+00 7.619625e-01 -3.026936e+00 3.657328e+00 -1.054245e+00 3.524938e+01 2.071195e+00 1.723184e+00 1.012495e+00 -4.775042e-01 -1.235455e+00 -1.250829e+00 -1.295635e+00 -9.520597e-01 -3.362122e-01 8.708529e-02 1.219724e-01 -3.078598e-01 1.102816e+00 8.677292e-01 4.359699e-01 5.309734e-01 -2.882931e-01 -9.735840e-01 -6.054702e-01 -7.466927e-01 -4.938233e-01 1.033364e-04 -8.594353e-02 -6.304016e-02 -2.446564e-01 5.820639e-01
<VARIANCE> 39
 1.271572e+01 1.487040e+01 1.177067e+01 1.443309e+01 1.741480e+01 1.164552e+01 1.236030e+01 1.843342e+01 1.213689e+01 1.265903e+01 1.286927e+01 1.176379e+01 4.191957e+00 2.454883e+00 2.744376e+00 3.473634e+00 2.246438e+00 3.690534e+00 2.996532e+00 2.787767e+00 2.856789e+00 1.860298e+00 1.843180e+00 1.292487e+00 1.155719e+00 1.052607e+00 2.314630e-01 3.662218e-01 4.513503e-01 3.679333e-01 6.135810e-01 4.242853e-01 3.602905e-01 4.043058e-01 3.669086e-01 2.249923e-01 2.797929e-01 2.633876e-01 1.613018e-01
<GCONST> 9.994617e+01
<STATE> 4
<MEAN> 39
 3.269349e+00 -1.123479e-01 6.806863e+00 -4.862695e+00 -1.382557e+01 -1.943585e+00 -1.260505e+01 -2.176948e+00 4.788190e-01 -3.665169e+00 3.115996e+00 -3.840982e+00 4.224799e+01 3.111194e+00 5.723622e-01 1.998325e+00 -1.451202e+00 -3.722822e+00 -1.196252e+00 -2.538006e+00 -1.354571e+00 4.555612e-01 -2.031426e-01 3.428208e-01 -5.650592e-01 2.569113e+00 -6.056781e-01 -8.061670e-01 -2.883843e-01 6.213563e-03 3.888663e-01 8.592100e-01 4.049139e-01 1.211356e-01 1.031292e-01 -9.187570e-02 4.582477e-02 1.507771e-01 -1.639898e-01
<VARIANCE> 39
 3.459162e+01 2.719636e+01 5.654663e+01 4.397218e+01 5.973612e+01 2.959992e+01 2.761764e+01 2.490596e+01 2.716989e+01 2.282577e+01 1.152442e+01 9.055007e+00 2.122437e+01 3.268939e+00 5.131877e+00 5.541880e+00 2.837030e+00 7.615652e+00 5.691478e+00 3.176999e+00 2.527356e+00 2.547551e+00 9.025853e-01 1.357655e+00 1.251717e+00 2.098932e+00 3.924289e-01 3.434042e-01 4.454105e-01 4.396093e-01 1.052243e+00 6.721377e-01 5.498898e-01 4.022482e-01 3.960564e-01 2.895028e-01 2.450596e-01 1.870286e-01 2.176956e-01
<GCONST> 1.157552e+02
<TRANSP> 5
 0.000000e+00 1.000000e+00 0.000000e+00 0.000000e+00 0.000000e+00
 0.000000e+00 8.739778e-01 1.260221e-01 0.000000e+00 0.000000e+00
 0.000000e+00 0.000000e+00 6.015468e-01 3.984531e-01 0.000000e+00
 0.000000e+00 0.000000e+00 0.000000e+00 5.202898e-01 4.797103e-01
 0.000000e+00 0.000000e+00 0.000000e+00 0.000000e+00 0.000000e+00
<ENDHMM>
~h "u"
<BEGINHMM>
<NUMSTATES> 5
<STATE> 2
<MEAN> 39
 8.508698e+00 1.252649e-01 6.245803e+00 -9.006350e+00 -1.714951e+01 -5.019492e+00 -2.048956e+01 -5.699833e+00 3.319838e+00 -3.487754e-01 7.856059e+00 -2.783329e+00 4.627592e+01 1.435261e+00 -1.073166e+00 -9.695516e-01 -1.706080e+00 -5.916352e-01 1.185608e+00 -6.470523e-01 -7.034205e-01 -8.269984e-02 1.210368e-01 1.223042e+00 3.088150e-01 1.484534e+00 -6.544094e-01 -2.928359e-01 -1.905923e-01 5.624365e-01 8.953639e-01 8.852109e-01 8.286151e-01 1.534173e-01 -3.424021e-01 -1.339447e-01 -1.475043e-01 1.840818e-03 -4.308770e-01
<VARIANCE> 39
 9.974528e+00 9.256835e+00 2.026160e+01 1.955131e+01 3.148351e+01 2.758004e+01 2.407584e+01 2.242116e+01 1.918689e+01 1.613569e+01 5.484757e+00 1.155680e+01 9.640644e+00 1.302463e+00 1.096464e+00 1.664001e+00 1.704657e+00 4.722503e+00 3.872537e+00 1.814653e+00 1.582736e+00 1.969826e+00 1.405357e+00 9.093569e-01 6.828926e-01 9.195585e-01 1.880201e-01 3.571391e-01 4.550943e-01 3.465436e-01 1.128887e+00 4.730435e-01 2.099090e-01 2.478617e-01 2.920955e-01 3.966182e-01 1.383798e-01 2.541142e-01 8.682469e-02
<GCONST> 9.713265e+01
<STATE> 3
<MEAN> 39
 1.125724e+01 -4.602247e+00 1.552523e+00 -1.271550e+01 -1.497781e+01 3.867440e+00 -1.839229e+01 -7.529132e+00 1.229818e+00 -1.312939e-02 1.102168e+01 -2.778300e+00 4.975893e+01 -6.414377e-02 -4.920561e-01 -1.956149e-01 -3.089346e-01 3.291458e-01 1.324388e+00 6.995450e-01 -1.016596e-01 -3.662320e-01 -1.188643e-01 3.173499e-01 1.307517e-01 1.740656e-01 -3.942595e-01 3.117636e-01 3.694237e-01 4.804797e-01 9.361090e-02 -3.143090e-01 2.874031e-01 3.211224e-01 1.893721e-01 -8.257128e-02 -4.207581e-01 -5.264154e-02 -3.917746e-01
<VARIANCE> 39
 5.769458e+00 1.353038e+01 1.091295e+01 1.736222e+01 1.417685e+01 3.162676e+01 2.591558e+01 2.294773e+01 1.731793e+01 1.325088e+01 6.426413e+00 1.286941e+01 7.875396e+00 4.667731e-01 1.067331e+00 1.427140e+00 1.069350e+00 1.536428e+00 1.269723e+00 1.790333e+00 1.162992e+00 2.254669e+00 1.827486e+00 1.042269e+00 1.595777e+00 5.640609e-01 9.824482e-02 1.481097e-01 2.359879e-01 1.945295e-01 2.989380e-01 2.664661e-01 3.545865e-01 2.014865e-01 3.366032e-01 2.951227e-01 2.462709e-01 2.288822e-01 1.099742e-01
<GCONST> 8.829450e+01
<STATE> 4
<MEAN> 39
 7.605757e+00 -1.230670e+00 4.687060e+00 -7.995872e+00 -1.285766e+01 3.221936e+00 -1.422306e+01 -5.945575e+00 7.730013e-01 -2.003794e+00 7.668470e+00 -1.404327e+00 4.582878e+01 -1.355323e+00 9.880565e-01 9.576384e-01 1.592822e+00 8.491321e-01 -2.493107e-01 1.954735e+00 1.350369e+00 -2.885673e-02 -6.931839e-01 -1.400700e+00 -2.073295e-01 -1.372198e+00 -6.089253e-02 5.608092e-02 1.673560e-01 1.595748e-01 5.517290e-02 -1.690700e-01 -1.238296e-01 1.134503e-01 -1.090099e-01 -7.822280e-02 -4.069529e-02 -1.308387e-01 -5.224872e-02
<VARIANCE> 39
 1.311859e+01 1.871784e+01 1.251434e+01 2.347987e+01 2.291459e+01 2.857520e+01 2.916554e+01 2.116218e+01 2.813359e+01 2.531501e+01 1.832438e+01 1.434715e+01 1.552893e+01 7.944591e-01 1.148091e+00 1.734279e+00 1.392104e+00 2.127237e+00 2.003063e+00 2.366620e+00 1.457049e+00 1.829616e+00 1.592578e+00 2.300923e+00 1.505687e+00 6.492149e-01 8.760420e-02 1.489844e-01 1.880367e-01 2.252507e-01 2.307334e-01 2.129692e-01 5.544494e-01 3.611721e-01 3.869457e-01 3.200612e-01 3.642316e-01 3.594784e-01 1.047141e-01
<GCONST> 9.751283e+01
<TRANSP> 5
 0.000000e+00 1.000000e+00 0.000000e+00 0.000000e+00 0.000000e+00
 0.000000e+00 5.175928e-01 4.824072e-01 0.000000e+00 0.000000e+00
 0.000000e+00 0.000000e+00 7.432504e-01 2.567497e-01 0.000000e+00
 0.000000e+00 0.000000e+00 0.000000e+00 6.503260e-01 3.496740e-01
 0.000000e+00 0.000000e+00 0.000000e+00 0.000000e+00 0.000000e+00
<ENDHMM>
~h "uw"
<BEGINHMM>
<NUMSTATES> 5
<STATE> 2
<MEAN> 39
 9.026003e+00 1.661803e+00 8.491724e+00 -8.500834e+00 -1.839429e+01 -2.506525e+00 -1.665075e+01 -4.161924e+00 -1.009078e+00 -6.073729e+00 7.100046e+00 1.638639e-01 4.652878e+01 6.463065e-01 -8.021059e-01 -9.350109e-01 -1.510376e+00 -7.713411e-01 8.160251e-01 -2.292594e-01 8.302300e-02 -3.600237e-01 -3.789174e-01 2.544154e-01 4.904976e-01 7.656300e-01 -3.461120e-01 7.165639e-02 1.135319e-02 3.273464e-01 5.451527e-01 3.747954e-01 4.530565e-01 8.964434e-02 -1.079568e-01 -1.023225e-01 -2.848051e-01 -3.512358e-02 -2.911433e-01
<VARIANCE> 39
 6.155769e+00 9.128595e+00 2.403833e+01 1.090048e+01 1.247964e+01 3.331168e+01 8.384996e+00 1.155443e+01 1.629978e+01 1.597647e+01 1.035683e+01 4.945399e+00 6.928249e+00 4.607729e-01 4.231461e-01 1.583773e+00 1.823370e+00 1.586830e+00 7.038934e-01 6.204301e-01 1.283913e+00 7.778792e-01 1.171329e+00 1.574912e+00 8.167828e-01 3.606156e-01 4.368603e-02 1.223469e-01 3.510333e-01 2.175551e-01 4.278409e-01 5.096366e-01 8.796278e-02 1.857933e-01 2.679969e-01 2.012812e-01 1.450990e-01 1.076161e-01 2.901577e-02
<GCONST> 7.769948e+01
<STATE> 3
<MEAN> 39
 9.107551e+00 -1.869055e-01 4.070808e+00 -1.309349e+01 -1.912255e+01 1.087159e+00 -1.206213e+01 -2.669261e+00 -1.258790e+00 -6.294743e+00 7.719780e+00 2.329603e+00 4.676608e+01 2.201377e-01 -6.504755e-01 -9.703995e-01 -9.015335e-01 -7.798349e-02 8.486152e-01 6.661509e-01 2.821356e-01 3.478655e-01 4.520951e-01 6.736718e-01 -1.172457e-01 3.155994e-01 3.053856e-02 -1.728175e-01 -2.164674e-01 -1.731251e-02 2.150542e-01 1.542958e-01 -1.034236e-01 -5.949342e-02 1.143381e-01 3.195917e-01 1.437576e-01 -3.103754e-01 4.852922e-02
<VARIANCE> 39
 8.081721e+00 9.175932e+00 2.290694e+01 1.437168e+01 5.653328e+00 2.114026e+01 1.652658e+01 1.259026e+01 1.608102e+01 8.448969e+00 1.108484e+01 4.477196e+00 1.140981e+01 8.761103e-02 3.946967e-01 7.777996e-01 3.718774e-01 4.421080e-01 1.360442e+00 7.600606e-01 6.141068e-01 1.161631e+00 1.027592e+00 7.440057e-01 8.984911e-01 8.927549e-02 1.575648e-02 5.669712e-02 1.089155e-01 6.832355e-02 9.335402e-02 1.824400e-01 1.477837e-01 1.524386e-01 2.265413e-01 8.835382e-02 1.232634e-01 1.353277e-01 1.332311e-02
<GCONST> 6.252523e+01
<STATE> 4
<MEAN> 39
 1.116647e+01 -7.509864e+00 -4.245019e+00 -1.800593e+01 -1.631942e+01 8.024418e+00 -1.236152e+01 -2.250857e+00 2.809484e+00 4.077714e-01 1.239240e+01 -3.447603e+00 5.015018e+01 1.842401e-01 -1.901377e+00 -1.775239e+00 -7.834917e-01 1.051784e+00 1.848577e+00 -6.905840e-03 1.155902e-01 1.141079e+00 1.321263e+00 -2.201659e-01 -2.060933e+00 6.545445e-01 -1.397096e-01 8.510423e-02 2.891135e-01 1.219865e-01 -1.321204e-01 -1.801191e-01 1.295941e-01 1.810175e-01 1.065504e-01 -3.334401e-01 -5.062991e-01 -9.162563e-02 -9.013603e-02
<VARIANCE> 39
 8.051058e+00 1.404302e+01 2.455383e+01 8.209625e+00 7.752295e+00 1.225236e+01 8.483814e+00 5.608301e+00 7.843840e+00 1.073950e+01 7.678910e+00 1.326329e+01 1.113686e+01 1.358376e-01 2.139051e-01 8.289444e-01 5.027974e-01 1.020825e+00 8.848291e-01 9.071475e-01 5.021058e-01 7.508078e-01 9.669085e-01 1.353617e+00 5.624626e-01 8.964799e-02 1.305797e-02 1.051812e-01 8.278778e-02 9.457848e-02 1.535039e-01 2.608254e-01 1.521263e-01 1.136905e-01 1.591530e-01 2.124619e-01 1.922793e-01 1.906281e-01 3.882691e-02
<GCONST> 6.463099e+01
<TRANSP> 5
 0.000000e+00 1.000000e+00 0.000000e+00 0.000000e+00 0.000000e+00
 0.000000e+00 6.293709e-01 3.706292e-01 0.000000e+00 0.000000e+00
 0.000000e+00 0.000000e+00 8.466851e-01 1.533149e-01 0.000000e+00
 0.000000e+00 0.000000e+00 0.000000e+00 7.137682e-01 2.862318e-01
 0.000000e+00 0.000000e+00 0.000000e+00 0.000000e+00 0.000000e+00
<ENDHMM>
