~o
<STREAMINFO> 1 39
<VECSIZE> 39<NULLD><MFCC_D_A_0><DIAGC>
~h "lsil"
<BEGINHMM>
<NUMSTATES> 5
<STATE> 2
<MEAN> 39
 -7.509022e+00 -3.520283e+00 3.693260e+00 3.620177e-01 -2.236461e+00 6.211223e+00 -3.872219e+00 2.863758e+00 1.406472e+00 -2.423499e+00 3.543033e+00 -1.866753e+00 3.473738e+01 -7.891826e-02 -1.865451e-02 7.508743e-03 3.290742e-02 7.202996e-03 -3.310072e-02 4.337140e-03 1.495732e-02 -9.025809e-04 2.705125e-02 6.490747e-03 1.532509e-03 -5.200051e-02 3.681983e-03 -6.405829e-04 3.780365e-03 2.193945e-03 -2.922435e-03 -3.756667e-03 -9.214403e-03 -5.922207e-03 -6.065562e-03 -4.217964e-03 -3.307228e-03 -1.035162e-02 2.776522e-03
<VARIANCE> 39
 3.772833e+00 1.236533e+01 1.406829e+01 1.300715e+01 1.411970e+01 1.644096e+01 1.198360e+01 1.273734e+01 1.390816e+01 1.403260e+01 1.164733e+01 9.763433e+00 1.942279e+00 2.825203e-01 4.751081e-01 6.210564e-01 7.606174e-01 9.957559e-01 1.156642e+00 1.292617e+00 1.289078e+00 1.260926e+00 1.229049e+00 1.347492e+00 1.096654e+00 1.175505e-01 5.145597e-02 8.475813e-02 1.163757e-01 1.476817e-01 1.924119e-01 2.322274e-01 2.604128e-01 2.609124e-01 2.539887e-01 2.417659e-01 2.846273e-01 2.271246e-01 2.308816e-02
<GCONST> 7.386428e+01
<STATE> 3
<MEAN> 39
 -1.125939e+01 -5.214362e+00 1.294160e+00 1.811285e+00 -9.379311e-01 3.712078e+00 -4.454130e+00 7.908403e-01 -2.941535e-01 -1.162540e+00 2.605725e+00 -2.076192e+00 3.204406e+01 -8.425662e-02 -4.388007e-02 -1.865043e-02 2.422893e-02 5.485709e-02 2.236022e-02 2.978476e-02 -5.743111e-03 -6.341869e-02 -1.759288e-02 -2.390642e-02 -1.673723e-02 -5.047062e-02 1.028219e-02 6.753318e-03 5.329304e-03 -1.017328e-03 -2.545302e-03 -1.198847e-03 5.383971e-03 -5.534517e-03 -7.232211e-03 4.615638e-03 1.775433e-02 1.798535e-02 6.769810e-03
<VARIANCE> 39
 1.329373e+01 1.639949e+01 1.465009e+01 1.140707e+01 1.283902e+01 1.282884e+01 1.260920e+01 1.450263e+01 1.440230e+01 1.504405e+01 1.201011e+01 1.193763e+01 7.534489e+00 1.234246e+00 1.500599e+00 1.508485e+00 1.165921e+00 1.252128e+00 1.586094e+00 1.329225e+00 1.690578e+00 1.829901e+00 1.521332e+00 1.414040e+00 1.586388e+00 6.249269e-01 2.587819e-01 3.203728e-01 3.359593e-01 2.385677e-01 2.506608e-01 3.294318e-01 2.610513e-01 3.484008e-01 3.848855e-01 3.062190e-01 2.965564e-01 3.423340e-01 1.278957e-01
<GCONST> 9.250736e+01
<STATE> 4
<MEAN> 39
 -1.301578e+01 -1.075345e+01 2.949314e+00 1.820700e+00 -3.881303e+00 4.127403e+00 -6.034721e+00 4.153866e-02 -1.920918e+00 -4.521471e+00 2.768475e+00 -2.578426e+00 3.316881e+01 -4.159882e-02 -7.685350e-02 2.080231e-04 4.718736e-02 1.648991e-02 2.957903e-03 8.548588e-03 -5.840391e-02 -3.713398e-02 -1.361852e-02 1.803354e-02 1.666746e-02 -5.105030e-03 6.624338e-03 2.769673e-03 -6.399787e-03 -4.256931e-03 7.965133e-04 9.884213e-04 5.576177e-03 -3.436093e-03 2.754375e-03 1.010274e-02 1.141957e-02 -2.215776e-03 2.978310e-03
<VARIANCE> 39
 4.175744e+00 1.005117e+01 1.526622e+01 1.102669e+01 1.590420e+01 1.201000e+01 1.324225e+01 1.440323e+01 1.716065e+01 1.733601e+01 1.345476e+01 1.000349e+01 1.099606e+00 3.657706e-01 7.412722e-01 9.795061e-01 7.131313e-01 1.106208e+00 1.078692e+00 1.513441e+00 1.552172e+00 1.604780e+00 1.557611e+00 1.559626e+00 1.162952e+00 8.877127e-02 7.354117e-02 1.396101e-01 1.945960e-01 1.382599e-01 2.172053e-01 2.141825e-01 3.218580e-01 3.204615e-01 3.236338e-01 3.174389e-01 3.270684e-01 2.428422e-01 1.752602e-02
<GCONST> 7.780626e+01
<TRANSP> 5
 0.000000e+00 1.000000e+00 0.000000e+00 0.000000e+00 0.000000e+00
 0.000000e+00 9.784142e-01 2.158588e-02 0.000000e+00 0.000000e+00
 0.000000e+00 0.000000e+00 9.615089e-01 3.849118e-02 0.000000e+00
 0.000000e+00 0.000000e+00 0.000000e+00 9.739959e-01 2.600413e-02
 0.000000e+00 0.000000e+00 0.000000e+00 0.000000e+00 0.000000e+00
<ENDHMM>
