~o
<STREAMINFO> 1 39
<VECSIZE> 39<NULLD><MFCC_D_A_0><DIAGC>
~h "n"
<BEGINHMM>
<NUMSTATES> 5
<STATE> 2
<MEAN> 39
 6.579381e+00 1.103409e-01 7.450294e+00 -4.384970e+00 -1.204318e+01 9.671638e-01 -1.542243e+01 -6.204548e+00 -1.269711e+00 -6.555317e+00 9.714497e-01 -6.116189e+00 4.461607e+01 -1.094757e+00 2.296860e+00 2.033065e+00 2.112267e+00 4.459157e-01 -1.409469e+00 2.766643e-01 -5.197850e-01 -2.126594e+00 -1.441700e+00 -5.643328e-01 8.705944e-01 -1.542863e+00 2.201776e-01 -5.452241e-01 -4.025036e-01 -7.535837e-01 -2.137578e-01 4.146149e-01 -5.147544e-02 3.838896e-01 5.244042e-01 3.409072e-01 3.791722e-01 -1.443221e-01 4.338215e-01
<VARIANCE> 39
 8.668773e+00 7.399654e+00 7.400779e+00 9.072502e+00 2.177350e+01 1.093453e+01 1.279408e+01 1.369617e+01 1.774869e+01 1.562890e+01 7.220246e+00 1.103781e+01 9.184855e+00 2.437669e-01 8.247197e-01 7.017444e-01 2.040287e+00 1.957241e+00 9.350971e-01 1.324095e+00 2.459680e+00 2.465104e+00 1.483477e+00 1.198677e+00 1.127307e+00 4.367567e-01 2.880446e-02 9.927768e-02 7.694431e-02 1.269919e-01 2.059307e-01 1.143794e-01 2.217083e-01 2.258824e-01 3.728501e-01 3.327140e-01 2.094380e-01 2.338231e-01 2.906574e-02
<GCONST> 7.834457e+01
<STATE> 3
<MEAN> 39
 5.079622e+00 3.760732e+00 1.244357e+01 -9.372166e-01 -1.136749e+01 -5.371041e-01 -1.533356e+01 -5.588418e+00 -3.167153e+00 -8.301161e+00 1.053907e+00 -4.571332e+00 4.292679e+01 -5.260411e-01 1.430495e-01 3.766924e-01 7.409115e-01 5.888169e-01 2.603721e-01 4.142204e-01 5.920548e-03 -2.124152e-01 -7.423874e-03 -1.348681e-01 3.015703e-01 -4.287623e-01 -2.343093e-02 -3.115101e-01 -3.273185e-01 -1.033262e-01 1.915519e-01 3.092368e-01 1.410032e-01 1.415660e-01 1.945619e-01 7.877412e-02 1.305191e-02 -1.582154e-02 4.625313e-02
<VARIANCE> 39
 1.070291e+01 5.129600e+00 8.384871e+00 1.639999e+01 3.381380e+01 7.574203e+00 1.064456e+01 1.304357e+01 1.538938e+01 1.027730e+01 6.506920e+00 1.104407e+01 9.270643e+00 1.545929e-01 4.559172e-01 6.432204e-01 5.667151e-01 1.149743e+00 1.127862e+00 6.778159e-01 1.149592e+00 9.016142e-01 9.559815e-01 6.027309e-01 8.627627e-01 1.440937e-01 4.621939e-02 8.813649e-02 1.194250e-01 1.642771e-01 1.502802e-01 1.561880e-01 2.062645e-01 3.469549e-01 2.402341e-01 1.938324e-01 1.128588e-01 1.816657e-01 4.598184e-02
<GCONST> 7.040247e+01
<STATE> 4
<MEAN> 39
 -1.833472e-01 2.319627e-02 9.004395e+00 4.794656e-01 -6.476570e+00 3.990234e+00 -1.001601e+01 -2.476154e+00 -1.437647e+00 -7.024675e+00 6.673894e-01 -3.255787e+00 3.956998e+01 -1.106500e+00 -1.096587e+00 -1.088511e+00 -5.213063e-01 4.613258e-01 6.463745e-01 1.215770e+00 1.255437e+00 7.616157e-01 5.124685e-01 4.505442e-01 2.303047e-01 -5.628834e-01 -5.185761e-02 -7.497237e-02 -1.261375e-01 -2.314378e-01 -2.834666e-01 -1.984515e-01 -4.608926e-02 -4.426523e-02 5.762302e-03 1.485938e-01 1.534416e-01 -4.953922e-02 9.050053e-03
<VARIANCE> 39
 1.422090e+01 1.259834e+01 1.754669e+01 1.542423e+01 7.545806e+01 1.595336e+01 9.551961e+00 1.605514e+01 1.771181e+01 1.385940e+01 1.021714e+01 9.702743e+00 9.945085e+00 8.336003e-01 6.807269e-01 1.448315e+00 9.223091e-01 2.029808e+00 1.504549e+00 1.516262e+00 1.836221e+00 1.369033e+00 2.310185e+00 1.155842e+00 8.083439e-01 5.393716e-01 6.174910e-02 1.459614e-01 1.879677e-01 2.165280e-01 3.508782e-01 2.468102e-01 1.881985e-01 3.083372e-01 3.179364e-01 2.906449e-01 2.293553e-01 1.670853e-01 3.850725e-02
<GCONST> 8.721445e+01
<TRANSP> 5
 0.000000e+00 1.000000e+00 0.000000e+00 0.000000e+00 0.000000e+00
 0.000000e+00 6.307776e-01 3.692224e-01 0.000000e+00 0.000000e+00
 0.000000e+00 0.000000e+00 8.271938e-01 1.728062e-01 0.000000e+00
 0.000000e+00 0.000000e+00 0.000000e+00 7.356288e-01 2.643712e-01
 0.000000e+00 0.000000e+00 0.000000e+00 0.000000e+00 0.000000e+00
<ENDHMM>
