~o
<STREAMINFO> 1 39
<VECSIZE> 39<NULLD><MFCC_D_A_0><DIAGC>
~h ""
<BEGINHMM>
<NUMSTATES> 6
<STATE> 2
<MEAN> 39
 -1.750258e+01 -4.140055e-01 -2.855231e+00 -6.831844e-01 -6.242019e-01 -1.335046e+00 -1.563989e+00 -2.601704e-01 -8.421870e-01 6.318010e-02 1.128932e+00 2.037313e+00 4.083944e+01 -7.647765e-03 2.074999e-02 3.842854e-03 2.182354e-02 3.033012e-02 3.361475e-02 1.491229e-02 -1.752507e-02 -8.763911e-03 5.596808e-03 -1.234026e-02 -8.401262e-03 -1.199800e-02 7.630088e-03 8.187945e-03 7.021244e-03 -2.038131e-03 1.092709e-03 -9.801584e-03 -3.907695e-03 -9.127415e-03 -1.027621e-02 -6.424101e-03 -1.133145e-02 -1.049191e-02 2.137711e-02
<VARIANCE> 39
 5.433956e+00 8.045341e+00 7.388582e+00 1.023488e+01 1.276876e+01 1.733455e+01 1.677750e+01 1.684737e+01 1.652846e+01 1.595846e+01 1.402710e+01 1.161978e+01 2.954325e+01 3.204655e-01 4.543186e-01 5.670738e-01 7.460201e-01 9.273739e-01 1.185526e+00 1.336935e+00 1.476230e+00 1.504737e+00 1.456921e+00 1.358591e+00 1.196055e+00 2.535031e-01 6.801053e-02 9.357324e-02 1.169627e-01 1.517302e-01 1.888424e-01 2.390372e-01 2.694719e-01 2.984678e-01 3.059692e-01 2.968265e-01 2.779513e-01 2.452681e-01 5.769830e-02
<GCONST> 8.012062e+01
<STATE> 3
<MEAN> 39
 -9.915338e+00 2.068982e+00 -3.195042e+00 -5.921338e+00 -6.908395e+00 -9.341711e+00 -3.264111e+00 -7.221748e+00 -3.602374e+00 -2.227614e+00 -4.568717e+00 -4.335101e+00 6.278757e+01 2.277875e-02 4.892969e-03 6.845352e-03 -9.758977e-03 -9.700785e-03 -1.547103e-02 -7.152269e-03 -7.257439e-03 -7.972528e-03 -4.949844e-03 -8.886134e-03 -1.381469e-02 4.527866e-02 -1.874063e-03 -2.574661e-03 -3.320275e-04 4.065953e-05 1.515767e-03 3.924074e-03 1.196444e-04 4.048454e-03 2.970127e-04 2.034543e-03 2.731707e-03 1.274242e-03 -3.876294e-03
<VARIANCE> 39
 6.914279e+01 5.804036e+01 8.362126e+01 5.758202e+01 9.280499e+01 7.671068e+01 6.291326e+01 7.201836e+01 5.282613e+01 4.349306e+01 6.271247e+01 5.090775e+01 1.771773e+02 3.717459e+00 3.510276e+00 4.257768e+00 3.985800e+00 5.500214e+00 4.890810e+00 4.127367e+00 4.794665e+00 4.052840e+00 3.589473e+00 3.971142e+00 3.444227e+00 7.517115e+00 5.708519e-01 5.635983e-01 6.617128e-01 6.628770e-01 9.252620e-01 8.581559e-01 7.525388e-01 8.286905e-01 7.404600e-01 6.841610e-01 7.247028e-01 6.127411e-01 9.960131e-01
<GCONST> 1.415596e+02
<STATE> 4
<MEAN> 39
 -8.757004e+00 -3.149339e-01 3.746702e-01 -4.886029e+00 -3.792971e+00 -4.954113e+00 -4.926197e+00 -9.554700e-01 -5.675810e+00 2.620437e-01 -9.230279e-01 -4.176238e+00 5.604730e+01 -1.132397e-02 -2.719511e-03 -3.167362e-03 8.595379e-03 7.842968e-03 1.134411e-02 7.178862e-03 3.423191e-03 5.560325e-03 7.242148e-04 1.557973e-04 9.337236e-03 -2.826619e-02 -8.480134e-04 2.905692e-04 -1.455555e-03 1.957550e-04 -1.396829e-03 -1.282427e-03 3.288047e-04 -1.341334e-03 1.548160e-03 -2.339148e-04 4.732498e-04 1.119992e-03 -1.330174e-03
<VARIANCE> 39
 7.844060e+01 5.340341e+01 6.011347e+01 6.997339e+01 6.528676e+01 5.722233e+01 5.526083e+01 6.495615e+01 6.522383e+01 4.950630e+01 5.651649e+01 5.529219e+01 1.473727e+02 3.218711e+00 3.225940e+00 2.837662e+00 4.147612e+00 3.608164e+00 3.394734e+00 3.442897e+00 4.340601e+00 3.640393e+00 3.198247e+00 3.509293e+00 2.895898e+00 5.395661e+00 4.704259e-01 5.211465e-01 4.574279e-01 6.742663e-01 6.169421e-01 6.084055e-01 6.122219e-01 7.512234e-01 6.358973e-01 5.868099e-01 6.254538e-01 5.037290e-01 7.181584e-01
<GCONST> 1.355573e+02
<STATE> 5
<MEAN> 39
 -1.736056e+01 9.105119e-01 -2.252017e+00 2.698576e-01 2.540825e-01 -5.897786e-01 -1.205660e+00 -1.506387e+00 -1.332200e+00 1.236360e-01 2.250031e-01 1.693691e+00 4.057333e+01 -5.288472e-02 -4.797027e-03 -1.411728e-02 -1.063610e-02 -6.430295e-03 -7.051409e-03 -2.111603e-02 2.146012e-02 9.053544e-03 2.614164e-02 6.204736e-02 1.429885e-02 -5.921280e-02 1.344530e-02 7.817690e-03 9.874718e-03 4.519404e-05 1.363392e-03 -7.002646e-03 3.954358e-04 -7.050431e-03 -5.917900e-03 -5.927876e-03 -1.351463e-02 -9.231931e-03 1.855134e-02
<VARIANCE> 39
 7.616350e+00 9.036654e+00 9.655731e+00 9.444942e+00 1.089710e+01 1.520986e+01 1.663442e+01 1.843114e+01 1.709373e+01 1.575111e+01 1.509509e+01 1.162448e+01 2.643698e+01 3.195409e-01 4.667561e-01 5.943515e-01 7.575029e-01 9.636343e-01 1.175702e+00 1.356537e+00 1.460394e+00 1.498063e+00 1.476316e+00 1.388763e+00 1.202355e+00 2.104076e-01 6.092068e-02 9.005440e-02 1.158208e-01 1.517094e-01 1.920184e-01 2.357727e-01 2.721559e-01 2.926591e-01 3.031594e-01 2.955194e-01 2.781590e-01 2.452987e-01 3.876231e-02
<GCONST> 7.993115e+01
<TRANSP> 6
 0.000000e+00 1.000000e+00 0.000000e+00 0.000000e+00 0.000000e+00 0.000000e+00
 0.000000e+00 9.769232e-01 2.307680e-02 0.000000e+00 0.000000e+00 0.000000e+00
 0.000000e+00 0.000000e+00 9.967630e-01 3.237009e-03 0.000000e+00 0.000000e+00
 0.000000e+00 0.000000e+00 0.000000e+00 9.975388e-01 2.461185e-03 0.000000e+00
 0.000000e+00 0.000000e+00 0.000000e+00 0.000000e+00 9.762846e-01 2.371545e-02
 0.000000e+00 0.000000e+00 0.000000e+00 0.000000e+00 0.000000e+00 0.000000e+00
<ENDHMM>
