~o
<STREAMINFO> 1 15
<VECSIZE> 15<NULLD><USER><DIAGC>
~h "d"
<BEGINHMM>
<NUMSTATES> 5
<STATE> 2
<MEAN> 15
 3.289587e-01 -6.549641e-01 2.629434e-03 2.415678e-01 -8.011112e-02 -2.068832e-02 5.237734e-02 1.357332e-01 5.693481e-02 -2.465206e-01 -4.392772e-01 -6.720775e-02 4.327610e-01 1.390118e-01 -1.316847e-01
<VARIANCE> 15
 3.619255e-01 3.484938e-01 3.364104e-02 1.057497e-01 7.647313e-02 5.409496e-02 2.324362e-01 4.977402e-01 1.934981e-01 1.230224e-01 1.022417e-01 2.123152e-01 3.032998e-01 1.036801e-01 3.576632e-02
<GCONST> -2.143833e+00
<STATE> 3
<MEAN> 15
 8.375818e-01 -1.295728e+00 6.188726e-03 -3.548831e-02 3.413333e-02 -1.680832e-01 -1.675313e-01 2.010915e-02 8.313724e-02 1.525315e-01 1.314946e-01 1.738144e-01 5.037711e-02 -2.128392e-02 9.393237e-02
<VARIANCE> 15
 7.456189e-01 1.044784e+00 1.834036e-01 1.607578e-01 3.238239e-01 3.219936e-01 4.333119e-01 2.717002e-01 5.598585e-01 1.819502e-01 8.721195e-01 3.977338e-01 2.404174e-01 1.182983e-01 1.054379e-01
<GCONST> 1.024192e+01
<STATE> 4
<MEAN> 15
 -1.644800e-02 8.601837e-02 2.970871e-03 -3.808198e-02 -4.424074e-02 2.177499e-02 4.936799e-02 1.416352e-02 2.660926e-02 6.385812e-02 1.429533e-01 -8.885920e-02 -8.580615e-02 -5.414947e-02 3.677641e-02
<VARIANCE> 15
 6.798643e-01 1.075918e-01 1.390568e-02 6.059583e-02 6.051986e-02 9.509819e-02 1.252412e-01 8.915739e-02 2.212521e-01 3.276815e-01 2.591770e-01 3.233781e-01 2.852626e-01 1.001707e-01 4.685996e-03
<GCONST> -5.800347e+00
<TRANSP> 5
 0.000000e+00 1.000000e+00 0.000000e+00 0.000000e+00 0.000000e+00
 0.000000e+00 6.791537e-01 3.208463e-01 0.000000e+00 0.000000e+00
 0.000000e+00 0.000000e+00 7.479857e-01 2.520143e-01 0.000000e+00
 0.000000e+00 0.000000e+00 0.000000e+00 7.230597e-01 2.769403e-01
 0.000000e+00 0.000000e+00 0.000000e+00 0.000000e+00 0.000000e+00
<ENDHMM>
~h "s"
<BEGINHMM>
<NUMSTATES> 5
<STATE> 2
<MEAN> 15
 8.016922e-02 -5.474604e-01 -1.805505e-02 1.281503e-01 1.968224e-02 -1.521273e-01 -6.159988e-02 1.655722e-01 -8.073123e-02 1.263874e-02 8.808642e-02 3.486614e-03 2.663943e-01 4.584284e-02 -9.584116e-02
<VARIANCE> 15
 9.546620e-01 3.163758e-01 2.516564e-02 8.814485e-02 5.820145e-02 1.364356e-01 2.600659e-01 2.678900e-01 2.083121e-01 3.027374e-01 1.448902e-01 1.692382e-01 1.854925e-01 1.837675e-01 2.475828e-02
<GCONST> -7.891207e-01
<STATE> 3
<MEAN> 15
 3.256243e-01 -8.098710e-01 -2.289568e-02 -4.317357e-02 2.257077e-02 -1.847786e-02 -1.847646e-02 7.120984e-02 4.252186e-02 -2.866232e-03 2.498168e-02 5.798984e-02 4.330901e-02 2.428222e-02 6.804121e-03
<VARIANCE> 15
 2.833496e+00 1.362621e+00 7.421009e-02 1.996454e-01 1.211042e-01 1.793966e-01 2.106333e-01 2.677073e-01 3.114167e-01 2.572444e-01 2.448322e-01 3.596864e-01 3.489116e-01 4.789360e-01 8.541777e-02
<GCONST> 8.798866e+00
<STATE> 4
<MEAN> 15
 4.439179e-02 -1.484026e-01 7.687194e-02 1.500169e-02 -1.269604e-01 -4.214742e-02 1.110933e-01 4.737725e-02 -1.234552e-02 -7.781392e-02 -9.829941e-02 -1.565741e-01 -1.804671e-01 -1.879569e-01 6.816507e-02
<VARIANCE> 15
 1.215129e+00 1.942550e-02 1.733997e-02 3.321148e-02 4.819467e-02 4.632567e-02 1.194690e-01 3.291751e-01 1.269603e-01 2.018416e-01 1.273155e-01 1.231461e-01 1.833078e-01 1.659633e-01 9.053227e-03
<GCONST> -8.995028e+00
<TRANSP> 5
 0.000000e+00 1.000000e+00 0.000000e+00 0.000000e+00 0.000000e+00
 0.000000e+00 6.610180e-01 3.389820e-01 0.000000e+00 0.000000e+00
 0.000000e+00 0.000000e+00 8.359369e-01 1.640631e-01 0.000000e+00
 0.000000e+00 0.000000e+00 0.000000e+00 7.068200e-01 2.931800e-01
 0.000000e+00 0.000000e+00 0.000000e+00 0.000000e+00 0.000000e+00
<ENDHMM>
~h "t"
<BEGINHMM>
<NUMSTATES> 5
<STATE> 2
<MEAN> 15
 3.307749e-02 1.127283e-01 -3.688822e-02 1.849824e-02 7.687335e-02 -5.399656e-02 -1.268126e-01 -2.238576e-01 9.864707e-02 4.679091e-01 3.235126e-01 -6.761441e-02 -4.559585e-02 1.322374e-01 -1.979391e-02
<VARIANCE> 15
 1.435797e+00 4.080193e-02 2.852595e-02 8.482138e-02 1.457064e-01 2.307435e-01 1.029726e-01 1.988557e-01 1.701993e-01 9.361761e-02 3.039685e-01 3.606522e-01 4.007343e-01 4.050643e-01 1.328213e-02
<GCONST> -1.063872e+00
<STATE> 3
<MEAN> 15
 4.682131e-02 -3.376445e-02 -1.890353e-03 1.924544e-02 -2.846130e-02 2.528775e-03 7.770253e-03 3.184040e-02 2.293283e-02 -3.876869e-02 -2.238060e-02 2.357565e-02 2.925178e-02 1.832179e-02 -7.803167e-03
<VARIANCE> 15
 2.795233e+00 2.771886e+00 5.114059e-01 4.721945e-01 2.802203e-01 3.945178e-01 3.910052e-01 2.946600e-01 8.441882e-01 6.349216e-01 5.721228e-01 7.871649e-01 5.694388e-01 5.177419e-01 3.286255e-01
<GCONST> 2.007583e+01
<STATE> 4
<MEAN> 15
 2.889503e-01 -6.669934e-02 -7.178106e-03 -2.943352e-02 -6.402367e-02 -6.629331e-02 1.872152e-02 1.353368e-03 -2.273241e-03 1.353167e-01 1.583497e-01 3.188010e-02 -5.303628e-02 -9.464709e-02 1.780521e-02
<VARIANCE> 15
 1.225876e+00 1.977342e-02 1.859048e-02 5.884403e-02 8.147983e-02 7.522040e-02 1.390517e-01 1.623909e-01 1.196279e-01 2.342011e-01 2.889204e-01 2.723818e-01 4.380975e-01 2.612334e-01 6.578797e-03
<GCONST> -5.163625e+00
<TRANSP> 5
 0.000000e+00 1.000000e+00 0.000000e+00 0.000000e+00 0.000000e+00
 0.000000e+00 5.069557e-01 4.930442e-01 0.000000e+00 0.000000e+00
 0.000000e+00 0.000000e+00 9.318611e-01 6.813892e-02 0.000000e+00
 0.000000e+00 0.000000e+00 0.000000e+00 8.065907e-01 1.934092e-01
 0.000000e+00 0.000000e+00 0.000000e+00 0.000000e+00 0.000000e+00
<ENDHMM>
~h "#N"
<BEGINHMM>
<NUMSTATES> 5
<STATE> 2
<MEAN> 15
 -4.315896e-02 -3.774200e-02 -3.822027e-02 -3.011584e-02 5.544835e-03 1.831520e-03 -9.856589e-03 -2.307578e-02 -9.901715e-03 -3.297279e-02 6.646260e-04 -1.451860e-02 4.356292e-03 4.584733e-02 3.120668e-02
<VARIANCE> 15
 1.259373e+00 2.520468e-01 3.575831e-02 8.768087e-02 1.037099e-01 1.512336e-01 1.960389e-01 3.057778e-01 3.347853e-01 2.644285e-01 4.182668e-01 1.564182e-01 1.903863e-01 2.355188e-01 2.328994e-02
<GCONST> 1.670473e+00
<STATE> 3
<MEAN> 15
 -2.056800e-03 -2.352875e-02 -2.707315e-03 -8.732653e-04 -2.405862e-03 2.691644e-03 2.891667e-03 6.867751e-03 4.742432e-03 2.069149e-04 -3.924658e-03 -5.773370e-03 2.657586e-03 -3.418218e-03 -1.470013e-03
<VARIANCE> 15
 2.361769e+00 1.893628e+00 3.005109e-01 3.517027e-01 2.519390e-01 3.481933e-01 2.969864e-01 3.863556e-01 5.626944e-01 4.095629e-01 4.728031e-01 6.325685e-01 4.634612e-01 4.125950e-01 2.112571e-01
<GCONST> 1.633646e+01
<STATE> 4
<MEAN> 15
 -1.647336e-02 -1.569975e-02 -5.339857e-04 1.321797e-03 1.073739e-03 4.697191e-03 6.328004e-03 9.721324e-03 1.832737e-03 -3.366184e-03 -4.965742e-03 -1.016706e-02 -1.746386e-02 -8.566323e-03 1.674115e-03
<VARIANCE> 15
 9.248829e-01 2.770270e-02 1.292410e-02 2.954921e-02 7.063325e-02 8.220720e-02 9.347926e-02 1.218311e-01 1.551399e-01 1.762530e-01 2.401444e-01 2.011036e-01 1.835587e-01 1.807826e-01 1.000000e-02
<GCONST> -8.230984e+00
<TRANSP> 5
 0.000000e+00 1.000000e+00 0.000000e+00 0.000000e+00 0.000000e+00
 0.000000e+00 9.732143e-01 2.678571e-02 0.000000e+00 0.000000e+00
 0.000000e+00 0.000000e+00 9.965358e-01 3.464203e-03 0.000000e+00
 0.000000e+00 0.000000e+00 0.000000e+00 9.901639e-01 9.836067e-03
 0.000000e+00 0.000000e+00 0.000000e+00 0.000000e+00 0.000000e+00
<ENDHMM>
~h "ah"
<BEGINHMM>
<NUMSTATES> 5
<STATE> 2
<MEAN> 15
 2.686169e-01 1.414100e-01 -5.382314e-02 -5.358654e-02 -7.802494e-05 1.664430e-01 -1.269143e-01 8.883549e-03 3.936867e-02 -1.026574e-01 -1.000962e-01 -1.964961e-01 1.981750e-01 4.965832e-02 3.524036e-02
<VARIANCE> 15
 1.301868e+00 5.650966e-02 3.922323e-02 7.744747e-02 1.500255e-01 1.654033e-01 2.351160e-01 2.428330e-01 3.320873e-01 2.179877e-01 2.467344e-01 2.662774e-01 1.086738e-01 3.528962e-01 2.365012e-02
<GCONST> 2.488866e-01
<STATE> 3
<MEAN> 15
 6.997527e-03 1.206683e-01 2.029325e-02 1.496579e-02 -1.501132e-02 -4.963522e-02 1.508530e-02 3.983025e-02 -8.197077e-03 -3.706435e-02 -4.714266e-02 1.042836e-02 1.823046e-02 1.561516e-02 -3.428027e-03
<VARIANCE> 15
 2.842552e+00 2.688129e+00 5.189826e-01 5.793975e-01 3.555471e-01 4.706133e-01 3.764927e-01 5.474519e-01 7.908463e-01 3.546491e-01 5.526534e-01 8.328025e-01 5.615964e-01 5.074589e-01 3.525362e-01
<GCONST> 2.068773e+01
<STATE> 4
<MEAN> 15
 1.515465e-02 2.815674e-03 -5.027761e-02 -1.496094e-03 1.585757e-01 -1.607140e-02 -1.116497e-01 6.365544e-05 1.834280e-01 4.086395e-01 2.087161e-01 -1.333318e-01 -6.081307e-02 -1.362315e-01 -1.801162e-03
<VARIANCE> 15
 1.521935e+00 8.805145e-02 2.236447e-02 2.778628e-02 1.278806e-01 5.721826e-02 7.613316e-02 1.772442e-01 1.650036e-01 2.221882e-01 3.184362e-01 2.384420e-01 1.844268e-01 3.399974e-01 2.598740e-02
<GCONST> -3.351675e+00
<TRANSP> 5
 0.000000e+00 1.000000e+00 0.000000e+00 0.000000e+00 0.000000e+00
 0.000000e+00 5.708484e-01 4.291516e-01 0.000000e+00 0.000000e+00
 0.000000e+00 0.000000e+00 9.283931e-01 7.160687e-02 0.000000e+00
 0.000000e+00 0.000000e+00 0.000000e+00 4.105364e-01 5.894636e-01
 0.000000e+00 0.000000e+00 0.000000e+00 0.000000e+00 0.000000e+00
<ENDHMM>
~h "uh"
<BEGINHMM>
<NUMSTATES> 5
<STATE> 2
<MEAN> 15
 -6.552744e-01 3.046945e-01 4.407054e-02 -2.552863e-01 2.350032e-01 2.945887e-01 -3.003987e-02 -4.699486e-01 -8.262116e-02 1.672417e-01 -6.498122e-02 4.365851e-01 -1.363443e-01 -5.502308e-01 1.437566e-01
<VARIANCE> 15
 1.124642e+00 2.249798e-01 1.662108e-02 1.201565e-01 7.426489e-02 1.014989e-01 3.051367e-01 9.792842e-02 6.102428e-02 2.423992e-01 1.922594e-01 2.012758e-01 3.532482e-01 1.217946e-01 1.772134e-02
<GCONST> -3.065138e+00
<STATE> 3
<MEAN> 15
 -1.875418e+00 9.509860e-01 -9.215286e-02 -4.731283e-02 4.122638e-02 2.999010e-01 -6.516675e-02 -1.709073e-01 -1.443309e-01 -2.018700e-01 1.385050e-01 -3.852914e-01 -6.068571e-01 1.583164e-01 -5.170109e-02
<VARIANCE> 15
 1.447672e+00 3.606122e-01 1.885593e-02 2.436770e-01 8.091100e-02 6.010261e-02 1.734039e-01 1.830065e-01 2.569106e-01 1.762342e-01 2.354465e-01 3.729922e-01 3.682616e-01 4.197010e-01 6.789512e-02
<GCONST> 2.674444e+00
<STATE> 4
<MEAN> 15
 -2.724483e-02 -3.410506e-03 -2.041356e-02 1.586088e-02 -2.035561e-03 1.764783e-02 -4.697585e-03 4.039483e-02 1.865787e-03 -7.378072e-02 -5.598414e-02 -4.901792e-02 2.624011e-02 6.819923e-02 -2.347664e-02
<VARIANCE> 15
 6.096058e-01 4.022980e-02 9.113934e-03 3.699051e-02 4.803373e-02 6.893167e-02 1.168251e-01 1.391756e-01 1.938996e-01 1.697575e-01 2.534276e-01 2.193381e-01 2.195358e-01 1.294945e-01 1.600054e-02
<GCONST> -7.963675e+00
<TRANSP> 5
 0.000000e+00 1.000000e+00 0.000000e+00 0.000000e+00 0.000000e+00
 0.000000e+00 5.449451e-01 4.550549e-01 0.000000e+00 0.000000e+00
 0.000000e+00 0.000000e+00 6.755089e-01 3.244910e-01 0.000000e+00
 0.000000e+00 0.000000e+00 0.000000e+00 8.784875e-01 1.215125e-01
 0.000000e+00 0.000000e+00 0.000000e+00 0.000000e+00 0.000000e+00
<ENDHMM>
~h "uw"
<BEGINHMM>
<NUMSTATES> 5
<STATE> 2
<MEAN> 15
 3.903092e-01 1.009337e-01 -2.861777e-02 -3.214775e-02 6.564684e-02 2.765962e-01 1.130585e-01 -1.817640e-01 -1.062083e-01 -1.179881e-01 1.877777e-01 1.812854e-01 1.350116e-02 9.532875e-03 2.641315e-02
<VARIANCE> 15
 6.828241e-01 2.734250e-01 7.070660e-02 6.298775e-02 9.557419e-02 1.584668e-01 1.451728e-01 3.101237e-01 3.223215e-01 1.838985e-01 1.721979e-01 9.164993e-02 1.672331e-01 1.457567e-01 1.698763e-02
<GCONST> -1.578718e+00
<STATE> 3
<MEAN> 15
 -7.123682e-03 2.738760e-01 3.222255e-02 1.156133e-02 1.561840e-02 -1.247604e-01 8.752655e-02 6.307336e-02 -1.191752e-02 6.417482e-02 -1.739131e-02 3.572699e-02 6.266217e-02 9.795384e-03 -8.835066e-03
<VARIANCE> 15
 3.239699e+00 3.374867e+00 4.651302e-01 6.431029e-01 5.049551e-01 5.211220e-01 4.110702e-01 3.582304e-01 1.166596e+00 8.730422e-01 1.178140e+00 9.460930e-01 7.513002e-01 6.096293e-01 4.028932e-01
<GCONST> 2.393938e+01
<STATE> 4
<MEAN> 15
 2.430306e-01 3.408854e-02 1.863112e-02 -5.300583e-02 -1.620602e-02 -5.882921e-02 -3.682745e-02 -3.287363e-02 4.896042e-02 2.227994e-02 -1.691163e-01 3.444467e-02 -3.247340e-03 4.538205e-02 8.663715e-03
<VARIANCE> 15
 9.772297e-01 4.559960e-02 8.335643e-03 2.797978e-02 5.368480e-02 1.805339e-01 7.432533e-02 1.647054e-01 2.005178e-01 2.303074e-01 3.278467e-01 1.990928e-01 1.048279e-01 1.707162e-01 7.380708e-03
<GCONST> -7.682044e+00
<TRANSP> 5
 0.000000e+00 1.000000e+00 0.000000e+00 0.000000e+00 0.000000e+00
 0.000000e+00 6.187608e-01 3.812393e-01 0.000000e+00 0.000000e+00
 0.000000e+00 0.000000e+00 8.628013e-01 1.371988e-01 0.000000e+00
 0.000000e+00 0.000000e+00 0.000000e+00 7.062441e-01 2.937559e-01
 0.000000e+00 0.000000e+00 0.000000e+00 0.000000e+00 0.000000e+00
<ENDHMM>
~h "sil"
<BEGINHMM>
<NUMSTATES> 5
<STATE> 2
<MEAN> 15
 -1.155336e+00 3.789491e-01 -2.860287e-02 -1.047871e-01 3.044059e-02 1.782255e-01 6.798680e-02 -3.418887e-01 -1.256855e-01 1.307737e-02 1.442248e-01 1.732254e-01 -4.242991e-01 -8.916970e-02 7.186262e-02
<VARIANCE> 15
 1.528158e+00 7.898735e-01 3.723196e-02 4.600527e-02 2.332367e-01 1.876869e-01 1.101165e-01 3.053420e-01 2.598603e-01 1.502682e-01 2.521455e-01 1.546142e-01 4.220738e-01 1.909347e-01 2.869353e-02
<GCONST> 2.308530e+00
<STATE> 3
<MEAN> 15
 -1.317426e-01 -2.210641e-02 -4.439086e-02 -2.038779e-02 -2.584111e-02 9.548928e-03 8.191734e-03 6.553562e-02 2.117765e-02 -5.799481e-02 -5.784252e-03 -5.352118e-02 5.038433e-03 3.262679e-02 9.677365e-04
<VARIANCE> 15
 2.174955e+00 1.953143e+00 3.510808e-01 3.290437e-01 2.465385e-01 5.401999e-01 3.274047e-01 6.253532e-01 5.387208e-01 4.818429e-01 4.394244e-01 8.449525e-01 3.310012e-01 4.071083e-01 2.190963e-01
<GCONST> 1.739224e+01
<STATE> 4
<MEAN> 15
 1.036777e-02 -1.469833e-02 -3.400521e-03 1.406156e-04 8.700020e-03 3.024811e-02 1.604680e-02 -9.980429e-03 -1.091992e-02 1.117454e-03 -1.559759e-02 -1.878510e-02 -6.795968e-03 -1.849774e-02 -1.111145e-03
<VARIANCE> 15
 9.806327e-01 2.082996e-02 1.405459e-02 3.563443e-02 8.160473e-02 9.412059e-02 9.887517e-02 1.250532e-01 1.607643e-01 2.272391e-01 2.081249e-01 1.811008e-01 1.516476e-01 1.986083e-01 5.873056e-03
<GCONST> -8.411855e+00
<TRANSP> 5
 0.000000e+00 1.000000e+00 0.000000e+00 0.000000e+00 0.000000e+00
 0.000000e+00 6.116166e-01 3.883835e-01 0.000000e+00 0.000000e+00
 0.000000e+00 0.000000e+00 8.970298e-01 1.029701e-01 0.000000e+00
 0.000000e+00 0.000000e+00 0.000000e+00 9.383253e-01 6.167474e-02
 0.000000e+00 0.000000e+00 0.000000e+00 0.000000e+00 0.000000e+00
<ENDHMM>
