~o
<STREAMINFO> 1 39
<VECSIZE> 39<NULLD><MFCC_D_A_Z_0><DIAGC>
~h "initial_0_D_A_Z"
<BEGINHMM>
<NUMSTATES> 5
<STATE> 2
<MEAN> 39
 -9.736907e+00 1.608765e+00 2.304683e-01 2.481416e+00 1.420767e+00 3.820817e+00 5.432945e+00 4.551694e-01 3.720473e+00 7.662599e-01 -1.615867e+00 3.936141e+00 -8.438868e+00 9.718977e-02 -5.874979e-02 2.364508e-02 -4.732865e-03 -4.097517e-02 4.243463e-02 -4.196451e-02 2.256353e-02 4.242140e-02 -5.270300e-02 2.008354e-03 7.691529e-03 9.715070e-02 7.720728e-03 -5.125971e-03 -1.056339e-02 -1.625469e-03 -4.893098e-05 -6.320281e-03 1.206888e-03 -8.571217e-03 -2.665426e-03 -5.063105e-04 -1.777515e-03 9.069910e-03 5.544584e-03
<VARIANCE> 39
 1.259578e+01 8.377987e+00 2.145108e+01 6.326795e+00 1.523150e+01 2.519432e+01 1.179257e+01 1.546801e+01 1.680909e+01 1.770716e+01 1.476992e+01 1.447557e+01 1.209351e+01 2.759537e-01 4.737496e-01 7.762629e-01 4.643770e-01 7.145525e-01 1.098796e+00 1.016727e+00 1.273813e+00 1.319357e+00 1.371256e+00 1.070428e+00 1.039078e+00 4.039137e-01 4.136989e-02 8.624008e-02 1.261724e-01 9.375136e-02 1.263031e-01 2.005532e-01 2.058641e-01 2.689450e-01 2.706338e-01 2.761750e-01 2.178903e-01 1.995992e-01 5.875872e-02
<GCONST> 7.750530e+01
<STATE> 3
<MEAN> 39
 2.928618e+00 -5.687162e-01 2.488492e-01 -8.328404e-01 -5.074329e-01 -8.796984e-01 -1.820912e+00 -3.293128e-01 -9.347901e-01 -3.606899e-01 1.598275e-01 -1.063303e+00 2.663001e+00 3.175469e-03 -2.299845e-03 -7.195328e-04 -4.127311e-03 -7.518932e-03 -1.298012e-03 -1.229153e-03 -2.277908e-03 -5.075297e-04 -2.748148e-04 1.315624e-03 -4.811593e-04 3.772319e-03 -2.055587e-03 1.302243e-03 2.578089e-03 1.018606e-03 2.547762e-04 9.938093e-04 1.649085e-03 1.171316e-03 5.926798e-04 8.228420e-04 9.901844e-04 7.832280e-04 -1.469387e-03
<VARIANCE> 39
 9.926977e+01 4.376761e+01 4.775071e+01 4.301556e+01 3.187304e+01 2.728838e+01 5.430385e+01 4.444447e+01 3.684741e+01 3.262661e+01 2.612677e+01 2.733096e+01 1.001236e+02 1.200811e+00 1.465124e+00 1.311545e+00 1.531533e+00 1.531774e+00 1.676250e+00 2.044679e+00 1.971547e+00 1.651369e+00 1.969466e+00 1.570569e+00 1.387001e+00 1.222321e+00 1.266394e-01 2.103936e-01 1.955123e-01 2.326596e-01 2.643745e-01 3.054348e-01 3.485561e-01 3.321711e-01 2.898653e-01 3.502801e-01 2.910249e-01 2.549575e-01 1.135260e-01
<GCONST> 1.078140e+02
<STATE> 4
<MEAN> 39
 -7.946713e+00 1.809355e+00 -1.673331e+00 2.531213e+00 1.628195e+00 1.541618e+00 5.527050e+00 1.497141e+00 1.958590e+00 1.387210e+00 5.895404e-01 2.506976e+00 -7.617463e+00 -2.186095e-02 2.506113e-02 2.388209e-02 1.556528e-02 1.147135e-02 3.821433e-03 8.332628e-03 8.241505e-03 -1.199043e-02 2.022758e-02 6.625864e-03 -1.136332e-02 -2.360251e-02 3.318082e-03 -2.990950e-03 -9.169399e-03 -7.066173e-03 -7.334317e-03 1.149316e-03 2.855342e-03 1.837894e-03 -2.141711e-03 -7.942683e-04 -5.780553e-03 -1.772871e-03 2.120761e-03
<VARIANCE> 39
 2.399202e+00 3.105586e+00 3.698483e+00 6.861454e+00 8.268952e+00 8.319114e+00 1.064146e+01 1.212130e+01 1.074329e+01 1.149038e+01 1.257344e+01 1.069109e+01 2.144181e+00 7.409436e-02 1.410365e-01 2.717106e-01 5.221574e-01 7.015573e-01 6.698551e-01 7.417330e-01 8.848529e-01 1.059659e+00 1.022598e+00 1.026996e+00 1.060521e+00 2.138976e-02 1.535458e-02 2.835933e-02 5.419962e-02 1.078087e-01 1.419516e-01 1.324441e-01 1.507787e-01 1.739496e-01 2.174748e-01 2.085388e-01 2.102577e-01 2.282339e-01 1.000000e-02
<GCONST> 5.388866e+01
<TRANSP> 5
 0.000000e+00 1.000000e+00 0.000000e+00 0.000000e+00 0.000000e+00
 0.000000e+00 9.889135e-01 1.108647e-02 0.000000e+00 0.000000e+00
 0.000000e+00 0.000000e+00 9.982120e-01 1.787949e-03 0.000000e+00
 0.000000e+00 0.000000e+00 0.000000e+00 9.895397e-01 1.046025e-02
 0.000000e+00 0.000000e+00 0.000000e+00 0.000000e+00 0.000000e+00
<ENDHMM>
