~o
<STREAMINFO> 1 39
<VECSIZE> 39<NULLD><USER><DIAGC>
~h "initial_PCA"
<BEGINHMM>
<NUMSTATES> 5
<STATE> 2
<MEAN> 39
 -3.964257e+00 -1.196346e+01 1.195322e+00 -3.276541e+00 -8.912008e+00 5.719433e+00 -8.900857e+00 -1.851875e+00 -8.902419e-02 -6.490978e+00 3.567466e+00 -1.477388e+00 4.017978e+01 1.202043e-01 -3.434911e-01 -1.707503e-01 -1.951886e-01 -1.812845e-01 1.595102e-02 -1.582905e-01 -2.993330e-02 6.016843e-02 -9.835881e-03 1.686177e-01 3.687702e-02 1.914106e-01 1.122790e-02 1.296684e-02 -9.859817e-03 -2.581184e-02 -4.985287e-02 -4.601703e-02 7.538212e-03 2.712221e-02 4.017137e-02 2.443676e-02 1.489413e-02 3.048137e-02 7.730004e-03
<VARIANCE> 39
 6.059818e+00 5.313636e+01 2.284609e+01 1.754056e+01 1.728842e+01 3.039274e+01 2.291356e+01 2.393129e+01 2.624039e+01 1.253367e+01 2.747220e+01 1.757833e+01 1.369071e+01 1.696910e-01 5.651807e-01 7.929702e-01 9.895455e-01 1.584106e+00 1.799749e+00 1.861825e+00 1.745090e+00 2.540470e+00 1.275420e+00 1.876695e+00 1.596817e+00 1.163621e-01 2.733737e-02 9.288105e-02 1.187437e-01 1.921677e-01 2.682703e-01 3.208931e-01 3.529466e-01 3.067192e-01 4.975599e-01 2.655631e-01 4.167476e-01 3.227995e-01 1.386716e-02
<GCONST> 8.762981e+01
<STATE> 3
<MEAN> 39
 8.517521e+00 -1.148128e+01 3.075931e+00 -8.628365e+00 -1.277829e+01 5.501865e+00 -1.549474e+01 -1.262941e-01 7.355491e+00 -4.505866e+00 3.612440e+00 -4.020657e+00 5.201274e+01 -1.205124e-02 6.199484e-02 3.221512e-02 1.916923e-02 2.188876e-02 2.003459e-02 2.259592e-02 -3.085055e-02 -3.314362e-02 -5.543376e-03 -4.024285e-02 -3.006735e-02 -2.775690e-02 -5.023205e-03 -1.645778e-03 5.256438e-03 9.208633e-03 9.345718e-03 7.999082e-03 5.797419e-03 -1.238873e-03 -5.395139e-03 -6.770370e-03 -9.624308e-03 -2.030943e-04 -2.916884e-03
<VARIANCE> 39
 6.201938e+01 3.289429e+01 3.333829e+01 4.318642e+01 2.015425e+01 2.672446e+01 4.732675e+01 3.272598e+01 5.462885e+01 2.133730e+01 3.345783e+01 2.003603e+01 6.877530e+01 2.057234e+00 1.611505e+00 1.835152e+00 2.295340e+00 1.432629e+00 1.842986e+00 2.691755e+00 1.609203e+00 2.377727e+00 1.618444e+00 1.831742e+00 1.556177e+00 2.154501e+00 2.250386e-01 2.897705e-01 3.088698e-01 3.310408e-01 2.555403e-01 3.487046e-01 4.391449e-01 2.594591e-01 4.127977e-01 2.791677e-01 3.010599e-01 2.863105e-01 1.927696e-01
<GCONST> 1.103815e+02
<STATE> 4
<MEAN> 39
 -6.229731e+00 -9.616172e+00 6.287230e+00 -6.339013e-01 -8.924338e+00 8.898640e+00 -6.379747e+00 -2.779627e+00 1.985731e+00 -5.915922e+00 -1.477180e+00 -4.885615e+00 3.828986e+01 -2.445953e-02 2.888330e-02 2.934890e-02 3.352777e-02 2.397546e-02 -4.654800e-02 -6.889843e-03 4.568202e-02 2.495006e-02 4.181449e-02 -1.772009e-03 -7.085353e-03 -2.550194e-02 3.495949e-03 -4.103653e-03 -9.169428e-03 -2.419842e-03 7.630709e-05 -5.725134e-03 7.200484e-04 8.649483e-03 -5.031456e-03 9.735201e-03 5.484728e-03 -9.814214e-03 2.871593e-03
<VARIANCE> 39
 9.333793e-01 2.522715e+00 4.925784e+00 8.101035e+00 7.811099e+00 7.908234e+00 9.471035e+00 1.271692e+01 1.096099e+01 1.102560e+01 1.302692e+01 9.684282e+00 8.170043e-01 5.775844e-02 1.676754e-01 3.678624e-01 5.896247e-01 7.116773e-01 6.701196e-01 7.536451e-01 9.380720e-01 1.062486e+00 1.225217e+00 1.522985e+00 1.118328e+00 2.075268e-02 1.209952e-02 3.464760e-02 8.240593e-02 1.204341e-01 1.325854e-01 1.323449e-01 1.428243e-01 1.713838e-01 2.091641e-01 2.719071e-01 3.253308e-01 2.135168e-01 1.000000e-02
<GCONST> 5.395131e+01
<TRANSP> 5
 0.000000e+00 1.000000e+00 0.000000e+00 0.000000e+00 0.000000e+00
 0.000000e+00 9.795918e-01 2.040816e-02 0.000000e+00 0.000000e+00
 0.000000e+00 0.000000e+00 9.949622e-01 5.037783e-03 0.000000e+00
 0.000000e+00 0.000000e+00 0.000000e+00 9.908676e-01 9.132418e-03
 0.000000e+00 0.000000e+00 0.000000e+00 0.000000e+00 0.000000e+00
<ENDHMM>
