~o
<STREAMINFO> 1 39
<VECSIZE> 39<NULLD><MFCC_D_A_0><DIAGC>
~h "initial_0_D_A"
<BEGINHMM>
<NUMSTATES> 5
<STATE> 2
<MEAN> 39
 -1.589527e+01 -3.419060e+00 -4.454029e-01 -1.845417e-01 -1.707745e+00 2.828482e+00 -1.638324e+00 2.186363e+00 8.668796e-01 -1.261656e+00 5.553437e-01 -3.095018e-01 2.264074e+01 6.552352e-01 1.220878e-01 3.196782e-01 9.243278e-02 -4.837857e-02 1.669198e-01 -9.561615e-02 -2.638878e-02 1.211427e-01 -1.455385e-01 8.862266e-02 -3.395918e-02 4.847178e-01 1.160298e-01 -4.650471e-02 7.244295e-02 -4.458632e-02 -9.428195e-02 4.812025e-03 -9.466533e-02 3.535716e-02 3.249574e-03 4.261395e-03 6.709557e-03 -5.012139e-02 1.190419e-01
<VARIANCE> 39
 8.939538e+01 4.842006e+01 3.616105e+01 8.624925e+00 1.728861e+01 2.429799e+01 3.051644e+01 1.140836e+01 8.759593e+00 1.698766e+01 1.148852e+01 1.019406e+01 1.084471e+02 8.445271e+00 6.451861e+00 3.547549e+00 1.476850e+00 2.044826e+00 2.360368e+00 3.476716e+00 1.644793e+00 8.972737e-01 1.850689e+00 1.323726e+00 1.435140e+00 1.126595e+01 1.403787e+00 1.165634e+00 5.605050e-01 2.520092e-01 3.273818e-01 4.351730e-01 5.953689e-01 2.992643e-01 1.629589e-01 3.680208e-01 2.237336e-01 2.568554e-01 1.869484e+00
<GCONST> 1.144974e+02
<STATE> 3
<MEAN> 39
 1.023555e+01 -9.625861e+00 8.420986e+00 -6.735748e+00 -1.146620e+01 8.402446e+00 -1.348901e+01 1.480097e+00 8.044402e+00 -4.396556e+00 3.573680e+00 -3.305463e+00 5.003328e+01 -5.316136e-02 2.646008e-01 -3.917042e-02 9.892451e-02 2.670255e-02 -1.458537e-01 1.179098e-01 -5.177057e-02 -4.004538e-02 7.377704e-02 4.713450e-03 5.762878e-02 -1.966446e-01 -1.049767e-01 6.281904e-02 -5.965248e-02 2.236110e-02 4.064867e-02 -2.993121e-02 3.604067e-02 -2.847800e-02 -1.936312e-02 3.822062e-02 -2.311069e-02 1.117281e-02 -1.063341e-01
<VARIANCE> 39
 7.331824e+01 4.181756e+01 3.763005e+01 3.777421e+01 2.509533e+01 1.732759e+01 4.700857e+01 2.852944e+01 5.112546e+01 2.038750e+01 2.221924e+01 2.084261e+01 1.261472e+02 3.386832e+00 4.090370e+00 3.230057e+00 2.207973e+00 1.583771e+00 2.346127e+00 3.262857e+00 2.503055e+00 2.742384e+00 2.295292e+00 2.054619e+00 2.093258e+00 6.579347e+00 6.329391e-01 5.594054e-01 6.089903e-01 3.562293e-01 3.012258e-01 5.205359e-01 4.741236e-01 4.841860e-01 5.016173e-01 4.205110e-01 3.545970e-01 3.348778e-01 8.483027e-01
<GCONST> 1.216116e+02
<STATE> 4
<MEAN> 39
 -8.195457e-01 -5.173062e+00 7.728519e+00 -9.825348e-01 -7.092237e+00 6.669390e+00 -7.267311e+00 1.396141e+00 2.201177e+00 -4.996680e+00 2.682879e+00 -3.081756e+00 3.722339e+01 -6.534112e-03 3.581219e-03 -3.236621e-03 1.092750e-03 1.889822e-03 -3.489357e-03 3.516136e-03 2.793494e-04 6.694367e-05 2.952913e-03 -1.045358e-03 2.430103e-04 -7.143300e-03 6.969837e-04 -2.048812e-03 5.668770e-04 -7.080589e-04 -5.335921e-04 6.099225e-04 -5.906558e-04 3.308878e-04 6.591374e-04 -2.585197e-04 6.194895e-04 8.877527e-05 1.591041e-03
<VARIANCE> 39
 8.452620e+01 3.844359e+01 3.661742e+01 3.665541e+01 4.633584e+01 2.220748e+01 3.469213e+01 2.464083e+01 3.005584e+01 2.017683e+01 1.793841e+01 1.570727e+01 1.159558e+02 1.138463e+00 1.694306e+00 1.704685e+00 1.438338e+00 1.802351e+00 1.657224e+00 1.828529e+00 1.767390e+00 1.741985e+00 1.665447e+00 1.575177e+00 1.376820e+00 1.640859e+00 1.743613e-01 2.942243e-01 2.810203e-01 2.546824e-01 3.261101e-01 3.261748e-01 3.450722e-01 3.319696e-01 3.253071e-01 3.271244e-01 3.128248e-01 2.764263e-01 2.016523e-01
<GCONST> 1.073060e+02
<TRANSP> 5
 0.000000e+00 1.000000e+00 0.000000e+00 0.000000e+00 0.000000e+00
 0.000000e+00 9.225909e-01 7.740917e-02 0.000000e+00 0.000000e+00
 0.000000e+00 0.000000e+00 7.966805e-01 2.033195e-01 0.000000e+00
 0.000000e+00 0.000000e+00 0.000000e+00 9.982890e-01 1.711013e-03
 0.000000e+00 0.000000e+00 0.000000e+00 0.000000e+00 0.000000e+00
<ENDHMM>
