~o
<STREAMINFO> 1 39
<VECSIZE> 39<NULLD><MFCC_D_A_0><DIAGC>
~h "initial_0_D_A_6"
<BEGINHMM>
<NUMSTATES> 6
<STATE> 2
<MEAN> 39
 -4.332552e+00 -4.703512e+00 -6.263249e+00 -9.512085e+00 -9.671508e-03 -5.954659e+00 -5.209308e+00 -7.401394e-01 -6.031240e+00 3.677733e+00 -4.803698e+00 -9.276310e+00 6.865376e+01 9.195854e-01 -2.002751e+00 -1.005422e+00 -1.456985e+00 3.524268e-01 -7.824447e-01 6.123393e-01 1.619408e+00 -3.110258e-03 -1.127497e-01 -1.084551e+00 -1.783282e+00 2.538254e+00 -4.428734e-01 4.018344e-01 3.456853e-01 6.509002e-01 -1.971106e-02 3.267495e-02 3.527710e-01 -2.341963e-01 5.488852e-02 -3.565620e-01 3.883345e-02 5.816811e-01 -7.792860e-01
<VARIANCE> 39
 3.109837e+01 2.475261e+01 3.356726e+01 2.675298e+01 2.571086e+01 5.541269e+01 2.994781e+01 6.165567e+01 5.686461e+01 7.214267e+01 3.360494e+01 3.773508e+01 3.478308e+01 3.760967e+00 1.330632e+00 2.133202e+00 3.212506e+00 2.268376e+00 1.944426e+00 4.948221e+00 4.790598e+00 5.275050e+00 6.054312e+00 4.017662e+00 3.860741e+00 3.000507e+00 5.664824e-01 6.019819e-01 6.133779e-01 7.735802e-01 3.729033e-01 6.262697e-01 8.730478e-01 6.857880e-01 8.003470e-01 1.405105e+00 6.057361e-01 6.432839e-01 6.737561e-01
<GCONST> 1.294001e+02
<STATE> 3
<MEAN> 39
 -4.222927e+00 -6.698513e+00 -5.021553e+00 -8.101352e+00 -1.416219e+00 -7.090308e+00 -1.047017e+00 3.956368e+00 -4.805568e+00 -5.519124e-01 -9.999985e+00 -8.413364e+00 7.131993e+01 3.543358e-02 4.995920e-01 3.174539e-01 5.312180e-01 -3.787465e-01 -5.066156e-01 5.243732e-01 -1.105137e-01 1.667870e-01 -1.995786e-01 3.811574e-01 5.113851e-01 -1.499014e-01 -3.973932e-02 7.216014e-01 4.202988e-01 3.300485e-01 -1.505890e-01 5.326529e-02 -5.190484e-01 -5.333911e-01 -1.782763e-01 3.777102e-01 6.021809e-01 3.576063e-01 -7.558562e-01
<VARIANCE> 39
 1.705379e+01 1.800157e+01 3.611280e+01 9.547450e+00 3.608414e+01 4.379738e+01 1.857125e+01 4.879773e+01 6.141505e+01 3.750076e+01 3.373977e+01 4.497316e+01 9.983954e+00 6.178730e-01 1.346657e+00 1.002597e+00 1.639037e+00 1.837140e+00 3.952490e+00 1.940442e+00 1.554413e+00 1.926946e+00 3.460018e+00 2.426210e+00 2.435591e+00 6.908081e-01 1.750398e-01 3.938100e-01 2.424389e-01 4.450261e-01 3.011774e-01 3.435282e-01 4.520560e-01 4.780889e-01 6.311839e-01 4.961127e-01 4.627625e-01 4.319049e-01 4.290575e-01
<GCONST> 1.091736e+02
<STATE> 4
<MEAN> 39
 -3.568729e+00 -4.322835e+00 -5.834370e+00 -6.346788e+00 -3.074415e+00 -9.937109e+00 -1.857736e+00 -8.359084e-01 -2.587602e+00 -1.888888e-01 -4.642861e+00 -7.329551e+00 7.005209e+01 1.197030e-01 2.208515e+00 1.715055e+00 1.524895e+00 -4.810683e-01 2.451352e-01 -1.075888e+00 -1.223386e+00 -1.156371e+00 5.590351e-01 1.871296e+00 1.045743e+00 -2.488457e+00 -3.067692e-01 6.159065e-01 5.874916e-01 6.526103e-01 1.991189e-01 7.310777e-01 -5.989932e-02 -2.692753e-01 -7.155403e-01 -3.484180e-01 -2.006301e-01 3.599757e-01 -1.199560e+00
<VARIANCE> 39
 2.341762e+01 1.474591e+01 5.831339e+01 3.383898e+01 2.969278e+01 8.120956e+01 1.482230e+01 4.417369e+01 5.688562e+01 3.620329e+01 3.334997e+01 5.779213e+01 1.094823e+01 1.770331e+00 2.931070e+00 2.263523e+00 2.910425e+00 1.538746e+00 5.377176e+00 1.619857e+00 5.326320e+00 5.990905e+00 3.817511e+00 1.655702e+00 1.909938e+00 2.691779e+00 4.594941e-01 4.072098e-01 4.115117e-01 5.049374e-01 3.082490e-01 8.336590e-01 3.596877e-01 8.778690e-01 5.434807e-01 9.449948e-01 4.538178e-01 7.160781e-01 7.918116e-01
<GCONST> 1.222572e+02
<STATE> 5
<MEAN> 39
 -3.390143e+00 3.154012e+00 -1.397955e+00 -1.826747e+00 -1.692629e+00 -8.080699e+00 -4.840355e+00 -3.062162e+00 -7.761514e+00 1.532481e+00 -1.668230e+00 -5.781389e+00 6.041757e+01 -1.375988e+00 2.867375e+00 2.408400e+00 3.069337e+00 2.985778e-01 1.914588e+00 3.203765e-02 -1.285247e+00 -1.366224e+00 -1.174883e+00 -1.253884e-01 1.937161e+00 -4.952907e+00 -4.311932e-01 -7.084478e-01 -2.346468e-01 -1.641957e-01 4.492403e-02 4.611305e-01 4.193237e-01 1.123410e-01 3.366050e-01 -3.900203e-01 -4.294620e-01 4.935274e-02 9.440739e-02
<VARIANCE> 39
 2.232297e+01 2.947235e+01 4.083172e+01 4.572185e+01 3.071453e+01 6.493817e+01 2.153171e+01 6.787380e+01 5.270644e+01 2.963855e+01 2.742224e+01 2.632304e+01 3.798595e+01 3.821523e+00 3.081814e+00 2.627055e+00 2.226919e+00 2.750037e+00 6.064136e+00 1.652591e+00 5.682282e+00 5.528428e+00 4.607164e+00 3.278306e+00 3.330217e+00 4.232971e+00 3.636521e-01 5.744836e-01 4.889083e-01 6.730798e-01 5.366463e-01 8.965613e-01 3.003883e-01 9.189910e-01 4.062052e-01 6.679988e-01 5.625554e-01 3.121969e-01 8.750815e-01
<GCONST> 1.266404e+02
<TRANSP> 6
 0.000000e+00 1.000000e+00 0.000000e+00 0.000000e+00 0.000000e+00 0.000000e+00
 0.000000e+00 6.313804e-01 3.686195e-01 0.000000e+00 0.000000e+00 0.000000e+00
 0.000000e+00 0.000000e+00 6.682597e-01 3.317403e-01 0.000000e+00 0.000000e+00
 0.000000e+00 0.000000e+00 0.000000e+00 4.859807e-01 5.140194e-01 0.000000e+00
 0.000000e+00 0.000000e+00 0.000000e+00 0.000000e+00 4.240968e-01 5.759032e-01
 0.000000e+00 0.000000e+00 0.000000e+00 0.000000e+00 0.000000e+00 0.000000e+00
<ENDHMM>
