~o
<STREAMINFO> 1 15
<VECSIZE> 15<NULLD><USER><DIAGC>
~h "#N"
<BEGINHMM>
<NUMSTATES> 5
<STATE> 2
<MEAN> 15
 -4.315896e-02 -3.774200e-02 -3.822027e-02 -3.011584e-02 5.544835e-03 1.831520e-03 -9.856589e-03 -2.307578e-02 -9.901715e-03 -3.297279e-02 6.646260e-04 -1.451860e-02 4.356292e-03 4.584733e-02 3.120668e-02
<VARIANCE> 15
 1.259373e+00 2.520468e-01 3.575831e-02 8.768087e-02 1.037099e-01 1.512336e-01 1.960389e-01 3.057778e-01 3.347853e-01 2.644285e-01 4.182668e-01 1.564182e-01 1.903863e-01 2.355188e-01 2.328994e-02
<GCONST> 1.670472e+00
<STATE> 3
<MEAN> 15
 -2.056800e-03 -2.352875e-02 -2.707315e-03 -8.732653e-04 -2.405862e-03 2.691644e-03 2.891667e-03 6.867751e-03 4.742432e-03 2.069149e-04 -3.924658e-03 -5.773370e-03 2.657586e-03 -3.418218e-03 -1.470013e-03
<VARIANCE> 15
 2.361769e+00 1.893628e+00 3.005109e-01 3.517027e-01 2.519390e-01 3.481933e-01 2.969864e-01 3.863556e-01 5.626944e-01 4.095629e-01 4.728031e-01 6.325685e-01 4.634612e-01 4.125950e-01 2.112571e-01
<GCONST> 1.633646e+01
<STATE> 4
<MEAN> 15
 -1.647336e-02 -1.569975e-02 -5.339857e-04 1.321797e-03 1.073739e-03 4.697191e-03 6.328004e-03 9.721324e-03 1.832737e-03 -3.366184e-03 -4.965742e-03 -1.016706e-02 -1.746386e-02 -8.566323e-03 1.674115e-03
<VARIANCE> 15
 9.248829e-01 2.770270e-02 1.292410e-02 2.954921e-02 7.063325e-02 8.220720e-02 9.347926e-02 1.218311e-01 1.551399e-01 1.762530e-01 2.401444e-01 2.011036e-01 1.835587e-01 1.807826e-01 1.000000e-02
<GCONST> -8.230984e+00
<TRANSP> 5
 0.000000e+00 1.000000e+00 0.000000e+00 0.000000e+00 0.000000e+00
 0.000000e+00 9.732143e-01 2.678571e-02 0.000000e+00 0.000000e+00
 0.000000e+00 0.000000e+00 9.965358e-01 3.464203e-03 0.000000e+00
 0.000000e+00 0.000000e+00 0.000000e+00 9.901639e-01 9.836067e-03
 0.000000e+00 0.000000e+00 0.000000e+00 0.000000e+00 0.000000e+00
<ENDHMM>
~h "t-uh+d"
<BEGINHMM>
<NUMSTATES> 5
<STATE> 2
<NUMMIXES> 3
<MIXTURE> 1 2.752493e-01
<MEAN> 15
 -1.930588e-01 5.568032e-01 1.605206e-01 -2.864049e-01 3.704386e-01 3.615639e-01 3.913060e-01 -1.387461e-01 9.424005e-02 4.039353e-01 4.097815e-01 7.127759e-01 -1.263407e-01 -5.656767e-01 2.808478e-01
<VARIANCE> 15
 6.308500e-01 7.906254e-02 1.749231e-02 2.226174e-02 5.991907e-02 7.662082e-02 1.243864e-01 4.595782e-02 8.218464e-02 2.962372e-01 2.418927e-01 5.991286e-02 5.111234e-01 3.328421e-02 5.831020e-03
<GCONST> -1.099685e+01
<MIXTURE> 2 4.892169e-01
<MEAN> 15
 -9.971869e-01 3.822515e-01 -1.660507e-02 -5.925511e-01 1.845652e-01 2.044833e-01 -2.171534e-01 -5.556026e-01 -2.142562e-01 2.659418e-01 -1.709080e-01 4.453764e-01 3.647594e-02 -8.406153e-01 2.419138e-01
<VARIANCE> 15
 1.208468e+00 2.724045e-01 1.089393e-02 1.695284e-01 9.685180e-02 5.221312e-02 1.739248e-01 5.347393e-02 1.086751e-01 1.065396e-01 1.271598e-01 1.783224e-01 1.729433e-01 1.324964e-01 2.355508e-02
<GCONST> -5.571440e+00
<MIXTURE> 3 2.355338e-01
<MEAN> 15
 -9.881759e-01 4.530171e-01 4.078673e-03 -2.510390e-01 3.219460e-01 3.725480e-01 1.181924e-01 -4.741374e-01 -9.629688e-02 1.142198e-02 -1.964427e-01 4.730043e-01 -3.017684e-01 -5.057629e-01 1.599538e-01
<VARIANCE> 15
 9.865722e-01 2.441779e-01 1.139619e-02 1.483665e-01 4.617685e-02 1.439629e-01 2.470551e-01 6.388860e-02 6.097818e-02 2.097357e-01 2.106407e-01 1.110869e-01 3.841293e-01 1.019850e-01 1.517266e-02
<GCONST> -4.942159e+00
<STATE> 3
<NUMMIXES> 3
<MIXTURE> 1 2.976096e-01
<MEAN> 15
 -1.407494e+00 1.015119e+00 -3.907396e-02 3.018508e-01 -4.059374e-03 3.833717e-01 -2.215170e-02 1.735437e-01 1.381678e-01 -2.717675e-01 4.015751e-01 -3.534754e-01 -5.119672e-01 6.562150e-01 -2.076707e-01
<VARIANCE> 15
 1.219190e+00 1.906874e-01 8.102135e-03 1.091865e-01 5.074584e-02 3.964620e-02 1.334382e-01 1.173064e-01 1.570172e-01 7.580049e-02 2.387710e-01 3.817153e-01 3.618820e-01 2.343254e-01 7.342816e-02
<GCONST> -3.192184e+00
<MIXTURE> 2 4.324279e-01
<MEAN> 15
 -2.497435e+00 1.396770e+00 -1.853060e-01 -2.462136e-01 7.066128e-02 2.242802e-01 1.851569e-02 -3.143051e-01 -3.087958e-01 -8.935596e-02 1.867945e-02 -5.201512e-01 -8.351195e-01 -9.689409e-02 2.157404e-02
<VARIANCE> 15
 1.396996e+00 2.971558e-01 2.271890e-02 1.883980e-01 4.705268e-02 6.826770e-02 8.417300e-02 1.116848e-01 2.094488e-01 2.079498e-01 2.378045e-01 1.179710e-01 2.195802e-01 4.516532e-01 4.955498e-02
<GCONST> -1.195447e+00
<MIXTURE> 3 2.699625e-01
<MEAN> 15
 -1.900098e+00 1.154467e+00 -1.011773e-01 8.786940e-02 3.087459e-02 2.210599e-01 3.844206e-02 -1.010712e-01 2.583147e-02 -2.512736e-01 2.787918e-01 -4.194869e-01 -7.700472e-01 4.211017e-01 -1.082492e-01
<VARIANCE> 15
 1.337089e+00 2.683667e-01 1.713248e-02 1.006333e-01 4.239104e-02 9.289569e-02 9.713063e-02 9.853141e-02 1.510602e-01 1.752081e-01 2.227186e-01 1.908311e-01 3.489592e-01 2.301793e-01 6.347618e-02
<GCONST> -2.074834e+00
<STATE> 4
<NUMMIXES> 3
<MIXTURE> 1 1.055187e-01
<MEAN> 15
 -5.671101e-01 4.443791e-01 -1.041439e-01 3.442232e-01 2.047735e-01 5.922810e-01 8.455190e-02 5.380993e-02 -6.138684e-01 -4.869618e-01 -9.062211e-01 -9.699055e-02 1.160441e-01 4.659525e-01 2.823060e-01
<VARIANCE> 15
 5.335110e-02 5.045846e-02 6.774106e-04 3.528951e-02 4.148233e-03 6.153117e-02 3.566983e-02 6.079227e-02 3.026765e-01 2.775546e-02 1.450377e-01 8.323684e-02 6.329393e-02 3.439992e-02 3.006784e-02
<GCONST> -2.222795e+01
<MIXTURE> 2 7.976171e-01
<MEAN> 15
 2.351069e-01 1.569213e-01 -1.346154e-01 2.563587e-01 -1.705526e-01 -5.235327e-02 -4.163629e-01 3.023029e-02 -6.343901e-02 -7.482760e-01 -1.444363e-01 -5.784468e-01 2.378519e-01 3.900265e-01 -3.822182e-01
<VARIANCE> 15
 7.571427e-01 8.689810e-02 6.855456e-03 5.385987e-02 5.651073e-02 9.815731e-02 1.776409e-01 1.994078e-01 9.834667e-02 8.805065e-02 2.729598e-01 1.641468e-01 7.075956e-02 1.333538e-01 3.788963e-02
<GCONST> -7.382871e+00
<MIXTURE> 3 9.686428e-02
<MEAN> 15
 -4.611892e-01 6.834333e-02 -9.836266e-02 5.525880e-02 6.319208e-02 2.021204e-02 2.067673e-01 3.685855e-01 2.960371e-01 -3.019283e-01 -2.077534e-01 -7.022828e-01 -1.595788e-01 5.814075e-01 -8.613215e-02
<VARIANCE> 15
 6.005479e-01 4.324424e-02 2.131887e-03 4.156726e-02 1.532810e-02 5.581529e-02 1.556938e-01 1.352176e-01 1.840566e-01 6.476462e-02 1.348907e-01 6.060072e-02 1.562799e-01 1.416050e-01 4.462009e-02
<GCONST> -1.249499e+01
<TRANSP> 5
 0.000000e+00 1.000000e+00 0.000000e+00 0.000000e+00 0.000000e+00
 0.000000e+00 6.072187e-01 3.927813e-01 0.000000e+00 0.000000e+00
 0.000000e+00 0.000000e+00 7.596495e-01 2.403505e-01 0.000000e+00
 0.000000e+00 0.000000e+00 0.000000e+00 3.089055e-01 6.910945e-01
 0.000000e+00 0.000000e+00 0.000000e+00 0.000000e+00 0.000000e+00
<ENDHMM>
~h "s-ah+t"
<BEGINHMM>
<NUMSTATES> 5
<STATE> 2
<NUMMIXES> 3
<MIXTURE> 1 2.385193e-01
<MEAN> 15
 6.123083e-01 2.004188e-01 -9.266077e-02 -1.055799e-02 5.249172e-02 4.143665e-01 -1.030991e-01 3.337606e-01 4.971653e-01 9.203599e-02 1.313729e-01 -1.581592e-01 3.618745e-01 -3.929516e-02 7.420462e-04
<VARIANCE> 15
 2.169929e+00 8.099207e-02 1.475512e-01 3.682970e-02 8.627097e-02 3.250243e-01 1.623902e-01 1.454763e-01 2.827547e-01 1.913639e-01 2.669831e-01 2.461918e-01 1.399130e-01 1.639717e-01 2.342428e-02
<GCONST> 1.270549e-01
<MIXTURE> 2 4.655230e-01
<MEAN> 15
 3.006467e-01 1.402565e-01 -3.734298e-02 -8.745686e-02 -5.011775e-02 1.876505e-01 -2.262896e-01 -1.807103e-01 -1.426507e-01 -2.010829e-01 -1.679069e-01 -2.767572e-01 1.423882e-01 2.220859e-01 3.319750e-02
<VARIANCE> 15
 9.229785e-01 5.427120e-02 3.042410e-02 8.198606e-02 1.185155e-01 1.298120e-01 2.989121e-01 1.488520e-01 2.086999e-01 2.658855e-01 1.894566e-01 2.568814e-01 7.582851e-02 3.852739e-01 2.454275e-02
<GCONST> -1.860971e+00
<MIXTURE> 3 2.959580e-01
<MEAN> 15
 4.485910e-01 1.761343e-01 -1.168313e-01 2.664954e-03 -9.933832e-02 2.496223e-01 -1.601834e-01 2.488481e-02 1.317521e-01 -9.383178e-02 -1.521313e-01 -1.377669e-02 2.473115e-01 -3.120763e-03 6.695996e-02
<VARIANCE> 15
 1.150001e+00 8.580432e-02 3.736769e-02 7.855275e-02 1.270268e-01 1.732439e-01 1.104995e-01 1.761234e-01 2.733331e-01 1.750811e-01 1.688259e-01 1.820699e-01 6.954151e-02 3.696971e-01 2.162449e-02
<GCONST> -2.351082e+00
<STATE> 3
<NUMMIXES> 3
<MIXTURE> 1 2.276449e-01
<MEAN> 15
 9.061032e-01 8.571695e-01 5.168641e-01 3.151843e-01 3.735137e-01 -9.309144e-02 -4.589834e-02 -3.859167e-01 -6.158122e-01 8.298787e-02 3.563363e-01 5.846139e-01 8.374417e-02 1.675974e-01 1.870141e-01
<VARIANCE> 15
 2.142171e+00 1.732477e+00 3.856808e-01 7.377634e-01 5.211962e-01 4.494883e-01 3.876370e-01 9.035597e-01 1.021582e+00 3.983614e-01 5.179243e-01 7.380717e-01 6.330261e-01 4.422052e-01 3.180668e-01
<GCONST> 2.084287e+01
<MIXTURE> 2 4.923129e-01
<MEAN> 15
 -4.541150e-01 -2.339652e-01 -2.206530e-01 -1.021177e-01 -1.643197e-01 -4.674402e-02 4.063104e-02 1.616010e-01 2.010971e-01 -4.588615e-02 -2.119212e-01 -2.431675e-01 -7.069616e-03 -9.393872e-02 -1.149808e-01
<VARIANCE> 15
 2.553987e+00 3.221045e+00 4.720520e-01 4.561585e-01 2.456879e-01 5.455856e-01 3.798271e-01 4.409871e-01 5.891010e-01 3.529965e-01 4.774295e-01 7.232049e-01 4.484307e-01 5.204390e-01 3.490514e-01
<GCONST> 1.920210e+01
<MIXTURE> 3 2.800423e-01
<MEAN> 15
 1.237198e-01 3.128797e-01 6.724871e-02 -3.460679e-02 -4.334837e-02 -1.737378e-02 4.175244e-02 1.261211e-01 1.655188e-02 -9.449612e-02 -2.773538e-02 8.919263e-02 4.326127e-02 5.059693e-02 4.342022e-02
<VARIANCE> 15
 2.125610e+00 2.215047e+00 5.882841e-01 4.735863e-01 2.500026e-01 5.690121e-01 4.028071e-01 5.508232e-01 7.313029e-01 3.838555e-01 4.393340e-01 9.013059e-01 4.665553e-01 4.818992e-01 3.909065e-01
<GCONST> 1.975523e+01
<STATE> 4
<NUMMIXES> 3
<MIXTURE> 1 2.124247e-01
<MEAN> 15
 -6.895325e-01 2.424358e-01 -4.088759e-02 -2.318166e-01 4.617787e-01 2.234404e-02 -1.865730e-01 2.043946e-01 5.487199e-01 6.990839e-01 4.224899e-01 -9.778416e-02 1.672085e-01 -2.975778e-01 1.175803e-01
<VARIANCE> 15
 1.409284e+00 1.536839e-01 3.268740e-02 1.328616e-01 1.465885e-01 6.429507e-02 3.304521e-01 1.376251e-01 3.296014e-01 1.282826e-01 1.508270e-01 2.676965e-01 1.487175e-01 7.285489e-01 7.409325e-02
<GCONST> 1.646502e+00
<MIXTURE> 2 5.087249e-01
<MEAN> 15
 2.707803e-01 5.628415e-02 -1.234920e-01 -4.508459e-02 5.917915e-02 1.115458e-02 -1.786507e-01 -1.962582e-02 8.837327e-02 4.512636e-01 3.292059e-01 -3.387221e-01 -1.935883e-01 -3.908506e-01 -9.731727e-03
<VARIANCE> 15
 1.059311e+00 8.288737e-02 3.799532e-02 3.938620e-02 1.699481e-01 5.530939e-02 7.452378e-02 2.093210e-01 9.687109e-02 1.347778e-01 2.960596e-01 3.413370e-01 2.259362e-01 2.185343e-01 3.836195e-02
<GCONST> -3.096313e+00
<MIXTURE> 3 2.788502e-01
<MEAN> 15
 4.141419e-01 3.262300e-02 -6.170495e-02 -3.647593e-03 1.569171e-01 -1.689533e-02 -1.323635e-01 8.633162e-02 1.090073e-01 3.898856e-01 2.623417e-01 -2.552277e-01 -7.495109e-03 -2.315776e-01 -6.084289e-03
<VARIANCE> 15
 1.278618e+00 9.752062e-02 3.001127e-02 6.488877e-02 2.243989e-01 9.770169e-02 9.639338e-02 2.754762e-01 1.647202e-01 1.780759e-01 2.859979e-01 2.710748e-01 2.152907e-01 2.911611e-01 3.771442e-02
<GCONST> -3.372979e-01
<TRANSP> 5
 0.000000e+00 1.000000e+00 0.000000e+00 0.000000e+00 0.000000e+00
 0.000000e+00 5.341049e-01 4.658951e-01 0.000000e+00 0.000000e+00
 0.000000e+00 0.000000e+00 9.368418e-01 6.315818e-02 0.000000e+00
 0.000000e+00 0.000000e+00 0.000000e+00 2.898252e-01 7.101747e-01
 0.000000e+00 0.000000e+00 0.000000e+00 0.000000e+00 0.000000e+00
<ENDHMM>
~h "d-uw+ah"
<BEGINHMM>
<NUMSTATES> 5
<STATE> 2
<NUMMIXES> 3
<MIXTURE> 1 2.348357e-01
<MEAN> 15
 9.057167e-01 2.571542e-01 3.524162e-03 -1.063252e-01 1.795569e-01 4.111150e-01 3.375525e-01 9.551536e-02 1.015466e-01 -1.663092e-02 4.052708e-02 3.496723e-01 2.700995e-01 1.571905e-01 3.995598e-02
<VARIANCE> 15
 3.423732e-01 4.055463e-01 1.765838e-01 8.849657e-02 1.643173e-01 1.777269e-01 4.032803e-02 4.513987e-01 2.089746e-01 2.301811e-01 1.046787e-01 1.577315e-01 6.978860e-02 1.762331e-01 1.030919e-02
<GCONST> -2.215650e+00
<MIXTURE> 2 4.929473e-01
<MEAN> 15
 5.708301e-02 1.169056e-01 7.970604e-02 -6.074756e-02 5.740968e-02 1.850263e-01 8.825973e-02 -3.488353e-01 -1.726904e-01 -1.831921e-01 1.698600e-01 2.210245e-02 -1.642096e-01 -1.755354e-01 2.961352e-02
<VARIANCE> 15
 8.182482e-01 2.442359e-01 7.734004e-02 6.479354e-02 7.685623e-02 1.231844e-01 2.401503e-01 1.871457e-01 3.564455e-01 1.224608e-01 2.258738e-01 7.304391e-02 1.899877e-01 1.683030e-01 2.117614e-02
<GCONST> -1.634075e+00
<MIXTURE> 3 2.722170e-01
<MEAN> 15
 5.719287e-01 -1.473584e-01 1.499264e-02 6.065195e-02 -5.285467e-03 2.297944e-01 2.182538e-01 -2.842676e-01 -4.353980e-02 -1.699846e-01 1.228224e-01 5.154185e-02 8.617898e-02 8.162070e-02 7.957830e-02
<VARIANCE> 15
 5.567191e-01 2.088747e-01 7.061373e-02 4.609653e-02 1.186460e-01 2.011319e-01 1.050415e-01 2.147451e-01 3.662665e-01 1.578879e-01 2.091594e-01 5.944477e-02 1.468088e-01 1.313803e-01 1.668142e-02
<GCONST> -3.117590e+00
<STATE> 3
<NUMMIXES> 3
<MIXTURE> 1 2.571740e-01
<MEAN> 15
 8.263429e-01 1.113990e+00 5.274323e-01 -4.557790e-01 1.304367e-01 -4.190848e-01 1.896783e-01 8.059185e-02 -5.152816e-01 8.533176e-01 6.792849e-01 8.805190e-01 3.367570e-01 4.026533e-01 3.653141e-01
<VARIANCE> 15
 3.113923e+00 1.214870e+00 3.498710e-01 7.199295e-01 7.194974e-01 5.878886e-01 6.356372e-01 4.565638e-01 1.637212e+00 9.574684e-01 1.139831e+00 4.169196e-01 8.071150e-01 2.912302e-01 3.648458e-01
<GCONST> 2.267165e+01
<MIXTURE> 2 5.013333e-01
<MEAN> 15
 -5.744079e-01 -3.417181e-02 -2.479317e-01 1.470196e-01 -1.011091e-01 -3.309213e-02 -6.009684e-04 1.170584e-01 2.262683e-01 -3.069911e-01 -3.857542e-01 -3.441631e-01 -4.257831e-02 -1.953127e-01 -1.661155e-01
<VARIANCE> 15
 2.966736e+00 4.493540e+00 3.622140e-01 4.508926e-01 4.383765e-01 4.581193e-01 3.182639e-01 3.815628e-01 8.988580e-01 6.144961e-01 9.156553e-01 7.690102e-01 6.530459e-01 6.583595e-01 3.503489e-01
<GCONST> 2.179527e+01
<MIXTURE> 3 2.414929e-01
<MEAN> 15
 1.089557e-01 -5.984350e-03 7.579048e-02 2.015713e-01 5.698144e-02 -9.392896e-02 1.178153e-01 2.701560e-02 -2.259857e-02 -2.030538e-02 -9.079091e-02 -1.247592e-01 -2.407407e-02 8.936371e-02 -4.899040e-02
<VARIANCE> 15
 2.677598e+00 2.623237e+00 3.665626e-01 7.070046e-01 3.911985e-01 5.041097e-01 3.466149e-01 2.436924e-01 9.128659e-01 4.411789e-01 1.101340e+00 8.606439e-01 8.900596e-01 5.777485e-01 3.877507e-01
<GCONST> 2.149680e+01
<STATE> 4
<NUMMIXES> 3
<MIXTURE> 1 2.170300e-01
<MEAN> 15
 7.016691e-01 3.427373e-01 4.722801e-02 -7.971330e-02 -1.819220e-01 9.175619e-02 1.099458e-01 3.404239e-01 1.515874e-01 -3.191886e-01 -5.762939e-01 -2.583971e-02 2.141602e-01 2.728101e-01 4.554825e-02
<VARIANCE> 15
 1.054522e-01 6.270657e-02 8.321200e-03 1.414271e-02 9.086122e-02 2.312925e-01 1.835489e-02 2.011469e-01 1.357721e-01 6.094261e-02 9.470846e-02 3.972440e-01 4.502967e-02 2.004280e-02 6.291094e-03
<GCONST> -1.611591e+01
<MIXTURE> 2 5.037052e-01
<MEAN> 15
 4.438104e-01 6.533704e-02 -8.005263e-03 -1.640837e-01 3.259863e-02 -1.491529e-01 -1.267340e-01 -1.444644e-01 1.204234e-01 8.699698e-02 -3.030737e-01 2.828350e-02 -1.633557e-01 -1.115416e-02 -1.849825e-02
<VARIANCE> 15
 5.413767e-01 3.362992e-02 1.390747e-02 3.850983e-02 6.253517e-02 2.822823e-01 2.831222e-02 2.414185e-01 3.783853e-01 3.124774e-01 4.098767e-01 2.515976e-01 7.363950e-02 1.268929e-01 1.070583e-02
<GCONST> -6.609396e+00
<MIXTURE> 3 2.792649e-01
<MEAN> 15
 5.161839e-01 -1.071362e-02 3.758010e-02 -9.297237e-02 -7.108358e-02 -2.665628e-01 -1.047410e-01 1.863510e-01 1.265841e-01 -6.823497e-02 -2.581672e-01 1.687513e-01 -1.217691e-01 1.418844e-01 2.177308e-02
<VARIANCE> 15
 5.381391e-01 3.657394e-02 7.137659e-03 2.888502e-02 7.232599e-02 2.923200e-01 3.070818e-02 3.404163e-01 3.304611e-01 2.047005e-01 2.672487e-01 1.319439e-01 1.188470e-01 1.061850e-01 7.208112e-03
<GCONST> -8.607461e+00
<TRANSP> 5
 0.000000e+00 1.000000e+00 0.000000e+00 0.000000e+00 0.000000e+00
 0.000000e+00 6.190481e-01 3.809519e-01 0.000000e+00 0.000000e+00
 0.000000e+00 0.000000e+00 8.595743e-01 1.404257e-01 0.000000e+00
 0.000000e+00 0.000000e+00 0.000000e+00 4.928901e-01 5.071099e-01
 0.000000e+00 0.000000e+00 0.000000e+00 0.000000e+00 0.000000e+00
<ENDHMM>
~h "sil"
<BEGINHMM>
<NUMSTATES> 5
<STATE> 2
<MEAN> 15
 -1.239114e+00 4.004428e-01 -4.676336e-02 -1.348951e-01 1.171161e-01 1.795613e-01 4.239919e-02 -3.872040e-01 -8.463565e-02 -5.067061e-02 1.056507e-01 5.973367e-02 -4.649123e-01 -2.570221e-02 4.086536e-02
<VARIANCE> 15
 1.575184e+00 7.991322e-01 3.698950e-02 5.242457e-02 1.496884e-01 1.826916e-01 8.936135e-02 2.002731e-01 1.942591e-01 1.973072e-01 2.053942e-01 1.746217e-01 4.639700e-01 2.029681e-01 3.200578e-02
<GCONST> 1.536510e+00
<STATE> 3
<MEAN> 15
 -1.066868e-01 -3.082610e-01 -7.577001e-02 -1.254836e-02 -5.208515e-02 1.731977e-02 -4.420016e-03 1.127307e-01 1.106119e-01 -5.108927e-02 -4.931347e-02 -1.425349e-01 -1.369955e-02 4.925610e-02 -4.195440e-03
<VARIANCE> 15
 2.668477e+00 1.424097e+00 1.420844e-01 3.602556e-01 2.160288e-01 3.794064e-01 2.889805e-01 4.690252e-01 3.862427e-01 5.133148e-01 5.097263e-01 7.533768e-01 4.430837e-01 3.963193e-01 1.396670e-01
<GCONST> 1.514769e+01
<STATE> 4
<MEAN> 15
 -2.866078e-03 -1.959405e-02 -1.361578e-03 4.705611e-04 3.495729e-03 1.470528e-02 1.402492e-02 -2.143416e-04 -2.014415e-03 -1.172779e-02 -1.377062e-02 -1.145266e-02 -1.278591e-02 -1.432517e-02 3.745711e-04
<VARIANCE> 15
 9.012202e-01 2.414801e-02 1.351287e-02 3.299512e-02 7.337292e-02 8.413702e-02 1.062037e-01 1.321524e-01 1.623501e-01 1.938338e-01 2.179748e-01 1.769800e-01 1.641583e-01 1.823755e-01 5.958828e-03
<GCONST> -8.673959e+00
<TRANSP> 5
 0.000000e+00 1.000000e+00 0.000000e+00 0.000000e+00 0.000000e+00
 0.000000e+00 6.336253e-01 1.433295e-01 2.230452e-01 0.000000e+00
 0.000000e+00 0.000000e+00 9.344027e-01 6.559732e-02 0.000000e+00
 0.000000e+00 1.184726e-03 0.000000e+00 9.571870e-01 4.162830e-02
 0.000000e+00 0.000000e+00 0.000000e+00 0.000000e+00 0.000000e+00
<ENDHMM>
~h "uh-d+uw"
<BEGINHMM>
<NUMSTATES> 5
<STATE> 2
<MEAN> 15
 5.980268e-01 -8.325207e-01 -2.824545e-02 3.114452e-01 -1.543314e-01 4.986818e-02 7.809482e-02 1.592109e-01 5.897258e-02 -3.533172e-01 -4.557209e-01 -2.746283e-02 4.375708e-01 1.765817e-01 -2.189772e-01
<VARIANCE> 15
 7.698743e-01 3.777442e-01 2.721022e-02 1.089653e-01 8.504619e-02 6.464679e-02 2.252759e-01 4.238192e-01 1.734305e-01 1.498366e-01 1.344742e-01 2.003645e-01 2.615472e-01 1.178511e-01 4.056478e-02
<GCONST> -9.885705e-01
<STATE> 3
<MEAN> 15
 6.109815e-01 -1.507386e+00 -4.349182e-03 -5.102131e-02 1.038943e-01 -9.118227e-02 -1.172573e-01 4.258844e-02 9.062032e-02 9.362467e-02 1.518073e-02 2.262350e-01 1.564180e-01 -5.286703e-02 1.001225e-01
<VARIANCE> 15
 1.667043e+00 6.633043e-01 1.520790e-01 1.336588e-01 3.510894e-01 2.540286e-01 3.357525e-01 2.450708e-01 4.400783e-01 1.568658e-01 6.587740e-01 4.719982e-01 3.092186e-01 3.214307e-01 8.139524e-02
<GCONST> 1.019982e+01
<STATE> 4
<MEAN> 15
 1.063930e-01 5.064583e-03 1.405859e-02 -1.431397e-02 -2.942558e-02 -1.028267e-02 1.356473e-02 -1.710083e-02 -1.268876e-02 7.213927e-02 9.023428e-02 -6.919102e-02 -5.225080e-02 -3.400473e-02 2.871538e-02
<VARIANCE> 15
 1.064488e+00 8.999030e-02 2.084848e-02 5.895018e-02 7.036848e-02 1.132938e-01 1.627410e-01 1.081474e-01 1.979827e-01 2.854207e-01 2.857981e-01 3.490871e-01 3.820613e-01 1.944213e-01 8.490308e-03
<GCONST> -2.897579e+00
<TRANSP> 5
 0.000000e+00 1.000000e+00 0.000000e+00 0.000000e+00 0.000000e+00
 0.000000e+00 7.224209e-01 2.775791e-01 0.000000e+00 0.000000e+00
 0.000000e+00 0.000000e+00 8.384652e-01 1.615348e-01 0.000000e+00
 0.000000e+00 0.000000e+00 0.000000e+00 8.737644e-01 1.262356e-01
 0.000000e+00 0.000000e+00 0.000000e+00 0.000000e+00 0.000000e+00
<ENDHMM>
~h "uw-ah"
<BEGINHMM>
<NUMSTATES> 5
<STATE> 2
<NUMMIXES> 3
<MIXTURE> 1 2.385193e-01
<MEAN> 15
 6.123083e-01 2.004188e-01 -9.266077e-02 -1.055799e-02 5.249172e-02 4.143665e-01 -1.030991e-01 3.337606e-01 4.971653e-01 9.203599e-02 1.313729e-01 -1.581592e-01 3.618745e-01 -3.929516e-02 7.420462e-04
<VARIANCE> 15
 2.169929e+00 8.099207e-02 1.475512e-01 3.682970e-02 8.627097e-02 3.250243e-01 1.623902e-01 1.454763e-01 2.827547e-01 1.913639e-01 2.669831e-01 2.461918e-01 1.399130e-01 1.639717e-01 2.342428e-02
<GCONST> 1.270549e-01
<MIXTURE> 2 4.655230e-01
<MEAN> 15
 3.006467e-01 1.402565e-01 -3.734298e-02 -8.745686e-02 -5.011775e-02 1.876505e-01 -2.262896e-01 -1.807103e-01 -1.426507e-01 -2.010829e-01 -1.679069e-01 -2.767572e-01 1.423882e-01 2.220859e-01 3.319750e-02
<VARIANCE> 15
 9.229785e-01 5.427120e-02 3.042410e-02 8.198606e-02 1.185155e-01 1.298120e-01 2.989121e-01 1.488520e-01 2.086999e-01 2.658855e-01 1.894566e-01 2.568814e-01 7.582851e-02 3.852739e-01 2.454275e-02
<GCONST> -1.860971e+00
<MIXTURE> 3 2.959580e-01
<MEAN> 15
 4.485910e-01 1.761343e-01 -1.168313e-01 2.664954e-03 -9.933832e-02 2.496223e-01 -1.601834e-01 2.488481e-02 1.317521e-01 -9.383178e-02 -1.521313e-01 -1.377669e-02 2.473115e-01 -3.120763e-03 6.695996e-02
<VARIANCE> 15
 1.150001e+00 8.580432e-02 3.736769e-02 7.855275e-02 1.270268e-01 1.732439e-01 1.104995e-01 1.761234e-01 2.733331e-01 1.750811e-01 1.688259e-01 1.820699e-01 6.954151e-02 3.696971e-01 2.162449e-02
<GCONST> -2.351082e+00
<STATE> 3
<NUMMIXES> 3
<MIXTURE> 1 2.276449e-01
<MEAN> 15
 9.061032e-01 8.571695e-01 5.168641e-01 3.151843e-01 3.735137e-01 -9.309144e-02 -4.589834e-02 -3.859167e-01 -6.158122e-01 8.298787e-02 3.563363e-01 5.846139e-01 8.374417e-02 1.675974e-01 1.870141e-01
<VARIANCE> 15
 2.142171e+00 1.732477e+00 3.856808e-01 7.377634e-01 5.211962e-01 4.494883e-01 3.876370e-01 9.035597e-01 1.021582e+00 3.983614e-01 5.179243e-01 7.380717e-01 6.330261e-01 4.422052e-01 3.180668e-01
<GCONST> 2.084287e+01
<MIXTURE> 2 4.923129e-01
<MEAN> 15
 -4.541150e-01 -2.339652e-01 -2.206530e-01 -1.021177e-01 -1.643197e-01 -4.674402e-02 4.063104e-02 1.616010e-01 2.010971e-01 -4.588615e-02 -2.119212e-01 -2.431675e-01 -7.069616e-03 -9.393872e-02 -1.149808e-01
<VARIANCE> 15
 2.553987e+00 3.221045e+00 4.720520e-01 4.561585e-01 2.456879e-01 5.455856e-01 3.798271e-01 4.409871e-01 5.891010e-01 3.529965e-01 4.774295e-01 7.232049e-01 4.484307e-01 5.204390e-01 3.490514e-01
<GCONST> 1.920210e+01
<MIXTURE> 3 2.800423e-01
<MEAN> 15
 1.237198e-01 3.128797e-01 6.724871e-02 -3.460679e-02 -4.334837e-02 -1.737378e-02 4.175244e-02 1.261211e-01 1.655188e-02 -9.449612e-02 -2.773538e-02 8.919263e-02 4.326127e-02 5.059693e-02 4.342022e-02
<VARIANCE> 15
 2.125610e+00 2.215047e+00 5.882841e-01 4.735863e-01 2.500026e-01 5.690121e-01 4.028071e-01 5.508232e-01 7.313029e-01 3.838555e-01 4.393340e-01 9.013059e-01 4.665553e-01 4.818992e-01 3.909065e-01
<GCONST> 1.975523e+01
<STATE> 4
<NUMMIXES> 3
<MIXTURE> 1 2.124247e-01
<MEAN> 15
 -6.895325e-01 2.424358e-01 -4.088759e-02 -2.318166e-01 4.617787e-01 2.234404e-02 -1.865730e-01 2.043946e-01 5.487199e-01 6.990839e-01 4.224899e-01 -9.778416e-02 1.672085e-01 -2.975778e-01 1.175803e-01
<VARIANCE> 15
 1.409284e+00 1.536839e-01 3.268740e-02 1.328616e-01 1.465885e-01 6.429507e-02 3.304521e-01 1.376251e-01 3.296014e-01 1.282826e-01 1.508270e-01 2.676965e-01 1.487175e-01 7.285489e-01 7.409325e-02
<GCONST> 1.646502e+00
<MIXTURE> 2 5.087249e-01
<MEAN> 15
 2.707803e-01 5.628415e-02 -1.234920e-01 -4.508459e-02 5.917915e-02 1.115458e-02 -1.786507e-01 -1.962582e-02 8.837327e-02 4.512636e-01 3.292059e-01 -3.387221e-01 -1.935883e-01 -3.908506e-01 -9.731727e-03
<VARIANCE> 15
 1.059311e+00 8.288737e-02 3.799532e-02 3.938620e-02 1.699481e-01 5.530939e-02 7.452378e-02 2.093210e-01 9.687109e-02 1.347778e-01 2.960596e-01 3.413370e-01 2.259362e-01 2.185343e-01 3.836195e-02
<GCONST> -3.096313e+00
<MIXTURE> 3 2.788502e-01
<MEAN> 15
 4.141419e-01 3.262300e-02 -6.170495e-02 -3.647593e-03 1.569171e-01 -1.689533e-02 -1.323635e-01 8.633162e-02 1.090073e-01 3.898856e-01 2.623417e-01 -2.552277e-01 -7.495109e-03 -2.315776e-01 -6.084289e-03
<VARIANCE> 15
 1.278618e+00 9.752062e-02 3.001127e-02 6.488877e-02 2.243989e-01 9.770169e-02 9.639338e-02 2.754762e-01 1.647202e-01 1.780759e-01 2.859979e-01 2.710748e-01 2.152907e-01 2.911611e-01 3.771442e-02
<GCONST> -3.372979e-01
<TRANSP> 5
 0.000000e+00 1.000000e+00 0.000000e+00 0.000000e+00 0.000000e+00
 0.000000e+00 5.341049e-01 4.658951e-01 0.000000e+00 0.000000e+00
 0.000000e+00 0.000000e+00 9.368418e-01 6.315818e-02 0.000000e+00
 0.000000e+00 0.000000e+00 0.000000e+00 2.898252e-01 7.101747e-01
 0.000000e+00 0.000000e+00 0.000000e+00 0.000000e+00 0.000000e+00
<ENDHMM>
~h "ah-t+uh"
<BEGINHMM>
<NUMSTATES> 5
<STATE> 2
<MEAN> 15
 -3.954939e-01 1.303644e-01 -3.336383e-02 1.040743e-01 1.551346e-01 -9.096926e-03 -1.241387e-01 -2.399288e-01 7.804717e-02 5.183941e-01 4.312629e-01 -1.763851e-01 -6.579771e-02 2.082665e-01 -4.613072e-02
<VARIANCE> 15
 1.606498e+00 3.420124e-02 3.129402e-02 5.359885e-02 9.691264e-02 2.836186e-01 1.276548e-01 1.792966e-01 1.642144e-01 1.382176e-01 2.751223e-01 2.414992e-01 2.914178e-01 3.955354e-01 1.075534e-02
<GCONST> -2.284851e+00
<STATE> 3
<MEAN> 15
 1.185182e-01 7.594343e-02 9.068527e-03 2.461172e-02 -3.354380e-02 -1.560526e-02 4.572069e-03 2.047181e-02 1.984694e-02 7.575956e-03 -1.453364e-02 3.781440e-02 4.878968e-02 2.241781e-02 7.287231e-04
<VARIANCE> 15
 2.544780e+00 2.906273e+00 6.248140e-01 5.468647e-01 2.766869e-01 4.666101e-01 4.642526e-01 3.583224e-01 1.038900e+00 7.616022e-01 6.216098e-01 8.892216e-01 5.768268e-01 5.177889e-01 3.869870e-01
<GCONST> 2.166965e+01
<STATE> 4
<MEAN> 15
 7.942660e-01 -1.498478e-02 -6.568842e-02 -1.373022e-01 -1.149728e-01 -1.451783e-01 2.805347e-02 3.264733e-02 6.103328e-02 5.492689e-01 3.880691e-01 1.229377e-01 -1.431964e-01 -2.534957e-01 1.641647e-02
<VARIANCE> 15
 5.135406e-01 3.979101e-02 2.780492e-02 8.572870e-02 1.079175e-01 5.667222e-02 1.390015e-01 3.295243e-01 1.542322e-01 2.644610e-01 2.630373e-01 2.121880e-01 2.909565e-01 1.430440e-01 1.481554e-02
<GCONST> -4.018091e+00
<TRANSP> 5
 0.000000e+00 1.000000e+00 0.000000e+00 0.000000e+00 0.000000e+00
 0.000000e+00 4.519910e-01 5.480090e-01 0.000000e+00 0.000000e+00
 0.000000e+00 0.000000e+00 9.137148e-01 8.628521e-02 0.000000e+00
 0.000000e+00 0.000000e+00 0.000000e+00 4.423414e-01 5.576586e-01
 0.000000e+00 0.000000e+00 0.000000e+00 0.000000e+00 0.000000e+00
<ENDHMM>
~h "s+ah"
<BEGINHMM>
<NUMSTATES> 5
<STATE> 2
<MEAN> 15
 -9.627809e-02 -4.927059e-01 -2.468633e-02 1.908587e-01 -2.280249e-02 -2.087804e-01 -9.026464e-02 2.056375e-01 -1.145416e-01 -1.363614e-01 8.725884e-02 5.598831e-02 2.440163e-01 1.733111e-02 -1.095407e-01
<VARIANCE> 15
 1.028704e+00 2.991004e-01 2.100493e-02 8.333704e-02 9.006358e-02 1.427033e-01 2.521267e-01 2.161355e-01 1.858122e-01 1.626121e-01 1.353344e-01 2.100486e-01 2.114235e-01 1.966117e-01 2.261923e-02
<GCONST> -1.251482e+00
<STATE> 3
<MEAN> 15
 5.480852e-01 -1.140426e+00 1.347908e-02 -6.563576e-02 -1.702421e-02 -5.060356e-02 5.072306e-02 1.361158e-01 3.035947e-02 4.496285e-02 4.412993e-02 1.627219e-01 1.130097e-01 2.251349e-02 5.366717e-02
<VARIANCE> 15
 2.469576e+00 5.890051e-01 1.013971e-01 1.771843e-01 1.486217e-01 1.789066e-01 1.990994e-01 2.235943e-01 2.715640e-01 1.924695e-01 2.412360e-01 2.357728e-01 2.730535e-01 3.654246e-01 5.964773e-02
<GCONST> 6.242167e+00
<STATE> 4
<MEAN> 15
 9.965031e-02 -1.227745e-01 3.491145e-02 -4.930753e-04 -1.597443e-01 -2.868671e-03 1.144408e-01 3.379809e-02 -2.221969e-04 4.293596e-03 -8.002826e-02 -1.834129e-01 -7.359843e-02 -1.132639e-01 6.230898e-02
<VARIANCE> 15
 1.153748e+00 2.700325e-02 2.528280e-02 2.817320e-02 6.115498e-02 4.853895e-02 9.121045e-02 4.113109e-01 1.340682e-01 1.402571e-01 1.469220e-01 1.030452e-01 1.811231e-01 1.851579e-01 7.943054e-03
<GCONST> -8.645074e+00
<TRANSP> 5
 0.000000e+00 1.000000e+00 0.000000e+00 0.000000e+00 0.000000e+00
 0.000000e+00 6.502301e-01 3.497699e-01 0.000000e+00 0.000000e+00
 0.000000e+00 0.000000e+00 7.136748e-01 2.863252e-01 0.000000e+00
 0.000000e+00 0.000000e+00 0.000000e+00 6.640035e-01 3.359965e-01
 0.000000e+00 0.000000e+00 0.000000e+00 0.000000e+00 0.000000e+00
<ENDHMM>
