~o
<STREAMINFO> 1 39
<VECSIZE> 39<NULLD><MFCC_D_A_0><DIAGC>
~h "a"
<BEGINHMM>
<NUMSTATES> 5
<STATE> 2
<MEAN> 39
 -3.293681e+00 -9.342420e-01 -2.520957e+00 -2.140769e+00 5.037495e+00 -4.847958e-01 6.863109e+00 -3.999565e+00 2.334569e+00 8.635633e-02 6.591490e+00 -7.230615e+00 7.298915e+01 1.568630e-01 2.063334e-02 -1.727202e-01 -1.391543e-01 -1.541807e-01 -2.487984e-01 -3.568311e-02 -9.248821e-02 1.989899e-03 -7.502911e-03 -5.929340e-02 1.262422e-01 8.423214e-04 -1.104844e-01 2.858577e-02 2.733147e-02 6.868918e-02 9.739474e-02 -5.553515e-02 -3.618874e-02 6.647320e-02 7.563628e-02 -9.368352e-02 -6.907783e-02 6.849694e-02 -4.535669e-02
<VARIANCE> 39
 8.286542e+00 7.780023e+00 1.242123e+01 2.386362e+01 1.442305e+01 2.176224e+01 1.867179e+01 2.178269e+01 1.585509e+01 1.458317e+01 2.345522e+01 4.400018e+01 1.060379e+01 7.511829e-01 2.925213e-01 1.468687e+00 2.071277e+00 1.227227e+00 1.083290e+00 1.253560e+00 2.005404e+00 1.374449e+00 2.326349e+00 2.980844e+00 2.950275e+00 4.032835e-01 1.941110e-01 4.863578e-02 2.459802e-01 3.087496e-01 2.251625e-01 2.893853e-01 3.333340e-01 3.756580e-01 3.003834e-01 5.727389e-01 6.374205e-01 3.172930e-01 5.486400e-02
<GCONST> 9.295806e+01
<STATE> 3
<MEAN> 39
 -1.686640e+00 3.033155e+00 -5.825956e+00 -2.523936e+00 8.675384e+00 -3.644632e+00 8.606683e+00 -5.740439e+00 8.388211e+00 -4.110216e+00 5.537283e+00 -1.418474e+01 7.648319e+01 -2.180362e-01 -1.733580e-01 1.156319e-01 1.261365e-01 3.956478e-01 3.943058e-01 6.832548e-02 3.833670e-01 -5.268584e-02 7.297231e-03 -2.647197e-01 1.527542e-01 -2.364696e-01 -1.285900e-01 -3.482077e-02 2.347858e-01 -4.001369e-02 6.493238e-02 6.983664e-02 -1.670966e-01 9.038010e-02 -2.684387e-01 1.441024e-01 -4.255601e-02 3.821170e-01 -1.703456e-01
<VARIANCE> 39
 4.027886e+00 3.391656e+00 7.419576e+00 3.757521e+00 1.458284e+01 1.390213e+01 6.643465e+00 2.460266e+01 1.867947e+01 8.412199e+00 5.248084e+00 2.603307e+01 5.682997e+00 3.155293e-01 3.809847e-01 7.060121e-01 6.644867e-01 1.106623e+00 4.970254e-01 9.885672e-01 1.238717e+00 1.790215e+00 1.075047e+00 8.275128e-01 3.189020e+00 3.448999e-01 7.822444e-02 5.895032e-02 7.034850e-02 1.122834e-01 2.206109e-01 7.279105e-02 1.065854e-01 1.948917e-01 2.699988e-01 1.312556e-01 1.438159e-01 2.978707e-01 3.003922e-02
<GCONST> 6.880843e+01
<STATE> 4
<MEAN> 39
 -6.235757e+00 -3.447844e-01 -4.702573e-01 -4.306453e+00 8.299682e+00 -2.083650e+00 3.198003e+00 -3.449285e+00 -1.066148e+00 5.755943e-01 2.783586e+00 -4.217732e+00 6.981850e+01 -6.367491e-01 -2.311186e-01 7.140647e-01 -4.116114e-01 -2.839473e-01 -8.010077e-02 -3.592220e-01 3.011982e-01 -6.393416e-01 4.030674e-01 6.417853e-02 8.640522e-01 -6.526262e-01 1.945225e-02 -8.045930e-02 -7.791859e-02 -1.238144e-01 -1.906827e-01 -1.716693e-01 -4.049009e-03 7.380739e-02 2.323486e-01 -4.881468e-02 4.487726e-02 -1.965462e-01 4.307084e-02
<VARIANCE> 39
 1.062002e+01 1.159725e+01 4.764927e+00 1.357009e+01 1.306570e+01 1.393417e+01 1.468718e+01 1.215109e+01 3.755019e+01 1.337025e+01 1.182108e+01 3.129055e+01 6.196774e+00 7.327697e-01 9.625306e-01 8.216227e-01 1.330667e+00 1.506332e+00 2.017540e+00 1.866254e+00 9.382964e-01 2.072875e+00 1.422110e+00 8.767506e-01 2.322256e+00 2.421235e-01 1.194343e-01 1.505729e-01 1.106999e-01 3.157788e-01 3.299361e-01 3.876038e-01 2.191299e-01 2.649863e-01 2.446133e-01 3.293055e-01 2.058226e-01 4.433818e-01 3.076850e-02
<GCONST> 8.612130e+01
<TRANSP> 5
 0.000000e+00 1.000000e+00 0.000000e+00 0.000000e+00 0.000000e+00
 0.000000e+00 8.199021e-01 1.800979e-01 0.000000e+00 0.000000e+00
 0.000000e+00 0.000000e+00 8.767215e-01 1.232785e-01 0.000000e+00
 0.000000e+00 0.000000e+00 0.000000e+00 8.500520e-01 1.499480e-01
 0.000000e+00 0.000000e+00 0.000000e+00 0.000000e+00 0.000000e+00
<ENDHMM>
