~o
<STREAMINFO> 1 39
<VECSIZE> 39<NULLD><MFCC_D_A_0><DIAGC>
~h "b"
<BEGINHMM>
<NUMSTATES> 5
<STATE> 2
<MEAN> 39
 -6.290073e-01 4.127398e+00 1.250489e+01 5.140927e+00 -4.138683e+00 1.257059e-01 -1.331871e+01 -6.809626e+00 -5.560555e+00 -8.906795e+00 -1.122390e-02 -4.218812e+00 3.834211e+01 2.381615e+00 2.702397e+00 3.013339e+00 1.054237e+00 -5.760511e-01 -5.080945e-01 -1.965096e+00 -1.767186e+00 -1.448874e+00 -1.841193e+00 -3.433165e-01 1.404230e-02 1.210003e+00 -4.960328e-01 -7.440252e-01 -5.612704e-01 -2.027163e-01 -9.117053e-02 2.407554e-01 4.785502e-01 5.182853e-01 4.160665e-01 4.462346e-01 2.544209e-01 2.366968e-01 -2.073060e-01
<VARIANCE> 39
 5.196215e+00 6.319018e+00 1.637749e+01 9.364401e+00 6.713150e+00 1.260381e+01 5.853952e+00 5.407536e+00 1.069818e+01 1.313647e+01 6.382340e+00 6.434798e+00 1.957948e+00 6.960850e-01 1.308509e+00 6.548778e-01 1.216376e+00 1.148065e+00 1.204509e+00 1.839734e+00 1.854599e+00 1.885175e+00 2.185613e+00 6.833016e-01 6.828733e-01 2.365830e-01 1.311979e-01 4.846052e-01 3.573361e-01 4.241059e-01 5.263714e-01 3.036815e-01 3.921722e-01 4.289995e-01 2.059224e-01 3.162513e-01 1.655107e-01 8.262274e-02 3.701572e-02
<GCONST> 7.929166e+01
<STATE> 3
<MEAN> 39
 1.618078e+00 5.111487e+00 1.562523e+01 6.737133e+00 -4.648762e+00 1.032433e+00 -1.373893e+01 -6.357213e+00 -5.702200e+00 -1.045594e+01 -1.344837e-02 -2.566311e+00 3.980833e+01 5.805160e-01 -1.922668e-01 2.157649e-01 -5.937056e-01 -1.399820e+00 -5.043136e-01 -1.102867e-01 4.662127e-01 8.431198e-01 4.053802e-01 3.687955e-01 5.670102e-01 5.472713e-01 -6.602053e-02 -4.934250e-01 -2.247404e-01 -4.703177e-01 -8.048648e-01 -2.897682e-01 8.306686e-02 1.537174e-01 3.582014e-01 4.621474e-01 2.863913e-01 -6.452650e-02 1.429822e-01
<VARIANCE> 39
 2.753244e+00 6.909114e+00 8.750010e+00 8.901073e+00 1.048378e+01 9.443880e+00 1.286780e+01 1.858682e+01 1.572913e+01 1.292952e+01 1.134391e+01 1.006762e+01 2.002885e+00 4.995781e-01 7.245140e-01 1.081994e+00 1.779351e+00 5.098728e+00 1.974524e+00 1.031558e+00 2.547394e+00 1.072368e+00 1.993188e+00 1.763697e+00 1.084323e+00 3.523830e-01 1.935039e-01 2.789736e-01 4.348604e-01 2.303635e-01 6.622608e-01 3.246489e-01 3.188196e-01 7.001681e-01 3.181394e-01 4.531144e-01 3.701506e-01 3.038950e-01 1.098077e-01
<GCONST> 8.848985e+01
<STATE> 4
<MEAN> 39
 5.604798e+00 3.190026e+00 1.683486e+01 3.234154e-01 -1.937592e+01 -5.073774e+00 -1.511256e+01 -5.460658e+00 -6.905992e-01 -5.046503e+00 4.492326e+00 -5.950319e-01 4.408971e+01 1.228200e+00 -2.014567e+00 1.504403e+00 -2.155839e+00 -5.379711e+00 -7.158332e-01 -6.403029e-01 -7.566827e-01 1.301314e+00 1.355952e+00 1.319134e+00 -6.550812e-01 2.104362e+00 -1.818738e-01 -3.650040e-01 3.080661e-01 1.903534e-01 4.353083e-01 7.065842e-01 -3.814922e-02 -1.956311e-01 -2.790233e-01 -4.636285e-01 -2.632379e-01 -3.646889e-01 6.049929e-02
<VARIANCE> 39
 2.670366e+00 1.821609e+01 1.270313e+01 1.384374e+01 4.119020e+01 1.292503e+01 8.473154e+00 1.608291e+01 6.676159e+00 5.314795e+00 7.118075e+00 6.257671e+00 6.923440e+00 3.284586e-01 1.580685e+00 1.564653e+00 1.527556e+00 1.338124e+00 4.391794e+00 1.794626e+00 1.434691e+00 1.482424e+00 2.008486e+00 1.828608e+00 6.883043e-01 1.851568e-01 3.421857e-02 3.107942e-01 1.885790e-01 2.779523e-01 9.811859e-01 2.848787e-01 2.132669e-01 3.333248e-01 1.622378e-01 2.512441e-01 1.787695e-01 1.944336e-01 9.680020e-02
<GCONST> 8.348580e+01
<TRANSP> 5
 0.000000e+00 1.000000e+00 0.000000e+00 0.000000e+00 0.000000e+00
 0.000000e+00 5.035833e-01 4.964168e-01 0.000000e+00 0.000000e+00
 0.000000e+00 0.000000e+00 7.991033e-01 2.008967e-01 0.000000e+00
 0.000000e+00 0.000000e+00 0.000000e+00 5.019611e-01 4.980390e-01
 0.000000e+00 0.000000e+00 0.000000e+00 0.000000e+00 0.000000e+00
<ENDHMM>
