~o
<STREAMINFO> 1 39
<VECSIZE> 39<NULLD><MFCC_D_A_0><DIAGC>
~h "f"
<BEGINHMM>
<NUMSTATES> 5
<STATE> 2
<MEAN> 39
 5.600763e+00 -2.362492e+00 -2.956902e-01 -1.172991e+01 -1.134399e+01 9.705052e+00 -8.859780e-01 4.606775e+00 2.691457e+00 -2.929799e+00 7.196711e+00 -1.052033e+00 4.406340e+01 -2.957052e+00 9.646831e-01 9.520527e-02 3.139213e+00 2.952800e+00 -8.189546e-01 6.932619e-01 -5.340795e-03 1.630156e-01 8.017308e-01 -9.960663e-01 -2.197294e-01 -2.899272e+00 -2.655522e-01 -7.018864e-01 -2.202529e-01 -2.124883e-01 -8.543643e-02 -5.597226e-02 -7.125849e-01 -3.135543e-01 -1.892607e-01 -1.996128e-01 5.107048e-02 -1.948149e-01 8.757610e-02
<VARIANCE> 39
 9.618629e+00 6.566502e+00 3.890534e+00 1.729403e+01 2.421719e+01 1.674581e+01 9.491784e+00 1.248763e+01 7.780096e+00 1.432290e+01 2.034453e+01 7.598828e+00 8.466187e+00 2.308902e-01 9.410391e-01 6.498500e-01 1.191142e+00 1.046612e+00 1.412348e+00 1.384399e+00 1.065556e+00 1.081526e+00 1.184390e+00 9.410808e-01 1.272148e+00 2.113878e-01 9.491124e-02 1.621135e-01 8.267982e-02 2.656406e-01 5.223177e-01 3.197702e-01 1.911602e-01 3.097559e-01 2.084907e-01 1.857532e-01 2.672946e-01 2.027367e-01 8.010887e-02
<GCONST> 7.927316e+01
<STATE> 3
<MEAN> 39
 -1.899755e+00 -3.560439e+00 -1.032509e+00 -7.178183e+00 -7.238820e+00 6.206976e+00 -4.338263e+00 2.678525e+00 3.291867e+00 -2.209031e+00 4.624813e+00 -1.827982e+00 3.848302e+01 -2.346925e+00 -9.264094e-01 9.059201e-02 1.698651e+00 1.171285e+00 -9.422580e-01 -1.104029e+00 -3.652894e-01 -2.256268e-01 -3.178890e-02 -6.743529e-01 -4.627214e-01 -1.496517e+00 4.547431e-01 -3.304969e-01 7.179063e-02 -3.833115e-01 -3.644326e-01 2.669137e-01 -9.453589e-02 4.392482e-02 -1.593428e-01 -1.882143e-01 1.695080e-01 -1.093031e-03 5.362830e-01
<VARIANCE> 39
 4.520283e+00 9.027607e+00 4.850863e+00 7.192222e+00 7.002845e+00 1.082873e+01 9.119670e+00 8.693321e+00 9.204768e+00 1.087723e+01 9.443264e+00 9.830818e+00 1.268075e+00 5.384731e-01 9.331455e-01 5.550968e-01 9.063964e-01 1.524659e+00 1.779875e+00 1.051668e+00 1.475380e+00 1.235827e+00 1.334733e+00 1.573964e+00 1.022811e+00 3.533964e-01 5.733156e-02 1.624694e-01 9.158742e-02 2.112308e-01 3.272939e-01 3.502983e-01 3.234252e-01 2.757870e-01 2.314929e-01 2.315475e-01 2.199074e-01 2.167450e-01 2.479287e-02
<GCONST> 7.414223e+01
<STATE> 4
<MEAN> 39
 -6.399920e+00 -5.874817e+00 7.829105e-02 -2.663335e+00 -3.337115e+00 5.941317e+00 -5.049007e+00 3.103332e+00 1.008509e+00 -2.899040e+00 3.290478e+00 -3.247102e+00 3.603748e+01 -9.003571e-01 -6.715041e-01 -6.818798e-02 4.824609e-01 6.667427e-01 2.337203e-01 -1.084615e-01 -2.874185e-01 -3.859738e-01 -1.522059e-01 -2.953182e-01 -1.539129e-01 -4.144726e-01 2.860837e-01 1.346768e-01 -7.202148e-02 -3.004869e-01 -2.363703e-01 1.678975e-01 1.683274e-01 -2.393261e-02 1.540584e-01 1.369921e-01 1.590395e-01 1.141229e-01 1.663848e-01
<VARIANCE> 39
 4.030544e+00 1.016988e+01 5.750396e+00 6.814450e+00 1.222563e+01 1.363234e+01 1.012983e+01 1.371377e+01 1.911166e+01 1.454886e+01 1.163173e+01 1.204904e+01 8.516359e-01 3.922254e-01 6.689973e-01 6.064941e-01 1.220612e+00 1.676049e+00 1.236403e+00 1.137808e+00 1.376610e+00 1.592972e+00 1.270285e+00 1.068451e+00 6.953701e-01 7.866453e-02 5.748992e-02 8.937900e-02 1.284078e-01 2.047253e-01 2.753954e-01 2.807131e-01 2.388864e-01 2.634602e-01 3.398462e-01 3.214718e-01 2.776331e-01 1.306451e-01 1.693101e-02
<GCONST> 7.307790e+01
<TRANSP> 5
 0.000000e+00 1.000000e+00 0.000000e+00 0.000000e+00 0.000000e+00
 0.000000e+00 4.825394e-01 5.174605e-01 0.000000e+00 0.000000e+00
 0.000000e+00 0.000000e+00 6.307755e-01 3.692245e-01 0.000000e+00
 0.000000e+00 0.000000e+00 0.000000e+00 7.408732e-01 2.591268e-01
 0.000000e+00 0.000000e+00 0.000000e+00 0.000000e+00 0.000000e+00
<ENDHMM>
