~o
<STREAMINFO> 1 39
<VECSIZE> 39<NULLD><MFCC_D_A_0><DIAGC>
~h "h"
<BEGINHMM>
<NUMSTATES> 5
<STATE> 2
<MEAN> 39
 -1.721050e+00 -4.030592e+00 1.526882e+00 -3.090574e+00 -7.046880e+00 4.099624e+00 -5.225426e+00 3.953474e+00 4.013378e+00 -1.073317e+00 5.273169e+00 -1.782580e+00 3.907535e+01 -1.202477e+00 3.736413e-01 8.715959e-01 1.255389e+00 9.551227e-01 2.993340e-01 1.031361e+00 6.310739e-01 -3.574083e-01 -9.619272e-02 -9.734219e-02 2.902458e-01 -9.872156e-01 2.012847e-01 -1.103841e-01 6.892338e-02 -1.311127e-01 -1.790861e-01 -3.645234e-02 -2.753427e-01 -1.348576e-01 -9.699643e-02 -9.866821e-02 2.753063e-02 -4.222952e-02 2.075240e-01
<VARIANCE> 39
 2.517406e+01 3.941150e+01 1.758197e+01 2.660361e+01 5.766949e+01 5.297522e+01 2.916768e+01 1.763338e+01 2.091944e+01 2.389588e+01 1.663485e+01 1.044397e+01 1.362278e+01 6.953408e-01 9.216051e-01 9.393127e-01 1.156217e+00 1.823288e+00 1.261260e+00 1.761962e+00 1.163254e+00 1.465631e+00 1.337783e+00 1.413861e+00 1.370235e+00 6.823668e-01 7.226111e-02 1.519439e-01 1.178821e-01 1.817423e-01 2.234722e-01 1.900622e-01 4.895076e-01 1.328752e-01 3.135984e-01 2.525609e-01 1.675889e-01 2.270305e-01 5.631373e-02
<GCONST> 9.218844e+01
<STATE> 3
<MEAN> 39
 -1.338136e+00 7.714232e-01 8.742124e+00 1.619463e+00 -6.053048e+00 1.378940e+00 -8.159883e+00 1.235285e+00 2.365421e+00 -1.137573e+00 6.427357e+00 -3.483182e-02 3.833355e+01 4.759894e-01 9.372517e-01 1.424910e+00 4.893090e-01 -5.405601e-01 -4.356291e-01 -6.425193e-01 -5.867924e-01 -8.153918e-01 -1.124485e+00 -3.404905e-01 1.624949e-01 1.726047e-01 5.656781e-01 -6.463728e-02 -1.363312e-01 -5.452495e-01 -6.758336e-01 -3.037786e-01 -7.751843e-01 -5.558607e-01 -1.323020e-01 -1.331260e-01 -5.016215e-02 -2.048883e-01 4.660070e-01
<VARIANCE> 39
 3.115355e+01 5.127151e+01 3.154500e+01 6.243464e+00 1.614257e+01 2.941025e+01 3.325003e+01 1.935219e+01 1.630239e+01 2.254083e+01 1.833458e+01 1.281180e+01 7.620713e+00 2.084132e+00 2.069822e+00 6.380396e-01 1.095576e+00 2.385554e+00 1.158666e+00 1.664334e+00 2.169850e+00 1.632864e+00 1.624223e+00 1.476780e+00 1.388480e+00 7.547298e-01 1.168601e-01 3.681915e-01 2.058687e-01 1.765452e-01 2.815426e-01 2.104736e-01 1.563228e-01 3.660116e-01 3.706048e-01 4.185634e-01 2.687646e-01 2.252660e-01 5.559341e-02
<GCONST> 9.547408e+01
<STATE> 4
<MEAN> 39
 1.395643e-01 -1.004560e+00 8.059760e+00 -3.687031e-01 -9.403407e+00 1.395426e+00 -9.587083e+00 -1.377286e+00 -2.554030e-01 -4.176532e+00 5.142590e+00 -9.265043e-01 4.014782e+01 4.642693e-01 -5.864011e-02 2.872138e-01 -9.008202e-01 -1.565407e+00 -1.092202e+00 -1.205008e+00 -5.844967e-01 -2.038585e-01 -1.593151e-01 -1.999004e-01 -4.510833e-01 5.108278e-01 -1.390162e-01 -2.829123e-01 -1.125154e-01 -4.470612e-02 9.093784e-02 1.441406e-01 1.478218e-01 1.238942e-01 1.758776e-01 1.644423e-01 1.834919e-02 1.012495e-02 -6.234131e-04
<VARIANCE> 39
 3.846791e+01 6.329744e+01 5.385237e+01 1.129049e+01 4.877551e+01 5.456112e+01 6.460133e+01 2.641156e+01 1.274389e+01 4.572689e+00 1.098042e+01 1.028081e+01 1.216490e+01 1.683252e+00 1.864846e+00 8.017430e-01 1.188261e+00 2.320711e+00 1.212806e+00 1.283583e+00 2.374575e+00 1.613219e+00 5.185100e-01 1.119626e+00 8.375871e-01 8.684757e-01 1.567675e-01 1.422730e-01 1.655000e-01 2.472052e-01 2.116581e-01 3.097518e-01 2.543117e-01 4.429723e-01 2.513246e-01 1.483796e-01 3.752261e-01 2.437705e-01 5.663664e-02
<GCONST> 9.490530e+01
<TRANSP> 5
 0.000000e+00 1.000000e+00 0.000000e+00 0.000000e+00 0.000000e+00
 0.000000e+00 6.312829e-01 3.687171e-01 0.000000e+00 0.000000e+00
 0.000000e+00 0.000000e+00 5.949698e-01 4.050303e-01 0.000000e+00
 0.000000e+00 0.000000e+00 0.000000e+00 6.960056e-01 3.039944e-01
 0.000000e+00 0.000000e+00 0.000000e+00 0.000000e+00 0.000000e+00
<ENDHMM>
