~o
<STREAMINFO> 1 39
<VECSIZE> 39<NULLD><MFCC_D_A_0><DIAGC>
~h "a"
<BEGINHMM>
<NUMSTATES> 5
<STATE> 2
<MEAN> 39
 -3.306990e+00 -9.195709e-01 -2.547294e+00 -2.109089e+00 5.000226e+00 -4.468270e-01 6.823625e+00 -3.961544e+00 2.296821e+00 1.205322e-01 6.565211e+00 -7.199723e+00 7.299280e+01 1.547687e-01 2.283367e-02 -1.745027e-01 -1.362443e-01 -1.579338e-01 -2.449252e-01 -3.926691e-02 -9.022043e-02 -2.814652e-04 -4.816344e-03 -6.199254e-02 1.297635e-01 1.320410e-03 -1.099516e-01 2.836873e-02 2.779197e-02 6.808373e-02 9.780085e-02 -5.645724e-02 -3.470134e-02 6.543878e-02 7.678293e-02 -9.407651e-02 -6.894865e-02 6.778766e-02 -4.521057e-02
<VARIANCE> 39
 8.294436e+00 7.727585e+00 1.241670e+01 2.375611e+01 1.439343e+01 2.176308e+01 1.883399e+01 2.176867e+01 1.592585e+01 1.460681e+01 2.365460e+01 4.421230e+01 1.058797e+01 7.484017e-01 2.912987e-01 1.479060e+00 2.054649e+00 1.229559e+00 1.075935e+00 1.256784e+00 1.999288e+00 1.370819e+00 2.341006e+00 2.997952e+00 2.936111e+00 4.044975e-01 1.938660e-01 4.850071e-02 2.462121e-01 3.064160e-01 2.270582e-01 2.859346e-01 3.353455e-01 3.803711e-01 3.030546e-01 5.753732e-01 6.418415e-01 3.164174e-01 5.479410e-02
<GCONST> 9.298495e+01
<STATE> 3
<MEAN> 39
 -1.699879e+00 3.054313e+00 -5.850872e+00 -2.490567e+00 8.635948e+00 -3.600983e+00 8.561843e+00 -5.693206e+00 8.338154e+00 -4.060715e+00 5.489799e+00 -1.414162e+01 7.648716e+01 -2.171753e-01 -1.734532e-01 1.149185e-01 1.261778e-01 3.952439e-01 3.938179e-01 6.862453e-02 3.834304e-01 -5.308963e-02 7.958495e-03 -2.652993e-01 1.522773e-01 -2.362407e-01 -1.286062e-01 -3.511592e-02 2.350376e-01 -4.034624e-02 6.563558e-02 6.933225e-02 -1.668217e-01 8.980086e-02 -2.677821e-01 1.431041e-01 -4.160067e-02 3.814201e-01 -1.704960e-01
<VARIANCE> 39
 4.000991e+00 3.423299e+00 7.432162e+00 3.725515e+00 1.456877e+01 1.370349e+01 6.674881e+00 2.435242e+01 1.856916e+01 8.460610e+00 5.272018e+00 2.608162e+01 5.689148e+00 3.155673e-01 3.839747e-01 7.110537e-01 6.577607e-01 1.101130e+00 4.897441e-01 9.905616e-01 1.210623e+00 1.787412e+00 1.066704e+00 8.318010e-01 3.178355e+00 3.454238e-01 7.839277e-02 5.992157e-02 7.105020e-02 1.113053e-01 2.180388e-01 7.171648e-02 1.052761e-01 1.892728e-01 2.689639e-01 1.302962e-01 1.457520e-01 2.979613e-01 3.016972e-02
<GCONST> 6.870711e+01
<STATE> 4
<MEAN> 39
 -6.247272e+00 -3.260653e-01 -4.952924e-01 -4.275877e+00 8.265654e+00 -2.047691e+00 3.162451e+00 -3.413027e+00 -1.103710e+00 6.152890e-01 2.744441e+00 -4.182166e+00 6.982345e+01 -6.377348e-01 -2.295734e-01 7.119758e-01 -4.089589e-01 -2.868906e-01 -7.639243e-02 -3.632636e-01 3.052307e-01 -6.433019e-01 4.066300e-01 6.082179e-02 8.672875e-01 -6.523102e-01 1.920121e-02 -8.020388e-02 -7.818731e-02 -1.235361e-01 -1.909661e-01 -1.713980e-01 -4.269319e-03 7.384531e-02 2.325108e-01 -4.924271e-02 4.541213e-02 -1.970427e-01 4.315013e-02
<VARIANCE> 39
 1.059318e+01 1.161652e+01 4.718513e+00 1.348362e+01 1.307593e+01 1.390295e+01 1.487451e+01 1.205448e+01 3.762362e+01 1.334514e+01 1.177295e+01 3.118731e+01 6.204032e+00 7.293061e-01 9.627572e-01 8.210069e-01 1.329430e+00 1.504309e+00 2.001243e+00 1.880226e+00 9.290345e-01 2.067382e+00 1.403562e+00 8.810393e-01 2.294705e+00 2.429536e-01 1.183625e-01 1.504019e-01 1.107805e-01 3.133365e-01 3.312095e-01 3.820444e-01 2.249270e-01 2.613022e-01 2.461332e-01 3.250293e-01 2.044756e-01 4.366865e-01 3.096408e-02
<GCONST> 8.602582e+01
<TRANSP> 5
 0.000000e+00 1.000000e+00 0.000000e+00 0.000000e+00 0.000000e+00
 0.000000e+00 8.197409e-01 1.802591e-01 0.000000e+00 0.000000e+00
 0.000000e+00 0.000000e+00 8.767890e-01 1.232111e-01 0.000000e+00
 0.000000e+00 0.000000e+00 0.000000e+00 8.500637e-01 1.499363e-01
 0.000000e+00 0.000000e+00 0.000000e+00 0.000000e+00 0.000000e+00
<ENDHMM>
~h "e"
<BEGINHMM>
<NUMSTATES> 5
<STATE> 2
<MEAN> 39
 -4.440283e+00 1.520020e+00 2.542329e+00 3.762247e+00 -3.027499e+00 -1.136919e+01 6.342225e+00 3.255238e+00 6.415025e+00 -1.070898e+01 1.958394e+00 -2.490430e+00 7.877144e+01 3.863810e-02 6.608925e-01 5.097638e-01 -3.862112e-02 1.001414e+00 -1.127404e-02 -2.845128e-01 1.219954e-01 -1.446454e-01 1.250090e-01 -3.895812e-01 2.464024e-01 1.985316e-01 -3.392764e-01 1.345111e-02 7.205269e-02 -3.473610e-01 4.856187e-01 1.361077e-02 -1.250096e-01 -1.564103e-01 -1.966870e-01 2.747108e-01 -5.173539e-02 1.707001e-01 -1.721400e-01
<VARIANCE> 39
 6.954465e+00 1.129291e+01 1.069012e+01 1.359435e+01 3.311035e+01 5.483740e+01 1.455246e+01 2.055436e+01 1.577552e+01 2.300510e+01 1.296319e+01 1.196518e+01 2.649443e+01 1.847979e+00 1.061044e+00 1.300688e+00 2.593072e+00 5.448908e+00 1.431655e+00 1.320392e+00 1.903147e+00 1.787501e+00 2.647013e+00 1.515858e+00 1.546009e+00 1.086043e+00 1.708075e-01 2.388204e-01 2.933708e-01 3.257510e-01 4.422955e-01 3.530608e-01 3.510739e-01 2.286320e-01 2.529697e-01 3.754998e-01 2.982864e-01 2.302323e-01 1.864183e-01
<GCONST> 9.915462e+01
<STATE> 3
<MEAN> 39
 -8.914003e+00 3.780573e+00 8.416432e+00 -1.589601e+00 1.217732e+01 -1.418797e+01 4.244277e+00 1.699504e+00 2.169557e+00 -6.614169e+00 -2.523762e+00 2.080210e+00 7.702360e+01 -3.277854e+00 6.521069e-01 3.718837e-01 -2.949110e+00 2.865368e+00 -1.051018e+00 -1.059192e-02 4.581560e-01 -7.270442e-01 9.597103e-01 -9.273688e-01 7.971123e-01 3.690384e-01 -3.740333e-01 4.814157e-01 -8.146055e-01 -6.872966e-02 -9.136987e-01 7.160042e-04 7.486951e-02 2.718630e-01 5.848826e-01 -3.501276e-01 4.155956e-01 -4.393021e-01 4.106454e-01
<VARIANCE> 39
 8.850170e-01 3.956598e+00 1.015640e+01 1.037292e+01 6.749517e+00 4.537682e+00 2.397079e+00 8.762775e+00 2.066955e+00 1.355610e+01 4.297328e+00 8.913748e+00 2.134557e+01 3.735824e-01 2.543217e+00 5.297293e-01 2.752548e+00 1.158760e-01 5.940636e+00 1.043311e+00 1.327468e-01 5.617136e-01 5.936521e-01 7.507396e-01 1.518441e+00 1.063349e-02 1.439093e-01 1.177147e-01 5.250814e-02 3.578653e-01 4.264526e-02 9.543986e-02 1.337416e-01 9.230508e-02 1.657062e-01 6.538687e-01 3.152319e-01 1.158473e-01 1.642850e-02
<GCONST> 5.896626e+01
<STATE> 4
<MEAN> 39
 -1.341777e+01 3.864195e+00 5.698232e+00 -3.205618e+00 1.407941e+01 -1.565019e+01 3.277971e+00 -1.168059e-01 3.421025e+00 -5.389583e+00 -3.724558e+00 2.384223e+00 7.847310e+01 -3.470350e+00 1.507853e+00 -7.680740e-01 -2.948493e+00 1.282252e+00 -5.937666e-01 7.497990e-01 8.344091e-01 6.802902e-02 3.492687e-01 -1.898796e-01 -3.665040e-02 8.170252e-01 6.171053e-02 2.564597e-01 -4.628062e-01 5.079092e-01 -1.022597e+00 1.128193e-01 -4.218081e-02 2.269292e-01 4.245357e-01 -3.622493e-01 4.606726e-01 -3.221189e-01 1.094901e-01
<VARIANCE> 39
 3.218518e+00 1.731884e+01 1.458640e+01 4.301610e+01 5.670386e+00 1.936831e+00 4.957154e+00 1.512719e+01 1.819315e+00 2.218681e+00 2.776233e+00 1.368034e+01 3.028984e+01 5.074611e-01 4.201472e+00 1.017824e+00 9.040321e-01 2.022171e-01 1.519595e+00 1.412634e+00 4.311802e-01 2.473073e+00 2.131145e+00 1.867400e+00 2.007540e+00 6.248863e-02 2.661464e-01 2.248358e-01 6.370606e-02 6.644169e-01 1.099689e-01 4.696866e-01 4.384949e-02 2.424504e-01 1.643170e-01 3.207800e-02 1.339183e-02 1.597598e-01 4.295931e-02
<GCONST> 6.847955e+01
<TRANSP> 5
 0.000000e+00 1.000000e+00 0.000000e+00 0.000000e+00 0.000000e+00
 0.000000e+00 9.062505e-01 9.374953e-02 0.000000e+00 0.000000e+00
 0.000000e+00 0.000000e+00 1.794729e-15 1.000000e+00 0.000000e+00
 0.000000e+00 0.000000e+00 0.000000e+00 0.000000e+00 1.000000e+00
 0.000000e+00 0.000000e+00 0.000000e+00 0.000000e+00 0.000000e+00
<ENDHMM>
~h "s"
<BEGINHMM>
<NUMSTATES> 5
<STATE> 2
<MEAN> 39
 -1.975334e+01 5.439673e+00 4.142250e+00 -5.918258e+00 1.558386e+01 -1.571440e+01 3.194908e+00 3.892862e+00 3.071337e+00 -3.418474e+00 -6.114712e-01 2.080925e+00 7.856142e+01 -6.403392e-01 -5.775976e-01 -6.078773e-01 -1.295755e-01 8.297975e-01 1.130827e-01 -3.334511e-01 6.102481e-01 1.932066e-01 7.088208e-01 7.069131e-01 -5.649833e-02 -4.164361e-01 6.634293e-01 -2.911755e-01 -1.463028e-01 3.657364e-01 -3.932104e-01 2.467020e-01 -1.177473e-02 -1.145608e-01 3.959002e-02 -6.739401e-02 9.428040e-02 -7.765039e-02 -2.369284e-01
<VARIANCE> 39
 2.008998e+01 2.117767e+01 2.444415e+01 3.059569e+01 1.710680e+01 6.307791e+00 1.717042e+01 1.141286e+01 1.059963e+01 1.277085e+01 1.471641e+01 1.207423e+01 1.526519e+01 5.456963e+00 3.332330e+00 1.829408e+00 2.299685e+00 2.057492e+00 1.112733e+00 9.558859e-01 1.159281e+00 9.943646e-01 1.396050e+00 1.332872e+00 1.604955e+00 9.473964e-01 2.367394e-01 4.874437e-01 3.572753e-01 3.690958e-01 6.166198e-01 1.903059e-01 1.435157e-01 2.862564e-01 2.286321e-01 3.087036e-01 3.047363e-01 3.743358e-01 1.199187e-01
<GCONST> 9.696012e+01
<STATE> 3
<MEAN> 39
 -1.470364e+01 -1.976669e+00 1.298756e+00 -3.695680e+00 1.878690e+01 -1.204719e+01 2.266981e-01 6.962149e+00 3.735855e+00 8.145027e-01 5.042364e+00 4.023734e+00 7.373628e+01 2.543633e+00 -1.110445e+00 -1.474839e+00 3.282646e-01 -1.959204e+00 1.292731e+00 4.043406e-01 -1.147620e+00 -6.675333e-01 -1.364048e-01 -4.361392e-01 2.374012e-01 -1.836605e+00 -2.005022e-01 7.583008e-01 2.647086e-01 -3.061863e-01 -1.162976e+00 2.957231e-01 3.550840e-01 -8.236228e-01 -2.448291e-01 -3.171915e-01 -7.678696e-01 -1.355196e-01 -5.353370e-02
<VARIANCE> 39
 1.110377e+01 2.044427e+00 2.395527e+00 7.820380e+00 5.537632e+00 8.267056e-01 2.068302e+00 2.010777e+00 5.461770e+00 9.063366e+00 3.094232e+01 1.070731e+01 7.978215e+00 1.283188e+00 2.404820e-01 3.108185e+00 1.908293e+00 8.224778e-01 1.780138e-01 5.628211e-01 7.868034e-01 2.683002e-02 9.288828e-01 4.188056e-01 8.315249e-01 1.292803e+00 1.142266e-01 4.673908e-02 9.185991e-02 2.988694e-02 2.074884e-01 2.978317e-01 6.307472e-02 9.044459e-02 5.184109e-01 3.543530e-03 1.760796e-01 4.100077e-01 1.393306e-01
<GCONST> 5.585695e+01
<STATE> 4
<MEAN> 39
 -1.398392e+01 -4.625150e+00 -2.873388e+00 -3.251859e+00 1.607505e+01 -1.336442e+01 5.061675e-01 3.632997e+00 3.945090e+00 1.482698e+00 4.062245e+00 1.890920e+00 7.244990e+01 2.113267e+00 -1.677403e-01 -5.638695e-01 5.258539e-01 -2.776871e+00 1.897173e+00 4.888349e-01 -1.586576e+00 -2.877990e-01 -3.188549e-01 -1.492159e+00 -1.443791e-01 -1.697273e+00 -4.370090e-01 7.515836e-01 6.412230e-01 -3.344278e-01 -5.417725e-01 2.943405e-01 2.423050e-01 -3.516880e-01 -4.021030e-02 1.248090e-02 -4.199457e-01 -1.630532e-01 1.868337e-01
<VARIANCE> 39
 6.632885e-01 8.071171e+00 5.438625e+00 3.056933e-01 3.598075e+01 9.010156e+00 3.594126e+00 1.932275e+00 9.647106e+00 8.282482e+00 2.716222e+01 1.278733e+01 6.269238e+00 2.084235e+00 3.761999e-01 1.809258e+00 2.144445e+00 7.500216e-01 1.042803e+00 1.275934e-01 1.714921e-01 2.047742e+00 1.254683e+00 3.382992e-01 2.614767e+00 1.794242e+00 2.225178e-02 6.142743e-02 2.605013e-01 8.897897e-02 2.939620e-01 5.051424e-02 1.691880e-01 3.609947e-03 2.602203e-01 9.075933e-02 1.679143e-01 1.875615e-01 7.803924e-02
<GCONST> 6.037501e+01
<TRANSP> 5
 0.000000e+00 1.000000e+00 0.000000e+00 0.000000e+00 0.000000e+00
 0.000000e+00 8.800000e-01 1.200000e-01 0.000000e+00 0.000000e+00
 0.000000e+00 0.000000e+00 0.000000e+00 1.000000e+00 0.000000e+00
 0.000000e+00 0.000000e+00 0.000000e+00 0.000000e+00 1.000000e+00
 0.000000e+00 0.000000e+00 0.000000e+00 0.000000e+00 0.000000e+00
<ENDHMM>
~h "k"
<BEGINHMM>
<NUMSTATES> 5
<STATE> 2
<MEAN> 39
 -1.084022e+01 -1.837932e+00 -7.404629e-01 -1.784196e+00 1.224323e+01 -9.474463e+00 2.702026e+00 2.403530e+00 3.777680e+00 5.020565e-01 1.691602e+00 2.080431e+00 6.994170e+01 1.391944e+00 2.633563e-01 9.441354e-02 -2.299927e-01 -2.788194e+00 1.891159e+00 9.376763e-01 -1.632376e+00 -1.562896e-02 -3.710511e-02 -8.254322e-01 1.558001e-01 -1.283590e+00 -6.658727e-01 3.543557e-01 3.413542e-01 -6.859414e-01 2.844884e-02 2.917654e-02 1.545997e-01 -1.072699e-01 -2.679408e-01 -1.177692e-01 8.588943e-02 -9.014481e-02 5.972669e-01
<VARIANCE> 39
 8.406866e+00 9.525103e+00 8.976016e+00 2.781767e+00 2.580138e+01 3.648185e+01 6.338310e+00 6.955156e+00 7.593725e+00 6.629508e+00 2.798689e+01 6.668369e+00 6.614879e+00 2.001271e+00 4.664292e-01 1.319790e+00 2.091065e+00 7.726452e-01 1.549577e+00 7.788620e-01 1.140703e-01 1.302670e+00 9.428136e-01 8.533116e-01 1.235297e+00 1.719506e+00 1.326579e-01 1.550697e-01 4.312600e-01 1.791861e-01 3.559259e-01 5.344523e-01 1.755546e-01 9.238080e-02 1.755815e-01 1.189272e-01 2.237767e-01 2.190995e-01 2.867658e-01
<GCONST> 8.009542e+01
<STATE> 3
<MEAN> 39
 -1.028420e+01 -4.621447e-01 1.389015e+00 -5.028457e+00 9.564536e+00 -6.032571e+00 4.833126e+00 -1.054662e+00 3.640829e+00 1.619976e+00 -4.088759e-01 8.190155e-01 6.882513e+01 1.976305e-01 6.001486e-02 -4.338906e-02 -2.241259e+00 -1.602203e+00 2.255753e+00 7.406301e-01 -1.644080e+00 -1.746866e+00 -4.279062e-01 -1.301670e-01 -9.315198e-01 4.039397e-01 -5.931553e-02 -1.411367e-01 -1.424641e-01 2.919585e-01 6.243779e-01 -5.640104e-01 -5.126401e-01 5.172764e-01 -4.457181e-02 -4.568641e-01 2.614745e-01 -3.601806e-01 3.648694e-01
<VARIANCE> 39
 3.416741e+00 2.579798e+00 6.441990e+00 2.626695e+00 1.593295e+01 2.341452e+01 1.574817e+01 1.738760e+01 7.945667e+00 2.094361e+01 7.299932e+00 4.682952e+00 8.776915e-01 1.184040e-01 2.548579e-02 2.880434e-01 3.521872e-02 1.581150e+00 2.624725e+00 3.834472e-01 1.343050e+00 9.293683e-01 2.668524e+00 5.496762e-01 5.044941e-01 7.317274e-01 1.103079e-01 2.264627e-02 1.383441e-01 7.515439e-02 2.598926e-01 4.812020e-01 2.578586e-01 5.499137e-02 6.764820e-02 3.793249e-01 7.207997e-02 1.725964e-03 1.429682e-02
<GCONST> 5.261509e+01
<STATE> 4
<MEAN> 39
 -9.900289e+00 -1.915972e+00 -4.053854e-01 -7.612653e+00 4.857945e+00 -4.641101e+00 1.961776e+00 -1.511201e+00 -2.119970e+00 -2.139557e+00 -4.749432e-01 -1.732177e+00 7.038361e+01 3.927927e-01 1.889611e-01 2.069795e-01 -1.506464e-01 -7.270927e-01 -6.742101e-01 -1.199376e+00 6.023631e-02 -2.722571e-01 -5.518813e-01 7.499694e-01 -9.253497e-01 1.598339e-01 1.777953e-02 1.013321e-01 -1.083368e-01 5.228850e-01 6.842122e-01 -6.980938e-01 -2.352221e-01 2.886803e-01 9.433553e-01 4.919304e-01 5.636612e-01 5.198241e-02 3.898003e-02
<VARIANCE> 39
 4.483514e-01 3.326551e-01 3.538112e+00 1.459152e+01 1.989955e+01 2.268702e+01 3.402131e+01 5.220956e+00 2.364370e+01 1.449769e+01 6.691547e+00 8.735946e+00 3.044452e+00 6.052611e-01 2.303472e-01 4.092391e-01 2.257515e-01 1.162346e+00 1.722248e+00 1.209921e+00 4.550890e-01 9.482050e-01 3.638017e+00 1.940899e+00 5.384554e-01 3.712700e-01 2.036034e-01 6.997514e-02 1.316008e-01 2.688561e-01 5.536069e-01 3.590930e-01 7.828830e-01 4.907734e-01 6.828767e-02 2.393288e-01 1.035573e-01 2.140534e-01 6.850194e-02
<GCONST> 7.129734e+01
<TRANSP> 5
 0.000000e+00 1.000000e+00 0.000000e+00 0.000000e+00 0.000000e+00
 0.000000e+00 6.249997e-01 3.750003e-01 0.000000e+00 0.000000e+00
 0.000000e+00 0.000000e+00 2.499981e-01 7.500019e-01 0.000000e+00
 0.000000e+00 0.000000e+00 0.000000e+00 5.714290e-01 4.285710e-01
 0.000000e+00 0.000000e+00 0.000000e+00 0.000000e+00 0.000000e+00
<ENDHMM>
~h "l"
<BEGINHMM>
<NUMSTATES> 5
<STATE> 2
<MEAN> 39
 -1.009909e+01 -5.439012e-01 -7.498154e-01 -5.721286e+00 8.382154e+00 -7.751177e+00 1.157014e+00 1.922490e-01 2.051052e+00 -2.228341e+00 2.429738e+00 -2.570508e+00 7.089790e+01 7.041049e-01 8.037367e-01 -1.581722e-01 7.240096e-01 7.591760e-01 -3.745593e-01 1.277621e-01 -5.416488e-02 1.098302e+00 -1.498142e-01 4.991683e-01 -1.032947e+00 4.352170e-01 4.308279e-01 2.349044e-01 -2.282095e-02 1.892733e-01 -2.973609e-02 7.211808e-02 2.764067e-01 -3.117596e-01 2.022234e-01 3.908746e-02 9.625018e-02 -1.422193e-01 1.566361e-01
<VARIANCE> 39
 3.395949e+00 5.931213e+00 6.982819e+00 1.302867e+01 3.051947e+01 1.543404e+01 2.356556e+01 1.170509e+01 2.160376e+01 3.167030e+01 1.415378e+01 1.418797e+01 2.704644e+00 2.300615e+00 1.411261e+00 1.351606e+00 8.240275e-01 4.301032e+00 2.460347e+00 2.960550e+00 2.765569e+00 1.459826e+00 4.989717e+00 3.142376e+00 1.267732e+00 5.131637e-01 2.141821e-01 1.767111e-01 3.333719e-01 3.117483e-01 1.117164e+00 3.720023e-01 5.660704e-01 8.149577e-01 5.126064e-01 9.732969e-01 5.631343e-01 2.093998e-01 1.498824e-01
<GCONST> 1.003180e+02
<STATE> 3
<MEAN> 39
 -5.388841e-01 5.127514e+00 -1.461964e+00 -1.661575e+00 7.984898e+00 -1.058862e+01 5.546156e+00 -8.390393e+00 6.998975e+00 -2.537294e+00 7.443805e+00 -6.878895e+00 7.482249e+01 1.488770e+00 4.141880e-01 -7.057604e-01 -7.496182e-02 -3.941593e-01 2.342764e-01 7.904096e-01 -2.085173e+00 3.665131e-01 3.001440e-01 9.968199e-01 -2.959944e-01 8.514600e-01 -5.043219e-01 -3.613301e-01 -2.692822e-01 -1.694938e-01 1.716079e-01 1.765719e-01 -6.758720e-02 3.712115e-01 -1.664238e-02 7.568739e-02 -4.638819e-01 7.179569e-02 -1.154996e-01
<VARIANCE> 39
 5.759269e+00 1.319822e+00 6.194410e+00 5.483947e+00 3.100633e+00 4.218941e+01 3.745540e+00 2.745422e+01 8.190660e+00 1.889581e+01 4.819873e+00 5.039293e+00 4.855990e+00 1.891874e+00 5.800011e-01 5.550607e-01 3.318132e-01 2.736982e-01 1.895077e+00 4.333594e-01 2.862526e+00 2.012216e+00 2.385423e-01 7.439256e-01 1.410595e+00 1.095938e+00 1.184737e-01 1.079987e-01 1.906456e-01 4.946282e-02 1.807899e-01 3.089823e-01 6.801529e-02 3.953404e-01 2.578373e-01 6.158882e-02 1.536017e-01 3.171627e-01 1.411744e-01
<GCONST> 6.927021e+01
<STATE> 4
<MEAN> 39
 -7.096739e-01 3.528642e+00 -4.042489e+00 -3.439564e+00 9.020926e+00 -5.678883e+00 6.691021e+00 -9.472988e+00 7.243567e+00 -8.608845e-01 6.600889e+00 -5.980928e+00 7.602293e+01 7.920511e-01 -1.053462e-01 -1.715748e+00 -4.754819e-01 -3.595820e-01 2.972249e-01 9.553635e-01 -7.629478e-01 8.657478e-01 -4.948577e-01 -6.040239e-02 -1.199873e+00 1.021083e+00 -4.709819e-01 -2.066996e-01 -2.590250e-01 1.365374e-02 4.199450e-02 -3.637422e-01 -3.476782e-01 4.485709e-01 1.527594e-01 -6.370684e-01 -2.770777e-01 -2.722647e-01 -1.801112e-01
<VARIANCE> 39
 4.606729e+00 6.516758e-02 1.542076e+00 7.292155e+00 7.088451e+00 2.056083e+01 8.110900e+00 3.336891e+01 1.177772e+01 4.728926e+00 5.752656e-01 6.026492e-01 3.311104e-01 3.626653e-01 3.825170e-03 4.517677e-01 5.475072e-02 6.768554e-01 1.364913e-01 4.721324e-01 3.360484e+00 2.067208e-01 2.295469e-01 7.045071e-01 4.135566e-01 2.752964e-01 2.754563e-01 4.273491e-02 6.557661e-02 2.850239e-02 4.322151e-02 2.527024e-02 2.368068e-01 1.461136e-01 4.458368e-01 3.745926e-02 3.193673e-02 4.410655e-03 9.311897e-02
<GCONST> 3.131875e+01
<TRANSP> 5
 0.000000e+00 1.000000e+00 0.000000e+00 0.000000e+00 0.000000e+00
 0.000000e+00 8.125005e-01 1.874996e-01 0.000000e+00 0.000000e+00
 0.000000e+00 0.000000e+00 6.666657e-01 3.333343e-01 0.000000e+00
 0.000000e+00 0.000000e+00 0.000000e+00 0.000000e+00 1.000000e+00
 0.000000e+00 0.000000e+00 0.000000e+00 0.000000e+00 0.000000e+00
<ENDHMM>
~h "NNN"
<BEGINHMM>
<NUMSTATES> 5
<STATE> 2
<MEAN> 39
 -1.028623e+01 -6.171006e+00 3.766545e+00 -3.181701e+00 6.039858e+00 -8.291201e+00 3.013504e+00 6.540187e-01 2.582782e+00 -4.610139e+00 7.230002e-01 1.363828e-01 7.220124e+01 1.153724e-01 2.182169e-01 -6.991667e-02 1.299350e-01 1.325998e-01 1.914681e-02 -1.292829e-01 -1.538533e-01 -7.139477e-02 -1.184151e-01 -2.178220e-02 1.764392e-01 -1.005482e-01 -1.187610e-02 2.926431e-02 -1.775327e-02 -6.652507e-02 3.417234e-02 6.913544e-02 -3.869605e-02 -5.827697e-02 6.761833e-02 1.216719e-01 9.391256e-02 2.942320e-02 -4.341517e-02
<VARIANCE> 39
 9.599845e+00 1.460861e+01 1.375021e+01 2.598022e+01 9.332685e+00 1.205818e+01 2.360574e+01 1.704221e+01 1.761825e+01 1.117785e+01 1.014920e+01 2.527498e+01 5.219899e+00 1.869409e-01 2.094325e-01 8.269457e-01 1.769122e+00 1.149090e+00 1.452586e+00 1.599498e+00 1.416972e+00 1.443989e+00 8.864173e-01 9.007924e-01 1.443438e+00 1.108012e-01 2.111425e-02 5.121885e-02 1.618255e-01 4.243311e-01 2.221794e-01 3.028825e-01 3.339945e-01 2.436312e-01 2.047909e-01 2.095050e-01 2.146256e-01 3.976084e-01 1.636919e-02
<GCONST> 7.804439e+01
<STATE> 3
<MEAN> 39
 -9.505028e+00 -2.055627e+00 -1.964107e+00 -4.706206e+00 5.233949e+00 -3.486539e+00 3.117615e+00 -4.066144e+00 2.412122e+00 -1.845049e+00 2.273822e+00 1.248295e+00 6.997523e+01 8.242863e-02 -9.873200e-02 -2.022636e-02 -2.583518e-01 -1.097082e-03 1.375157e-01 -5.357098e-03 -1.099960e-01 -3.069790e-02 1.685295e-02 2.577090e-02 -1.595560e-01 2.325427e-02 2.339490e-02 1.234688e-02 3.238674e-02 6.065918e-02 -8.727740e-03 -1.331876e-03 6.779429e-02 4.167512e-02 -3.027016e-03 -1.909437e-02 -9.019363e-02 -1.697535e-02 -2.812040e-02
<VARIANCE> 39
 6.126964e+00 9.179191e+00 9.382461e+00 9.882697e+00 9.825078e+00 1.833842e+01 8.471300e+00 1.358595e+01 3.040892e+01 1.608793e+01 1.708589e+01 1.492382e+01 5.693773e+00 6.610803e-01 7.806698e-01 1.194574e+00 1.627698e+00 7.459453e-01 2.046174e+00 1.288325e+00 2.026206e+00 2.626995e+00 1.802466e+00 2.779127e+00 1.945666e+00 6.562224e-01 9.600887e-02 1.571387e-01 2.846574e-01 3.425930e-01 1.494285e-01 4.653885e-01 2.298366e-01 4.819368e-01 5.251333e-01 3.084857e-01 4.405155e-01 2.736877e-01 9.519172e-02
<GCONST> 9.018144e+01
<STATE> 4
<MEAN> 39
 -9.657369e+00 2.633313e-01 -1.702816e+00 -3.914318e+00 4.943231e+00 -5.152623e+00 5.162701e+00 -4.072862e+00 3.833843e+00 -3.002198e+00 1.107291e+00 -7.675502e-01 6.919746e+01 1.929575e-02 -8.922699e-02 2.471188e-02 4.261377e-02 5.081132e-02 3.743508e-02 -7.281071e-02 -9.030337e-03 3.241553e-02 6.961743e-02 5.189199e-02 5.446124e-02 -5.686755e-02 -4.384400e-03 -2.548224e-02 -1.345174e-02 -8.884716e-03 -2.294559e-02 -2.248038e-02 -9.366266e-03 -2.418604e-03 8.203380e-03 -1.858952e-02 -6.206395e-04 1.150543e-03 9.428117e-03
<VARIANCE> 39
 6.511784e+00 1.080726e+01 8.368947e+00 1.070829e+01 9.940451e+00 1.441314e+01 2.500357e+01 2.883313e+01 1.918315e+01 1.226566e+01 1.594984e+01 1.284464e+01 3.781645e+00 2.640375e-01 4.788058e-01 5.911725e-01 9.048921e-01 9.391971e-01 9.777550e-01 1.771998e+00 1.530028e+00 1.673740e+00 1.353088e+00 1.733170e+00 1.220093e+00 2.203311e-01 4.935387e-02 7.059975e-02 1.001213e-01 1.941093e-01 1.793713e-01 1.790295e-01 3.392176e-01 2.546422e-01 2.932089e-01 2.714576e-01 4.212969e-01 2.681243e-01 3.880454e-02
<GCONST> 7.890897e+01
<TRANSP> 5
 0.000000e+00 1.000000e+00 0.000000e+00 0.000000e+00 0.000000e+00
 0.000000e+00 8.657836e-01 1.342164e-01 0.000000e+00 0.000000e+00
 0.000000e+00 0.000000e+00 8.914137e-01 1.085863e-01 0.000000e+00
 0.000000e+00 0.000000e+00 0.000000e+00 9.599025e-01 4.009749e-02
 0.000000e+00 0.000000e+00 0.000000e+00 0.000000e+00 0.000000e+00
<ENDHMM>
~h "p"
<BEGINHMM>
<NUMSTATES> 5
<STATE> 2
<MEAN> 39
 -7.156949e+00 5.458411e-01 2.068815e+00 -4.985117e+00 1.063850e+01 -2.498008e+00 2.545600e+00 -2.674495e+00 2.351203e+00 1.177762e+00 5.885655e+00 -2.855697e+00 6.907442e+01 -1.433156e+00 -1.099267e+00 3.265174e-01 -1.359001e+00 -1.653109e+00 -7.810302e-01 -8.880100e-01 5.355291e-01 -7.108181e-01 1.805726e-01 -2.657497e-01 3.724349e-01 -7.927805e-01 2.052946e-01 -2.254643e-02 -4.038068e-01 7.888543e-02 -3.822334e-01 1.451906e-02 2.767934e-01 2.199077e-02 1.981913e-01 -2.889558e-01 -6.771554e-01 -4.619906e-01 2.502994e-01
<VARIANCE> 39
 2.762048e+00 9.452759e+00 3.526133e+00 1.527668e+01 1.289922e+01 3.528167e+00 1.727411e+01 3.545269e+00 9.121175e+00 8.877287e+00 4.851492e+00 1.270144e+01 9.236217e-01 2.385675e-01 1.042125e+00 5.769398e-01 6.249905e-01 1.343250e+00 4.916469e-01 7.070565e-01 3.896762e-01 1.335055e+00 5.148289e-01 2.446658e+00 2.340070e+00 2.230472e-01 6.507211e-02 1.740100e-01 6.721830e-02 3.067676e-01 3.687376e-01 1.085811e-01 1.418609e-01 3.721093e-02 1.746690e-01 1.715991e-01 2.145336e-01 3.735549e-01 6.316629e-03
<GCONST> 6.312778e+01
<STATE> 3
<MEAN> 39
 -9.074802e+00 -6.129429e-01 1.676906e+00 -5.589316e+00 7.757988e+00 -4.455360e+00 2.358403e+00 -1.807792e+00 -4.968085e-01 -3.356524e-01 2.319467e+00 -7.304651e-01 6.791800e+01 1.789890e-02 1.396504e-01 7.374042e-02 1.859227e-01 1.640813e-01 -1.994198e-01 3.643801e-02 2.202928e-01 1.613492e-01 -1.630507e-01 1.109523e-01 4.047494e-01 1.096561e-01 1.740505e-01 1.004364e-01 -2.561804e-02 1.166241e-01 1.684672e-01 1.413565e-01 6.619196e-02 -9.144723e-02 1.471760e-01 5.748919e-03 1.904225e-01 -1.336065e-01 1.521028e-01
<VARIANCE> 39
 9.476213e-01 4.536181e+00 5.938497e+00 7.638293e+00 9.834854e+00 6.745367e+00 1.584335e+01 8.890374e+00 1.994253e+01 8.636234e+00 1.298902e+01 2.405371e+01 6.205062e-01 2.228588e-01 3.698437e-01 4.805875e-01 5.570567e-01 1.096272e+00 1.180683e+00 2.059052e+00 1.084413e+00 1.334859e+00 1.088915e+00 1.979778e+00 1.460127e+00 2.781788e-01 5.972044e-02 8.911937e-02 1.213365e-01 1.820504e-01 3.474616e-01 2.487401e-01 3.339132e-01 3.433460e-01 2.322261e-01 1.915387e-01 3.509906e-01 4.342912e-01 4.110186e-02
<GCONST> 7.206392e+01
<STATE> 4
<MEAN> 39
 -4.033756e+00 1.926287e+00 -1.243884e+00 -2.148817e+00 8.086495e+00 -7.606289e-01 5.502880e+00 -3.253752e+00 4.503304e+00 -1.772048e+00 6.640164e+00 -6.816002e+00 7.359060e+01 1.086205e+00 1.262578e-01 -1.352368e+00 7.156055e-01 -5.775814e-01 8.892111e-01 8.323709e-01 -1.306077e+00 1.201319e-02 -2.308815e-01 4.291700e-01 -2.663200e+00 1.071979e+00 -1.308793e-01 -8.257718e-02 -6.821056e-02 -3.606310e-02 -3.017316e-01 -2.212495e-01 9.823211e-02 5.729560e-02 -2.638792e-01 3.951544e-02 -1.636467e-01 -4.770704e-02 -1.465888e-01
<VARIANCE> 39
 1.296246e+01 3.329915e+00 2.464145e+01 1.519491e+01 1.516851e+01 1.401048e+01 1.113129e+01 1.898809e+01 1.129882e+01 9.758103e+00 3.060287e+00 6.084266e+01 1.166748e+01 7.719086e-01 5.950035e-01 2.120507e+00 1.408739e+00 2.138451e+00 2.216120e+00 7.667224e-01 2.379400e+00 1.971485e+00 6.412928e-01 3.686583e-01 1.715280e+00 9.659393e-01 1.674382e-01 1.248395e-01 4.421428e-01 2.148447e-01 2.487127e-01 4.997039e-01 2.082257e-01 6.553398e-01 3.014448e-01 1.299159e-01 6.219543e-02 5.981745e-01 7.909594e-02
<GCONST> 8.731426e+01
<TRANSP> 5
 0.000000e+00 1.000000e+00 0.000000e+00 0.000000e+00 0.000000e+00
 0.000000e+00 6.250807e-01 3.749193e-01 0.000000e+00 0.000000e+00
 0.000000e+00 0.000000e+00 9.117582e-01 8.824173e-02 0.000000e+00
 0.000000e+00 0.000000e+00 0.000000e+00 8.000112e-01 1.999888e-01
 0.000000e+00 0.000000e+00 0.000000e+00 0.000000e+00 0.000000e+00
<ENDHMM>
~h "sil"
<BEGINHMM>
<NUMSTATES> 5
<STATE> 2
<MEAN> 39
 -8.477901e+00 -1.551111e+00 -7.003021e-04 -4.058068e+00 5.421690e+00 -5.425283e+00 1.775906e+00 -3.830096e+00 2.170559e+00 -3.504303e-01 4.588199e+00 2.163703e+00 6.764455e+01 8.130872e-02 1.178154e-01 1.582475e-01 1.793955e-02 -1.057282e+00 -1.444597e+00 1.229479e-01 2.243605e-01 2.064134e-01 -1.789786e-01 -4.211416e-02 -3.978746e-02 7.358146e-01 1.272211e-01 -8.265045e-03 1.479491e-01 3.464580e-01 -2.575607e-01 -2.697477e-01 3.784051e-01 2.103863e-01 -1.969251e-02 -4.508830e-01 -2.716929e-01 -3.245755e-01 3.579810e-01
<VARIANCE> 39
 9.628610e-01 8.063828e+00 5.688505e+00 6.137601e+00 8.214131e+00 2.710403e+01 1.399691e+01 8.871841e+00 1.684538e+01 1.134777e+01 4.490228e+00 1.054065e+01 4.146552e+00 4.151961e-01 4.420057e-01 1.076089e+00 8.478387e-01 2.179330e+00 3.765250e+00 2.210307e+00 1.403799e+00 1.793561e+00 2.727218e+00 1.021582e+00 3.369632e+00 2.306990e+00 4.616407e-02 5.794557e-02 1.217585e-01 1.602840e-01 4.546445e-01 4.029346e-01 1.955097e-01 1.580094e-01 1.840539e-01 2.108112e-01 2.216083e-01 6.176080e-01 1.796152e-01
<GCONST> 8.115916e+01
<STATE> 3
<MEAN> 39
 -7.460679e+00 -1.541117e+00 3.009586e+00 -5.352260e+00 4.364599e+00 -3.558598e+00 2.670790e+00 -1.792889e+00 -5.323915e-01 -3.403031e-01 1.373544e+00 1.307850e+00 6.766296e+01 1.271694e-01 -3.641083e-02 -3.238921e-02 2.517610e-01 -2.849057e-01 1.345871e-01 3.013811e-01 -1.874800e-01 2.604192e-01 -6.051056e-01 -1.732012e-01 -1.946813e-01 8.803362e-02 -3.171860e-02 7.311914e-03 -6.406123e-02 5.254833e-02 3.990064e-02 2.016140e-02 -1.406876e-01 -1.380300e-02 -6.295431e-02 1.483751e-02 6.592329e-02 6.382949e-02 -7.074535e-02
<VARIANCE> 39
 7.809615e-01 4.533040e+00 7.286438e+00 1.444657e+01 1.446195e+01 4.787754e+01 1.294763e+01 2.538112e+01 3.076831e+01 1.994739e+01 2.152865e+01 1.959405e+01 1.162682e+01 1.824950e-01 3.172979e-01 7.573873e-01 2.117694e+00 1.766007e+00 3.966743e+00 1.513869e+00 1.134727e+00 1.166007e+00 1.613110e+00 2.600128e+00 2.888181e+00 9.457309e-01 1.696420e-02 4.943908e-02 2.180742e-01 3.091094e-01 1.977336e-01 6.561676e-01 1.954852e-01 1.671348e-01 2.628539e-01 2.971187e-01 6.179694e-01 7.707680e-01 5.756876e-02
<GCONST> 8.616352e+01
<STATE> 4
<MEAN> 39
 -8.433334e+00 -1.669694e+00 4.221915e-01 -3.834733e+00 4.030089e+00 -4.127565e+00 2.055959e+00 -2.631216e+00 1.701582e+00 -1.058876e+00 3.008263e+00 8.177057e-01 6.734009e+01 -3.616132e-02 1.946712e-04 -6.979635e-02 6.768092e-02 -7.598837e-02 -1.138577e-01 3.666305e-02 5.891695e-02 4.067082e-02 -7.497888e-02 -2.831966e-02 -1.023073e-02 8.365530e-02 7.989027e-03 1.392460e-02 -9.410531e-04 -1.104426e-02 -3.842931e-03 9.745282e-03 1.141986e-03 -3.212265e-05 -5.223454e-03 -3.185022e-03 9.178486e-03 1.629906e-02 1.147633e-02
<VARIANCE> 39
 4.015230e+00 4.498650e+00 7.441681e+00 7.555171e+00 1.046175e+01 1.219429e+01 2.164923e+01 1.602417e+01 1.658198e+01 1.416616e+01 1.366297e+01 1.237374e+01 5.508253e+00 3.973350e-01 4.281155e-01 6.271991e-01 7.236397e-01 1.088464e+00 1.109500e+00 1.716398e+00 1.791211e+00 1.650098e+00 1.450449e+00 1.805919e+00 1.231416e+00 2.863060e-01 8.205783e-02 9.245236e-02 1.246869e-01 1.410637e-01 2.169887e-01 2.370248e-01 3.453781e-01 3.634226e-01 3.280080e-01 2.869104e-01 4.018060e-01 2.444186e-01 5.699183e-02
<GCONST> 7.925211e+01
<TRANSP> 5
 0.000000e+00 1.000000e+00 0.000000e+00 0.000000e+00 0.000000e+00
 0.000000e+00 5.631729e-01 4.368272e-01 0.000000e+00 0.000000e+00
 0.000000e+00 0.000000e+00 7.596688e-01 2.403312e-01 0.000000e+00
 0.000000e+00 0.000000e+00 0.000000e+00 9.718720e-01 2.812803e-02
 0.000000e+00 0.000000e+00 0.000000e+00 0.000000e+00 0.000000e+00
<ENDHMM>
