~o
<STREAMINFO> 1 39
<VECSIZE> 39<NULLD><MFCC_D_A_0><DIAGC>
~h "l"
<BEGINHMM>
<NUMSTATES> 5
<STATE> 2
<MEAN> 39
 -1.008685e+01 -5.638839e-01 -7.221187e-01 -5.755278e+00 8.421182e+00 -7.794754e+00 1.205228e+00 1.405066e-01 2.103476e+00 -2.279675e+00 2.478801e+00 -2.615796e+00 7.089319e+01 7.041036e-01 8.038956e-01 -1.584167e-01 7.240031e-01 7.593713e-01 -3.747569e-01 1.280146e-01 -5.465920e-02 1.098959e+00 -1.509247e-01 5.007188e-01 -1.034758e+00 4.352017e-01 4.303413e-01 2.357474e-01 -2.404067e-02 1.907357e-01 -3.136916e-02 7.393595e-02 2.742868e-01 -3.093162e-01 1.997378e-01 4.141365e-02 9.414628e-02 -1.403594e-01 1.568204e-01
<VARIANCE> 39
 3.380324e+00 5.921330e+00 6.932939e+00 1.296518e+01 3.072110e+01 1.562249e+01 2.341875e+01 1.164444e+01 2.173251e+01 3.164297e+01 1.432761e+01 1.414231e+01 2.710749e+00 2.295723e+00 1.413995e+00 1.350062e+00 8.181674e-01 4.333395e+00 2.482762e+00 2.948910e+00 2.757679e+00 1.462442e+00 4.972442e+00 3.138927e+00 1.254188e+00 5.138280e-01 2.135539e-01 1.763127e-01 3.338839e-01 3.076333e-01 1.125365e+00 3.742159e-01 5.600819e-01 8.083333e-01 5.130049e-01 9.716328e-01 5.623115e-01 2.107293e-01 1.501919e-01
<GCONST> 1.002958e+02
<STATE> 3
<MEAN> 39
 -5.331686e-01 5.118440e+00 -1.449837e+00 -1.676087e+00 8.001030e+00 -1.060654e+01 5.567075e+00 -8.413550e+00 7.021687e+00 -2.558144e+00 7.463672e+00 -6.899659e+00 7.482019e+01 1.487892e+00 4.156877e-01 -7.080078e-01 -7.149209e-02 -3.990201e-01 2.400627e-01 7.841521e-01 -2.078170e+00 3.585586e-01 3.089049e-01 9.881631e-01 -2.883210e-01 8.517750e-01 -5.019744e-01 -3.650630e-01 -2.643368e-01 -1.754235e-01 1.784019e-01 1.690155e-01 -5.954222e-02 3.629985e-01 -8.428463e-03 6.754103e-02 -4.561698e-01 6.498166e-02 -1.163960e-01
<VARIANCE> 39
 5.706676e+00 1.296272e+00 6.399801e+00 5.164094e+00 3.289235e+00 4.290726e+01 3.962910e+00 2.715159e+01 8.027744e+00 1.936582e+01 4.861525e+00 5.057130e+00 4.852914e+00 1.880213e+00 5.906370e-01 5.596270e-01 3.247600e-01 2.913870e-01 1.865047e+00 4.328058e-01 2.836412e+00 1.980283e+00 2.336900e-01 7.196520e-01 1.403342e+00 1.099792e+00 1.168803e-01 1.098589e-01 1.907625e-01 4.977270e-02 1.860058e-01 3.077878e-01 7.029226e-02 4.015961e-01 2.514867e-01 6.223524e-02 1.456711e-01 3.168278e-01 1.412718e-01
<GCONST> 6.933205e+01
<STATE> 4
<MEAN> 39
 -7.003257e-01 3.514072e+00 -4.024205e+00 -3.460251e+00 9.043159e+00 -5.703661e+00 6.718595e+00 -9.500031e+00 7.265892e+00 -8.769783e-01 6.612443e+00 -5.989708e+00 7.601920e+01 7.986128e-01 -1.152547e-01 -1.703032e+00 -4.909540e-01 -3.403543e-01 2.743277e-01 9.797928e-01 -7.868057e-01 8.893610e-01 -5.191426e-01 -3.573425e-02 -1.222946e+00 1.018460e+00 -4.690804e-01 -2.097664e-01 -2.546987e-01 8.075844e-03 4.862336e-02 -3.707906e-01 -3.405453e-01 4.412112e-01 1.608794e-01 -6.459482e-01 -2.683003e-01 -2.800563e-01 -1.808509e-01
<VARIANCE> 39
 4.666676e+00 8.168416e-02 1.452752e+00 7.416883e+00 7.036478e+00 2.027133e+01 7.827489e+00 3.370816e+01 1.204372e+01 4.712241e+00 5.290229e-01 6.475080e-01 3.382431e-01 3.622913e-01 5.333671e-03 4.204113e-01 5.801386e-02 7.199864e-01 1.617096e-01 4.289460e-01 3.526586e+00 2.361418e-01 2.378435e-01 6.960793e-01 4.360794e-01 2.708470e-01 2.753916e-01 4.279838e-02 6.514797e-02 2.797638e-02 4.269464e-02 2.549434e-02 2.371577e-01 1.446755e-01 4.434029e-01 3.689883e-02 3.135196e-02 4.348290e-03 9.329917e-02
<GCONST> 3.210313e+01
<TRANSP> 5
 0.000000e+00 1.000000e+00 0.000000e+00 0.000000e+00 0.000000e+00
 0.000000e+00 8.125001e-01 1.875000e-01 0.000000e+00 0.000000e+00
 0.000000e+00 0.000000e+00 6.666644e-01 3.333356e-01 0.000000e+00
 0.000000e+00 0.000000e+00 0.000000e+00 0.000000e+00 1.000000e+00
 0.000000e+00 0.000000e+00 0.000000e+00 0.000000e+00 0.000000e+00
<ENDHMM>
