~o
<STREAMINFO> 1 39
<VECSIZE> 39<NULLD><MFCC_D_A_0><DIAGC>
~h "n"
<BEGINHMM>
<NUMSTATES> 5
<STATE> 2
<MEAN> 39
 6.573347e+00 1.178123e-01 7.452048e+00 -4.380195e+00 -1.204140e+01 9.599808e-01 -1.541883e+01 -6.209360e+00 -1.280231e+00 -6.568535e+00 9.719943e-01 -6.106375e+00 4.460922e+01 -1.093580e+00 2.293597e+00 2.029945e+00 2.107507e+00 4.430507e-01 -1.406098e+00 2.778782e-01 -5.186359e-01 -2.121919e+00 -1.440063e+00 -5.631017e-01 8.689380e-01 -1.540377e+00 2.206597e-01 -5.454787e-01 -4.028343e-01 -7.534660e-01 -2.134065e-01 4.151802e-01 -5.176226e-02 3.846744e-01 5.251987e-01 3.411821e-01 3.784050e-01 -1.457661e-01 4.340202e-01
<VARIANCE> 39
 8.670285e+00 7.398108e+00 7.390042e+00 9.075605e+00 2.174997e+01 1.092697e+01 1.277588e+01 1.367752e+01 1.775341e+01 1.567822e+01 7.208771e+00 1.106052e+01 9.189413e+00 2.435945e-01 8.260347e-01 7.043617e-01 2.042521e+00 1.956944e+00 9.372541e-01 1.322682e+00 2.454537e+00 2.466273e+00 1.480642e+00 1.196276e+00 1.125890e+00 4.376449e-01 2.884298e-02 9.903356e-02 7.679927e-02 1.267901e-01 2.055463e-01 1.144928e-01 2.212162e-01 2.256535e-01 3.722962e-01 3.326398e-01 2.090966e-01 2.342947e-01 2.904510e-02
<GCONST> 7.833451e+01
<STATE> 3
<MEAN> 39
 5.072040e+00 3.759084e+00 1.244220e+01 -9.351450e-01 -1.136203e+01 -5.334335e-01 -1.533227e+01 -5.588784e+00 -3.162259e+00 -8.295612e+00 1.052539e+00 -4.572473e+00 4.292141e+01 -5.260428e-01 1.392660e-01 3.741009e-01 7.416531e-01 5.910553e-01 2.608826e-01 4.140261e-01 9.606092e-03 -2.104464e-01 -5.115366e-03 -1.353946e-01 3.013192e-01 -4.284739e-01 -2.411164e-02 -3.109076e-01 -3.269621e-01 -1.023353e-01 1.916569e-01 3.075756e-01 1.412543e-01 1.414432e-01 1.926983e-01 7.743824e-02 1.260738e-02 -1.470064e-02 4.543625e-02
<VARIANCE> 39
 1.073083e+01 5.132866e+00 8.382268e+00 1.639058e+01 3.381347e+01 7.579029e+00 1.063888e+01 1.304196e+01 1.537905e+01 1.025601e+01 6.506210e+00 1.102718e+01 9.282216e+00 1.545396e-01 4.573898e-01 6.440071e-01 5.669379e-01 1.146646e+00 1.127709e+00 6.774128e-01 1.156203e+00 9.031558e-01 9.567144e-01 6.024823e-01 8.622316e-01 1.439523e-01 4.597420e-02 8.797824e-02 1.193168e-01 1.639460e-01 1.503645e-01 1.570908e-01 2.061899e-01 3.467700e-01 2.401703e-01 1.936727e-01 1.128891e-01 1.809438e-01 4.567827e-02
<GCONST> 7.039291e+01
<STATE> 4
<MEAN> 39
 -1.854750e-01 1.731088e-02 9.005878e+00 4.839889e-01 -6.471100e+00 3.999377e+00 -1.000533e+01 -2.462032e+00 -1.436669e+00 -7.023688e+00 6.681628e-01 -3.254168e+00 3.957010e+01 -1.107799e+00 -1.096462e+00 -1.089917e+00 -5.254785e-01 4.598891e-01 6.477605e-01 1.217760e+00 1.253608e+00 7.619986e-01 5.122256e-01 4.530304e-01 2.304861e-01 -5.631610e-01 -5.175063e-02 -7.454962e-02 -1.257159e-01 -2.320461e-01 -2.843801e-01 -1.979697e-01 -4.639588e-02 -4.567729e-02 6.826869e-03 1.500953e-01 1.543071e-01 -5.004467e-02 9.243483e-03
<VARIANCE> 39
 1.425582e+01 1.261826e+01 1.759092e+01 1.544062e+01 7.563356e+01 1.595391e+01 9.533294e+00 1.601280e+01 1.775253e+01 1.388437e+01 1.023657e+01 9.725745e+00 9.969656e+00 8.352833e-01 6.824327e-01 1.451036e+00 9.177245e-01 2.034630e+00 1.506328e+00 1.517774e+00 1.838322e+00 1.371049e+00 2.313911e+00 1.156710e+00 8.101701e-01 5.408247e-01 6.189276e-02 1.462817e-01 1.884216e-01 2.165288e-01 3.511141e-01 2.467962e-01 1.884138e-01 3.081145e-01 3.182678e-01 2.904778e-01 2.296197e-01 1.673652e-01 3.859479e-02
<GCONST> 8.726007e+01
<TRANSP> 5
 0.000000e+00 1.000000e+00 0.000000e+00 0.000000e+00 0.000000e+00
 0.000000e+00 6.318513e-01 3.681488e-01 0.000000e+00 0.000000e+00
 0.000000e+00 0.000000e+00 8.272779e-01 1.727221e-01 0.000000e+00
 0.000000e+00 0.000000e+00 0.000000e+00 7.348770e-01 2.651230e-01
 0.000000e+00 0.000000e+00 0.000000e+00 0.000000e+00 0.000000e+00
<ENDHMM>
