~o
<STREAMINFO> 1 39
<VECSIZE> 39<NULLD><MFCC_D_A_0><DIAGC>
~h "NNN"
<BEGINHMM>
<NUMSTATES> 5
<STATE> 2
<MEAN> 39
 -1.027324e+01 -6.192441e+00 3.794326e+00 -3.213376e+00 6.073034e+00 -8.324953e+00 3.048808e+00 6.187243e-01 2.618182e+00 -4.645288e+00 7.541916e-01 1.070362e-01 7.219715e+01 1.138527e-01 2.209102e-01 -7.333305e-02 1.343358e-01 1.277613e-01 2.467422e-02 -1.347617e-01 -1.481656e-01 -7.691264e-02 -1.126019e-01 -2.721562e-02 1.815190e-01 -9.988998e-02 -1.248609e-02 3.020301e-02 -1.904136e-02 -6.486653e-02 3.257982e-02 7.067998e-02 -4.049151e-02 -5.651275e-02 6.562449e-02 1.234406e-01 9.240898e-02 3.070550e-02 -4.322672e-02
<VARIANCE> 39
 9.621796e+00 1.456264e+01 1.368739e+01 2.590916e+01 9.261412e+00 1.212073e+01 2.366991e+01 1.708950e+01 1.773194e+01 1.116291e+01 1.017964e+01 2.515985e+01 5.222193e+00 1.890408e-01 2.064375e-01 8.285226e-01 1.765148e+00 1.149669e+00 1.460973e+00 1.603212e+00 1.432823e+00 1.466998e+00 9.015471e-01 8.975644e-01 1.449334e+00 1.106938e-01 2.128961e-02 5.034042e-02 1.619182e-01 4.217327e-01 2.234492e-01 3.039268e-01 3.334990e-01 2.480039e-01 2.075720e-01 2.130175e-01 2.146108e-01 3.983813e-01 1.639580e-02
<GCONST> 7.813600e+01
<STATE> 3
<MEAN> 39
 -9.497544e+00 -2.068648e+00 -1.950453e+00 -4.721154e+00 5.250553e+00 -3.501657e+00 3.134350e+00 -4.079041e+00 2.423642e+00 -1.858508e+00 2.281959e+00 1.237029e+00 6.997231e+01 8.211322e-02 -9.780864e-02 -2.059563e-02 -2.564469e-01 -2.210949e-03 1.386667e-01 -5.266029e-03 -1.080534e-01 -3.023484e-02 1.672737e-02 2.469236e-02 -1.589233e-01 2.334971e-02 2.406497e-02 1.129147e-02 3.359912e-02 5.848086e-02 -6.800326e-03 -3.234826e-03 6.932390e-02 3.964422e-02 -6.108847e-04 -2.039304e-02 -8.824041e-02 -1.852850e-02 -2.833881e-02
<VARIANCE> 39
 6.163852e+00 9.168161e+00 9.302254e+00 1.002386e+01 9.835041e+00 1.834843e+01 8.585721e+00 1.348530e+01 3.030694e+01 1.625877e+01 1.708216e+01 1.498135e+01 5.699259e+00 6.664454e-01 7.757490e-01 1.195773e+00 1.632073e+00 7.423313e-01 2.056914e+00 1.305041e+00 2.012241e+00 2.635539e+00 1.818305e+00 2.770573e+00 1.963926e+00 6.566957e-01 9.689365e-02 1.555526e-01 2.837015e-01 3.463052e-01 1.482579e-01 4.665914e-01 2.340454e-01 4.796977e-01 5.299771e-01 3.104685e-01 4.399348e-01 2.789698e-01 9.530611e-02
<GCONST> 9.029121e+01
<STATE> 4
<MEAN> 39
 -9.646677e+00 2.466338e-01 -1.679630e+00 -3.942740e+00 4.976389e+00 -5.190452e+00 5.201836e+00 -4.113390e+00 3.873453e+00 -3.038418e+00 1.142894e+00 -7.992646e-01 6.919320e+01 1.986816e-02 -9.029159e-02 2.569736e-02 4.081730e-02 5.246612e-02 3.561797e-02 -7.154962e-02 -1.088779e-02 3.314000e-02 6.870699e-02 5.309927e-02 5.346223e-02 -5.710599e-02 -4.167981e-03 -2.577994e-02 -1.301010e-02 -9.189032e-03 -2.247616e-02 -2.297920e-02 -8.726901e-03 -2.721747e-03 8.338506e-03 -1.901224e-02 -5.263663e-04 1.044932e-03 9.334822e-03
<VARIANCE> 39
 6.531009e+00 1.082556e+01 8.407050e+00 1.074534e+01 9.883276e+00 1.438832e+01 2.484084e+01 2.873263e+01 1.922799e+01 1.213654e+01 1.591493e+01 1.288603e+01 3.792470e+00 2.654286e-01 4.798835e-01 5.886960e-01 9.160858e-01 9.314163e-01 9.829498e-01 1.750797e+00 1.534891e+00 1.672115e+00 1.332991e+00 1.730123e+00 1.222850e+00 2.213631e-01 4.960052e-02 7.099176e-02 1.000466e-01 1.969302e-01 1.780126e-01 1.805534e-01 3.349116e-01 2.560992e-01 2.923501e-01 2.669868e-01 4.192683e-01 2.698184e-01 3.898976e-02
<GCONST> 7.889738e+01
<TRANSP> 5
 0.000000e+00 1.000000e+00 0.000000e+00 0.000000e+00 0.000000e+00
 0.000000e+00 8.657577e-01 1.342423e-01 0.000000e+00 0.000000e+00
 0.000000e+00 0.000000e+00 8.914256e-01 1.085744e-01 0.000000e+00
 0.000000e+00 0.000000e+00 0.000000e+00 9.599047e-01 4.009533e-02
 0.000000e+00 0.000000e+00 0.000000e+00 0.000000e+00 0.000000e+00
<ENDHMM>
