~o
<STREAMINFO> 1 39
<VECSIZE> 39<NULLD><MFCC_D_A_0><DIAGC>
~h "p"
<BEGINHMM>
<NUMSTATES> 5
<STATE> 2
<MEAN> 39
 -7.156949e+00 5.458411e-01 2.068815e+00 -4.985117e+00 1.063850e+01 -2.498008e+00 2.545600e+00 -2.674495e+00 2.351203e+00 1.177762e+00 5.885655e+00 -2.855697e+00 6.907442e+01 -1.433156e+00 -1.099267e+00 3.265174e-01 -1.359001e+00 -1.653109e+00 -7.810302e-01 -8.880100e-01 5.355291e-01 -7.108181e-01 1.805726e-01 -2.657497e-01 3.724349e-01 -7.927805e-01 2.052946e-01 -2.254643e-02 -4.038068e-01 7.888543e-02 -3.822334e-01 1.451906e-02 2.767934e-01 2.199077e-02 1.981913e-01 -2.889558e-01 -6.771554e-01 -4.619906e-01 2.502994e-01
<VARIANCE> 39
 2.762048e+00 9.452759e+00 3.526133e+00 1.527668e+01 1.289922e+01 3.528167e+00 1.727411e+01 3.545269e+00 9.121175e+00 8.877287e+00 4.851492e+00 1.270144e+01 9.236217e-01 2.385675e-01 1.042125e+00 5.769398e-01 6.249905e-01 1.343250e+00 4.916469e-01 7.070565e-01 3.896762e-01 1.335055e+00 5.148289e-01 2.446658e+00 2.340070e+00 2.230472e-01 6.507211e-02 1.740100e-01 6.721830e-02 3.067676e-01 3.687376e-01 1.085811e-01 1.418609e-01 3.721093e-02 1.746690e-01 1.715991e-01 2.145336e-01 3.735549e-01 6.316629e-03
<GCONST> 6.312778e+01
<STATE> 3
<MEAN> 39
 -9.074802e+00 -6.129429e-01 1.676906e+00 -5.589316e+00 7.757988e+00 -4.455360e+00 2.358403e+00 -1.807792e+00 -4.968085e-01 -3.356524e-01 2.319467e+00 -7.304651e-01 6.791800e+01 1.789890e-02 1.396504e-01 7.374042e-02 1.859227e-01 1.640813e-01 -1.994198e-01 3.643801e-02 2.202928e-01 1.613492e-01 -1.630507e-01 1.109523e-01 4.047494e-01 1.096561e-01 1.740505e-01 1.004364e-01 -2.561804e-02 1.166241e-01 1.684672e-01 1.413565e-01 6.619196e-02 -9.144723e-02 1.471760e-01 5.748919e-03 1.904225e-01 -1.336065e-01 1.521028e-01
<VARIANCE> 39
 9.476213e-01 4.536181e+00 5.938497e+00 7.638293e+00 9.834854e+00 6.745367e+00 1.584335e+01 8.890374e+00 1.994253e+01 8.636234e+00 1.298902e+01 2.405371e+01 6.205062e-01 2.228588e-01 3.698437e-01 4.805875e-01 5.570567e-01 1.096272e+00 1.180683e+00 2.059052e+00 1.084413e+00 1.334859e+00 1.088915e+00 1.979778e+00 1.460127e+00 2.781788e-01 5.972044e-02 8.911937e-02 1.213365e-01 1.820504e-01 3.474616e-01 2.487401e-01 3.339132e-01 3.433460e-01 2.322261e-01 1.915387e-01 3.509906e-01 4.342912e-01 4.110186e-02
<GCONST> 7.206392e+01
<STATE> 4
<MEAN> 39
 -4.033756e+00 1.926287e+00 -1.243884e+00 -2.148817e+00 8.086495e+00 -7.606289e-01 5.502880e+00 -3.253752e+00 4.503304e+00 -1.772048e+00 6.640164e+00 -6.816002e+00 7.359060e+01 1.086205e+00 1.262578e-01 -1.352368e+00 7.156055e-01 -5.775814e-01 8.892111e-01 8.323709e-01 -1.306077e+00 1.201319e-02 -2.308815e-01 4.291700e-01 -2.663200e+00 1.071979e+00 -1.308793e-01 -8.257718e-02 -6.821056e-02 -3.606310e-02 -3.017316e-01 -2.212495e-01 9.823211e-02 5.729560e-02 -2.638792e-01 3.951544e-02 -1.636467e-01 -4.770704e-02 -1.465888e-01
<VARIANCE> 39
 1.296246e+01 3.329915e+00 2.464145e+01 1.519491e+01 1.516851e+01 1.401048e+01 1.113129e+01 1.898809e+01 1.129882e+01 9.758103e+00 3.060287e+00 6.084266e+01 1.166748e+01 7.719086e-01 5.950035e-01 2.120507e+00 1.408739e+00 2.138451e+00 2.216120e+00 7.667224e-01 2.379400e+00 1.971485e+00 6.412928e-01 3.686583e-01 1.715280e+00 9.659393e-01 1.674382e-01 1.248395e-01 4.421428e-01 2.148447e-01 2.487127e-01 4.997039e-01 2.082257e-01 6.553398e-01 3.014448e-01 1.299159e-01 6.219543e-02 5.981745e-01 7.909594e-02
<GCONST> 8.731426e+01
<TRANSP> 5
 0.000000e+00 1.000000e+00 0.000000e+00 0.000000e+00 0.000000e+00
 0.000000e+00 6.250807e-01 3.749193e-01 0.000000e+00 0.000000e+00
 0.000000e+00 0.000000e+00 9.117582e-01 8.824173e-02 0.000000e+00
 0.000000e+00 0.000000e+00 0.000000e+00 8.000112e-01 1.999888e-01
 0.000000e+00 0.000000e+00 0.000000e+00 0.000000e+00 0.000000e+00
<ENDHMM>
