~o
<STREAMINFO> 1 39
<VECSIZE> 39<NULLD><MFCC_D_A_0><DIAGC>
~h "s"
<BEGINHMM>
<NUMSTATES> 5
<STATE> 2
<MEAN> 39
 -1.975334e+01 5.439673e+00 4.142250e+00 -5.918258e+00 1.558386e+01 -1.571440e+01 3.194908e+00 3.892862e+00 3.071337e+00 -3.418474e+00 -6.114712e-01 2.080925e+00 7.856142e+01 -6.403392e-01 -5.775976e-01 -6.078773e-01 -1.295755e-01 8.297975e-01 1.130827e-01 -3.334511e-01 6.102481e-01 1.932066e-01 7.088208e-01 7.069131e-01 -5.649833e-02 -4.164361e-01 6.634293e-01 -2.911755e-01 -1.463028e-01 3.657364e-01 -3.932104e-01 2.467020e-01 -1.177473e-02 -1.145608e-01 3.959002e-02 -6.739401e-02 9.428040e-02 -7.765039e-02 -2.369284e-01
<VARIANCE> 39
 2.008998e+01 2.117767e+01 2.444415e+01 3.059569e+01 1.710680e+01 6.307791e+00 1.717042e+01 1.141286e+01 1.059963e+01 1.277085e+01 1.471641e+01 1.207423e+01 1.526519e+01 5.456963e+00 3.332330e+00 1.829408e+00 2.299685e+00 2.057492e+00 1.112733e+00 9.558859e-01 1.159281e+00 9.943646e-01 1.396050e+00 1.332872e+00 1.604955e+00 9.473964e-01 2.367394e-01 4.874437e-01 3.572753e-01 3.690958e-01 6.166198e-01 1.903059e-01 1.435157e-01 2.862564e-01 2.286321e-01 3.087036e-01 3.047363e-01 3.743358e-01 1.199187e-01
<GCONST> 9.696012e+01
<STATE> 3
<MEAN> 39
 -1.470364e+01 -1.976669e+00 1.298756e+00 -3.695680e+00 1.878690e+01 -1.204719e+01 2.266981e-01 6.962149e+00 3.735855e+00 8.145027e-01 5.042364e+00 4.023734e+00 7.373628e+01 2.543633e+00 -1.110445e+00 -1.474839e+00 3.282646e-01 -1.959204e+00 1.292731e+00 4.043406e-01 -1.147620e+00 -6.675333e-01 -1.364048e-01 -4.361392e-01 2.374012e-01 -1.836605e+00 -2.005022e-01 7.583008e-01 2.647086e-01 -3.061863e-01 -1.162976e+00 2.957231e-01 3.550840e-01 -8.236228e-01 -2.448291e-01 -3.171915e-01 -7.678696e-01 -1.355196e-01 -5.353370e-02
<VARIANCE> 39
 1.110377e+01 2.044427e+00 2.395527e+00 7.820380e+00 5.537632e+00 8.267056e-01 2.068302e+00 2.010777e+00 5.461770e+00 9.063366e+00 3.094232e+01 1.070731e+01 7.978215e+00 1.283188e+00 2.404820e-01 3.108185e+00 1.908293e+00 8.224778e-01 1.780138e-01 5.628211e-01 7.868034e-01 2.683002e-02 9.288828e-01 4.188056e-01 8.315249e-01 1.292803e+00 1.142266e-01 4.673908e-02 9.185991e-02 2.988694e-02 2.074884e-01 2.978317e-01 6.307472e-02 9.044459e-02 5.184109e-01 3.543530e-03 1.760796e-01 4.100077e-01 1.393306e-01
<GCONST> 5.585695e+01
<STATE> 4
<MEAN> 39
 -1.398392e+01 -4.625150e+00 -2.873388e+00 -3.251859e+00 1.607505e+01 -1.336442e+01 5.061675e-01 3.632997e+00 3.945090e+00 1.482698e+00 4.062245e+00 1.890920e+00 7.244990e+01 2.113267e+00 -1.677403e-01 -5.638695e-01 5.258539e-01 -2.776871e+00 1.897173e+00 4.888349e-01 -1.586576e+00 -2.877990e-01 -3.188549e-01 -1.492159e+00 -1.443791e-01 -1.697273e+00 -4.370090e-01 7.515836e-01 6.412230e-01 -3.344278e-01 -5.417725e-01 2.943405e-01 2.423050e-01 -3.516880e-01 -4.021030e-02 1.248090e-02 -4.199457e-01 -1.630532e-01 1.868337e-01
<VARIANCE> 39
 6.632885e-01 8.071171e+00 5.438625e+00 3.056933e-01 3.598075e+01 9.010156e+00 3.594126e+00 1.932275e+00 9.647106e+00 8.282482e+00 2.716222e+01 1.278733e+01 6.269238e+00 2.084235e+00 3.761999e-01 1.809258e+00 2.144445e+00 7.500216e-01 1.042803e+00 1.275934e-01 1.714921e-01 2.047742e+00 1.254683e+00 3.382992e-01 2.614767e+00 1.794242e+00 2.225178e-02 6.142743e-02 2.605013e-01 8.897897e-02 2.939620e-01 5.051424e-02 1.691880e-01 3.609947e-03 2.602203e-01 9.075933e-02 1.679143e-01 1.875615e-01 7.803924e-02
<GCONST> 6.037501e+01
<TRANSP> 5
 0.000000e+00 1.000000e+00 0.000000e+00 0.000000e+00 0.000000e+00
 0.000000e+00 8.800000e-01 1.200000e-01 0.000000e+00 0.000000e+00
 0.000000e+00 0.000000e+00 0.000000e+00 1.000000e+00 0.000000e+00
 0.000000e+00 0.000000e+00 0.000000e+00 0.000000e+00 1.000000e+00
 0.000000e+00 0.000000e+00 0.000000e+00 0.000000e+00 0.000000e+00
<ENDHMM>
