~o
<STREAMINFO> 1 39
<VECSIZE> 39<NULLD><MFCC_D_A_0><DIAGC>
~h "sil"
<BEGINHMM>
<NUMSTATES> 5
<STATE> 2
<MEAN> 39
 -8.477901e+00 -1.551111e+00 -7.003021e-04 -4.058068e+00 5.421690e+00 -5.425283e+00 1.775906e+00 -3.830096e+00 2.170559e+00 -3.504303e-01 4.588199e+00 2.163703e+00 6.764455e+01 8.130872e-02 1.178154e-01 1.582475e-01 1.793955e-02 -1.057282e+00 -1.444597e+00 1.229479e-01 2.243605e-01 2.064134e-01 -1.789786e-01 -4.211416e-02 -3.978746e-02 7.358146e-01 1.272211e-01 -8.265045e-03 1.479491e-01 3.464580e-01 -2.575607e-01 -2.697477e-01 3.784051e-01 2.103863e-01 -1.969251e-02 -4.508830e-01 -2.716929e-01 -3.245755e-01 3.579810e-01
<VARIANCE> 39
 9.628610e-01 8.063828e+00 5.688505e+00 6.137601e+00 8.214131e+00 2.710403e+01 1.399691e+01 8.871841e+00 1.684538e+01 1.134777e+01 4.490228e+00 1.054065e+01 4.146552e+00 4.151961e-01 4.420057e-01 1.076089e+00 8.478387e-01 2.179330e+00 3.765250e+00 2.210307e+00 1.403799e+00 1.793561e+00 2.727218e+00 1.021582e+00 3.369632e+00 2.306990e+00 4.616407e-02 5.794557e-02 1.217585e-01 1.602840e-01 4.546445e-01 4.029346e-01 1.955097e-01 1.580094e-01 1.840539e-01 2.108112e-01 2.216083e-01 6.176080e-01 1.796152e-01
<GCONST> 8.115916e+01
<STATE> 3
<MEAN> 39
 -7.460679e+00 -1.541117e+00 3.009586e+00 -5.352260e+00 4.364599e+00 -3.558598e+00 2.670790e+00 -1.792889e+00 -5.323915e-01 -3.403031e-01 1.373544e+00 1.307850e+00 6.766296e+01 1.271694e-01 -3.641083e-02 -3.238921e-02 2.517610e-01 -2.849057e-01 1.345871e-01 3.013811e-01 -1.874800e-01 2.604192e-01 -6.051056e-01 -1.732012e-01 -1.946813e-01 8.803362e-02 -3.171860e-02 7.311914e-03 -6.406123e-02 5.254833e-02 3.990064e-02 2.016140e-02 -1.406876e-01 -1.380300e-02 -6.295431e-02 1.483751e-02 6.592329e-02 6.382949e-02 -7.074535e-02
<VARIANCE> 39
 7.809615e-01 4.533040e+00 7.286438e+00 1.444657e+01 1.446195e+01 4.787754e+01 1.294763e+01 2.538112e+01 3.076831e+01 1.994739e+01 2.152865e+01 1.959405e+01 1.162682e+01 1.824950e-01 3.172979e-01 7.573873e-01 2.117694e+00 1.766007e+00 3.966743e+00 1.513869e+00 1.134727e+00 1.166007e+00 1.613110e+00 2.600128e+00 2.888181e+00 9.457309e-01 1.696420e-02 4.943908e-02 2.180742e-01 3.091094e-01 1.977336e-01 6.561676e-01 1.954852e-01 1.671348e-01 2.628539e-01 2.971187e-01 6.179694e-01 7.707680e-01 5.756876e-02
<GCONST> 8.616352e+01
<STATE> 4
<MEAN> 39
 -8.433334e+00 -1.669694e+00 4.221915e-01 -3.834733e+00 4.030089e+00 -4.127565e+00 2.055959e+00 -2.631216e+00 1.701582e+00 -1.058876e+00 3.008263e+00 8.177057e-01 6.734009e+01 -3.616132e-02 1.946712e-04 -6.979635e-02 6.768092e-02 -7.598837e-02 -1.138577e-01 3.666305e-02 5.891695e-02 4.067082e-02 -7.497888e-02 -2.831966e-02 -1.023073e-02 8.365530e-02 7.989027e-03 1.392460e-02 -9.410531e-04 -1.104426e-02 -3.842931e-03 9.745282e-03 1.141986e-03 -3.212265e-05 -5.223454e-03 -3.185022e-03 9.178486e-03 1.629906e-02 1.147633e-02
<VARIANCE> 39
 4.015230e+00 4.498650e+00 7.441681e+00 7.555171e+00 1.046175e+01 1.219429e+01 2.164923e+01 1.602417e+01 1.658198e+01 1.416616e+01 1.366297e+01 1.237374e+01 5.508253e+00 3.973350e-01 4.281155e-01 6.271991e-01 7.236397e-01 1.088464e+00 1.109500e+00 1.716398e+00 1.791211e+00 1.650098e+00 1.450449e+00 1.805919e+00 1.231416e+00 2.863060e-01 8.205783e-02 9.245236e-02 1.246869e-01 1.410637e-01 2.169887e-01 2.370248e-01 3.453781e-01 3.634226e-01 3.280080e-01 2.869104e-01 4.018060e-01 2.444186e-01 5.699183e-02
<GCONST> 7.925211e+01
<TRANSP> 5
 0.000000e+00 1.000000e+00 0.000000e+00 0.000000e+00 0.000000e+00
 0.000000e+00 5.631729e-01 4.368272e-01 0.000000e+00 0.000000e+00
 0.000000e+00 0.000000e+00 7.596688e-01 2.403312e-01 0.000000e+00
 0.000000e+00 0.000000e+00 0.000000e+00 9.718720e-01 2.812803e-02
 0.000000e+00 0.000000e+00 0.000000e+00 0.000000e+00 0.000000e+00
<ENDHMM>
