~o
<STREAMINFO> 1 39
<VECSIZE> 39<NULLD><MFCC_D_A_0><DIAGC>
~h "d"
<BEGINHMM>
<NUMSTATES> 5
<STATE> 2
<MEAN> 39
 -4.162359e+00 -9.648606e+00 -1.425630e+01 -1.227649e+01 -1.548338e+01 -1.574778e+01 -1.237506e+01 -1.067829e+01 -8.030384e+00 6.379822e+00 5.933775e+00 4.246193e+00 3.937981e+01 5.582868e-01 1.953543e-01 -2.826215e-01 3.957033e-03 1.075689e-01 3.235372e-01 -4.413440e-01 -1.038155e+00 -1.572578e-01 6.551271e-01 3.934211e-01 -4.052894e-01 1.631101e-01 -1.155150e-01 1.847915e-02 -1.494837e-01 -1.075129e-01 8.692040e-02 1.733379e-01 1.365464e-01 5.415414e-02 1.191809e-02 -2.596273e-02 1.612901e-01 6.720065e-02 -8.363895e-02
<VARIANCE> 39
 1.683437e+01 2.007414e+01 1.298365e+01 1.306821e+01 1.224358e+01 1.598201e+01 2.599041e+01 4.298354e+01 2.567090e+01 4.051717e+01 2.927050e+01 2.295712e+01 1.741908e+01 2.366532e+00 3.426289e+00 1.036730e+00 1.573500e+00 1.909165e+00 2.377432e+00 4.094956e+00 2.663181e+00 2.531770e+00 5.376158e+00 4.450894e+00 2.236918e+00 2.164078e+00 4.163990e-01 7.152954e-01 2.532226e-01 2.846380e-01 4.309486e-01 4.734966e-01 6.813911e-01 4.441633e-01 5.560206e-01 9.552096e-01 5.863254e-01 4.313427e-01 4.275354e-01
<GCONST> 1.139262e+02
<STATE> 3
<MEAN> 39
 6.477386e-01 -1.470676e+01 -2.214573e+01 -2.135428e+01 -9.083941e+00 -9.881663e+00 -9.656564e+00 -3.735915e-01 -6.458587e+00 1.284505e+01 1.078850e+01 -2.381275e+00 4.518634e+01 -4.385923e-01 -2.929724e-02 -1.063663e-01 -1.037837e-01 1.843205e-01 4.435876e-03 5.250128e-03 6.988417e-01 5.512869e-01 -2.847748e-01 -4.772339e-01 -1.264937e-01 -2.999423e-01 -7.129604e-02 -7.351734e-03 6.964002e-02 8.444769e-02 -3.984451e-02 -7.947221e-02 1.508546e-02 1.642242e-02 3.747715e-02 -1.033018e-02 -7.934224e-02 3.498538e-03 -3.245633e-02
<VARIANCE> 39
 2.787739e+01 3.284594e+01 1.073282e+01 1.726522e+01 1.728086e+01 1.986054e+01 1.319405e+01 1.154918e+02 4.449814e+01 6.027339e+01 1.067684e+02 3.518349e+01 3.676413e+01 8.141239e-01 1.712582e+00 1.367096e+00 1.586716e+00 1.470326e+00 1.738469e+00 1.165015e+00 3.377304e+00 2.388691e+00 3.236715e+00 3.683206e+00 2.363442e+00 1.518085e+00 6.768414e-02 1.692968e-01 2.174051e-01 1.482747e-01 2.351200e-01 2.612907e-01 2.717981e-01 3.003656e-01 4.410993e-01 4.630399e-01 4.351067e-01 3.451234e-01 8.542163e-02
<GCONST> 1.055144e+02
<STATE> 4
<MEAN> 39
 -1.376656e+01 -9.398529e+00 -1.829744e+01 -1.546808e+01 -1.103715e+01 -1.162330e+01 -8.491749e+00 -6.150791e-01 -4.085933e-01 3.484837e+00 4.172388e+00 3.022241e+00 3.162292e+01 -1.295444e-01 7.516347e-02 3.016152e-02 1.009941e-01 -2.008339e-02 1.154812e-01 2.201814e-01 -9.291657e-02 -2.136943e-01 5.235226e-02 1.900375e-01 2.424916e-01 -2.416408e-02 2.575711e-02 5.540273e-03 -7.545006e-02 1.281762e-02 2.231825e-03 1.261189e-02 3.276697e-02 -2.128712e-02 -3.785856e-02 -3.669500e-02 -1.681659e-02 -2.460820e-02 4.584969e-02
<VARIANCE> 39
 3.872688e+00 2.956542e+00 4.992599e+00 5.698007e+00 6.913658e+00 8.842711e+00 7.394174e+00 1.252755e+01 1.298602e+01 1.335876e+01 1.369167e+01 1.294256e+01 2.003780e+00 2.084677e-01 2.661978e-01 5.285315e-01 7.997050e-01 7.326796e-01 1.096063e+00 9.372944e-01 1.070301e+00 1.319620e+00 1.487864e+00 1.566718e+00 1.125805e+00 1.054785e-01 4.092319e-02 5.921714e-02 1.077510e-01 1.717672e-01 1.740284e-01 1.822741e-01 1.828901e-01 2.392184e-01 2.696329e-01 3.353197e-01 3.374393e-01 2.203326e-01 1.585437e-02
<GCONST> 6.641866e+01
<TRANSP> 5
 0.000000e+00 1.000000e+00 0.000000e+00 0.000000e+00 0.000000e+00
 0.000000e+00 8.455715e-01 1.544286e-01 0.000000e+00 0.000000e+00
 0.000000e+00 0.000000e+00 9.098637e-01 9.013632e-02 0.000000e+00
 0.000000e+00 0.000000e+00 0.000000e+00 9.170632e-01 8.293677e-02
 0.000000e+00 0.000000e+00 0.000000e+00 0.000000e+00 0.000000e+00
<ENDHMM>
~h "s"
<BEGINHMM>
<NUMSTATES> 5
<STATE> 2
<MEAN> 39
 -1.170374e+01 -1.093966e+01 -1.781779e+01 -1.450757e+01 -1.271360e+01 -1.441324e+01 -7.339767e+00 2.282372e+00 -1.391430e+00 4.483936e+00 4.235517e+00 3.882667e+00 3.403698e+01 2.004610e-02 3.185350e-01 -5.102144e-01 7.814329e-01 -1.627184e-01 -2.831069e-01 2.223021e-01 4.734579e-02 -2.107601e-01 -7.535858e-01 1.055563e-01 -1.920012e-01 4.466250e-02 -3.722841e-01 1.357220e-02 -2.060169e-01 2.492045e-01 -1.216589e-02 2.104140e-01 1.432289e-01 -4.140168e-01 -2.728437e-01 -3.592457e-01 4.023294e-02 -3.760347e-02 1.963333e-01
<VARIANCE> 39
 2.080631e+01 4.915920e+00 1.147075e+01 2.054272e+00 7.262724e+00 2.405972e+01 1.324977e+01 9.154737e+00 1.414763e+01 3.564884e+01 2.224121e+01 3.002972e+01 2.595434e+01 3.599440e-01 3.144898e-01 4.419567e-01 4.495225e-01 8.418396e-01 1.038687e+00 3.269033e+00 3.446419e+00 2.502082e+00 4.834027e-01 1.043945e+00 1.158442e+00 2.687712e-01 1.282582e-01 1.050422e-01 2.299853e-01 6.673273e-01 1.658123e-01 7.792501e-01 4.242912e-01 1.569362e-01 2.237430e-01 7.515168e-01 2.099901e-01 5.566729e-01 1.408893e-01
<GCONST> 8.614319e+01
<STATE> 3
<MEAN> 39
 -1.156940e+01 -9.076545e+00 -1.835160e+01 -1.524868e+01 -1.194750e+01 -1.559803e+01 -7.978086e+00 -6.625594e-01 -2.536807e+00 1.656590e+00 5.372680e+00 5.387839e+00 3.422872e+01 -4.624394e-01 4.210337e-01 -7.601841e-01 1.033558e+00 -6.215399e-01 -1.650925e-01 2.637936e-01 -7.949005e-01 -8.254044e-01 -8.074673e-01 6.874968e-01 -4.114265e-01 3.018213e-01 -3.203401e-01 1.598876e-02 -1.397015e-02 2.867078e-01 -1.587667e-01 3.129891e-01 2.854050e-01 -2.032393e-01 -1.860561e-01 9.941071e-02 5.744365e-02 -1.361954e-01 8.091418e-02
<VARIANCE> 39
 1.989998e+01 4.704123e+00 1.083528e+01 2.779179e+00 2.321239e+00 2.120177e+01 1.895562e+01 1.412733e+01 9.058600e+00 4.508763e+01 1.101432e+01 1.498918e+01 2.560473e+01 5.619067e-01 6.195078e-01 6.061121e-01 2.525721e+00 8.405477e-01 1.196462e+00 3.176213e+00 1.089240e+00 2.915038e+00 1.323302e+00 4.391046e-01 2.208446e+00 4.381394e-01 7.372778e-02 1.401379e-01 9.273985e-02 6.780416e-01 1.808243e-01 6.727951e-01 2.304305e-01 2.193192e-01 3.464852e-01 4.305032e-01 2.410327e-01 3.517267e-01 1.736416e-01
<GCONST> 8.602905e+01
<STATE> 4
<MEAN> 39
 -1.291055e+01 -8.832018e+00 -1.946971e+01 -1.314510e+01 -1.338800e+01 -1.502918e+01 -6.729161e+00 -1.444934e+00 -3.366905e+00 1.177102e+00 4.962475e+00 4.379604e+00 3.475394e+01 -6.205525e-01 5.123650e-01 -5.897971e-01 9.658130e-01 -5.259875e-01 6.536816e-01 1.065395e+00 -1.066099e+00 -8.910315e-01 -4.042361e-01 5.421152e-01 -4.884282e-01 2.722817e-01 -1.207597e-01 -1.502125e-02 2.755481e-01 1.550887e-01 -3.099103e-02 8.615436e-02 6.363269e-03 1.264748e-02 1.255676e-01 5.048723e-01 9.803002e-02 -9.337443e-03 -5.201815e-02
<VARIANCE> 39
 2.777436e+01 1.211998e+01 9.831903e+00 8.843675e+00 7.584794e+00 3.097226e+01 3.513264e+01 2.826050e+01 1.774666e+01 1.540714e+01 1.134222e+01 1.938202e+01 2.267462e+01 6.746194e-01 1.042915e+00 5.830700e-01 5.836625e+00 9.116982e-01 1.771242e+00 1.954608e+00 1.689528e+00 3.344251e+00 2.548625e+00 1.154663e+00 3.296174e+00 1.180885e+00 3.888486e-02 2.548633e-01 9.096759e-02 1.835484e-01 1.068506e-01 1.840687e-01 1.283969e-01 4.398774e-01 6.996210e-01 1.207706e-01 1.568906e-01 2.278430e-01 8.725576e-02
<GCONST> 9.088848e+01
<TRANSP> 5
 0.000000e+00 1.000000e+00 0.000000e+00 0.000000e+00 0.000000e+00
 0.000000e+00 1.152160e-01 8.847840e-01 0.000000e+00 0.000000e+00
 0.000000e+00 0.000000e+00 5.226636e-07 9.999995e-01 0.000000e+00
 0.000000e+00 0.000000e+00 0.000000e+00 1.649027e-03 9.983510e-01
 0.000000e+00 0.000000e+00 0.000000e+00 0.000000e+00 0.000000e+00
<ENDHMM>
~h "t"
<BEGINHMM>
<NUMSTATES> 5
<STATE> 2
<MEAN> 39
 -1.156254e+01 -8.450538e+00 -1.695778e+01 -1.457520e+01 -1.297980e+01 -1.662848e+01 -1.343561e+01 4.009806e-01 1.446782e+00 4.914695e+00 5.831515e+00 3.828257e+00 3.275168e+01 -7.062108e-01 3.256818e-01 3.973192e-01 -1.781129e-01 -4.158350e-01 -6.073535e-01 1.933734e-01 5.688648e-02 -1.042110e+00 -4.230140e-01 5.639594e-01 3.524902e-01 -5.256104e-01 2.433539e-01 -3.280423e-01 -2.478955e-01 -8.225413e-02 6.905887e-02 2.828669e-01 3.257970e-01 -2.840712e-01 -1.487654e-01 7.028195e-02 -6.164273e-02 -1.185608e-01 3.343274e-01
<VARIANCE> 39
 5.173663e+00 7.927330e+00 1.064030e+01 1.280996e+01 1.273480e+00 7.547633e+00 1.331137e+01 6.319263e+00 1.064393e+01 1.025695e+01 5.430356e+00 4.612779e+00 1.727237e+00 3.780624e-01 1.678317e-01 3.359058e-01 6.546472e-01 1.059332e+00 1.240783e+00 2.644985e+00 1.507062e+00 1.839864e+00 2.133962e+00 1.032683e+00 1.880126e+00 1.618961e-01 6.292482e-02 2.379483e-01 1.412743e-01 1.755333e-01 8.960069e-02 1.904966e-01 6.447415e-01 2.208823e-01 6.721227e-01 2.878261e-01 1.547769e-01 2.375229e-01 1.322265e-01
<GCONST> 7.216874e+01
<STATE> 3
<MEAN> 39
 -1.253615e+01 -8.458655e+00 -1.709325e+01 -1.569637e+01 -1.323546e+01 -1.484630e+01 -9.250175e+00 1.182022e-01 3.287252e-01 3.687514e+00 4.205836e+00 2.597966e+00 3.235316e+01 -2.857057e-01 1.564970e-01 7.189656e-02 -9.879630e-02 1.321750e-02 1.401196e-01 6.871310e-01 -1.336028e-01 -6.052556e-01 2.235529e-03 6.912946e-01 1.653772e-01 -2.645738e-01 3.258260e-01 -6.193741e-01 -4.179932e-01 2.265618e-02 -3.242628e-02 2.784720e-01 4.877604e-01 -1.288014e-01 -1.939168e-01 2.532285e-02 8.551887e-02 3.724133e-02 4.789229e-01
<VARIANCE> 39
 3.264365e+00 6.870944e+00 3.547572e+00 3.477801e+00 7.541426e+00 1.569816e+01 1.531294e+01 7.097708e+00 1.034043e+01 9.360447e+00 6.015168e+00 4.899651e+00 8.976500e-01 9.789146e-02 1.070172e-01 5.385954e-01 6.788858e-01 6.370081e-01 6.435558e-01 2.479163e+00 9.665731e-01 1.373976e+00 1.990025e+00 7.277220e-01 4.241908e-01 4.102441e-02 1.086070e-01 2.660734e-01 4.580661e-02 1.316407e-01 5.814059e-02 3.121682e-01 4.114096e-01 2.141365e-01 3.681489e-01 1.125205e-01 7.404148e-02 1.147896e-01 1.672177e-01
<GCONST> 6.083143e+01
<STATE> 4
<MEAN> 39
 -1.267540e+01 -8.881104e+00 -1.749187e+01 -1.631939e+01 -1.336272e+01 -1.480329e+01 -9.718543e+00 2.060052e-01 -1.051293e+00 3.235711e+00 4.966453e+00 4.133518e+00 3.218475e+01 1.306211e-01 -1.192347e+00 -1.004892e+00 -3.676167e-01 -6.568515e-01 6.010526e-01 1.878942e+00 -4.304254e-01 -1.023967e+00 -1.778658e-01 5.531532e-01 3.018912e-01 6.054636e-01 2.887867e-01 -4.235623e-01 -2.062390e-01 1.386847e-01 -3.868200e-02 2.082830e-01 2.872086e-01 -1.413106e-01 -1.147870e-01 -3.589346e-02 2.733084e-03 1.496769e-01 4.125565e-01
<VARIANCE> 39
 3.556859e+00 5.751267e+00 4.790045e+00 2.739258e+00 7.559121e+00 1.519003e+01 2.429759e+01 8.226320e+00 1.673611e+01 8.136575e+00 1.377875e+01 5.726200e+00 1.341351e+00 3.958304e-01 1.795838e+00 1.112751e+00 1.070729e+00 8.264263e-01 1.128984e+00 1.257119e+00 1.159372e+00 4.802573e+00 6.285977e-01 2.270892e+00 6.552858e-01 4.261079e-01 1.025297e-01 1.093678e-01 2.494019e-02 1.770763e-01 6.703738e-02 2.118901e-01 5.054010e-01 2.620249e-01 2.953871e-01 1.375031e-01 2.195036e-01 1.669070e-01 1.408609e-01
<GCONST> 7.301791e+01
<TRANSP> 5
 0.000000e+00 1.000000e+00 0.000000e+00 0.000000e+00 0.000000e+00
 0.000000e+00 1.619710e-10 1.000000e+00 0.000000e+00 0.000000e+00
 0.000000e+00 0.000000e+00 1.111091e-01 8.888909e-01 0.000000e+00
 0.000000e+00 0.000000e+00 0.000000e+00 2.956095e-09 1.000000e+00
 0.000000e+00 0.000000e+00 0.000000e+00 0.000000e+00 0.000000e+00
<ENDHMM>
~h "#N"
<BEGINHMM>
<NUMSTATES> 5
<STATE> 2
<MEAN> 39
 -1.043611e+01 -1.048380e+01 -1.790405e+01 -1.457664e+01 -1.188113e+01 -1.447737e+01 -8.861897e+00 -4.968315e-01 -2.606780e+00 5.356434e+00 3.499501e+00 4.397847e+00 3.724471e+01 1.960201e-01 5.069769e-02 4.190232e-02 4.202235e-03 -8.796929e-02 -7.527245e-02 -1.450074e-01 -1.553768e-01 -3.788776e-02 1.595713e-01 1.349767e-01 -2.672105e-02 2.703947e-02 -1.336547e-02 -7.368486e-04 -2.694950e-02 -6.228262e-03 3.302664e-02 4.607833e-02 5.847066e-03 -4.399249e-02 -1.666789e-02 8.023531e-03 2.396682e-02 1.048475e-02 1.436545e-02
<VARIANCE> 39
 3.645399e+01 1.881132e+01 3.310826e+01 2.393451e+01 2.553228e+01 3.334710e+01 3.487761e+01 2.407298e+01 4.661258e+01 3.538915e+01 2.492765e+01 1.789520e+01 4.031347e+01 2.092447e+00 2.149759e+00 1.828382e+00 1.736872e+00 1.757624e+00 2.960917e+00 3.864945e+00 2.227091e+00 3.691741e+00 3.215366e+00 2.178579e+00 1.529139e+00 1.673095e+00 3.097071e-01 4.152983e-01 3.150195e-01 2.947381e-01 3.489500e-01 5.454534e-01 6.893540e-01 3.867579e-01 6.367696e-01 5.882021e-01 3.936495e-01 2.760304e-01 2.227928e-01
<GCONST> 1.141099e+02
<STATE> 3
<MEAN> 39
 -6.521792e+00 -1.182524e+01 -1.946216e+01 -1.685916e+01 -1.053029e+01 -1.201240e+01 -9.636803e+00 -1.999479e+00 -3.086173e+00 8.469634e+00 6.217032e+00 1.320955e+00 3.999133e+01 -5.378540e-02 7.398663e-04 -1.767985e-02 -1.161101e-02 3.034203e-02 2.815126e-02 2.249517e-02 4.117033e-02 2.937924e-02 -3.016056e-02 -3.415798e-02 -8.141414e-03 -4.199302e-02 -6.580452e-03 -3.972627e-03 7.974311e-03 5.061305e-03 -1.135848e-02 -7.936628e-03 7.167092e-03 1.135112e-02 1.884258e-04 -1.201620e-02 -5.047269e-03 4.345046e-04 -2.584873e-03
<VARIANCE> 39
 6.489326e+01 3.093064e+01 1.669139e+01 4.595042e+01 2.352883e+01 2.438042e+01 3.321505e+01 6.128296e+01 5.675420e+01 5.567962e+01 6.954723e+01 3.569787e+01 5.309903e+01 2.091063e+00 1.950237e+00 1.169021e+00 2.445826e+00 1.541772e+00 1.893907e+00 2.789065e+00 2.879943e+00 2.709300e+00 3.446968e+00 3.486041e+00 2.474984e+00 1.774609e+00 2.680708e-01 2.962455e-01 2.097115e-01 3.443449e-01 2.724971e-01 3.304248e-01 4.973924e-01 4.053237e-01 4.188437e-01 5.918471e-01 4.524629e-01 4.331131e-01 1.847390e-01
<GCONST> 1.164327e+02
<STATE> 4
<MEAN> 39
 -1.436733e+01 -9.041486e+00 -1.744987e+01 -1.560158e+01 -1.133134e+01 -1.099795e+01 -7.524273e+00 -7.357040e-01 -1.749514e+00 2.698377e+00 5.270802e+00 4.241361e+00 3.100980e+01 -1.318806e-02 2.526201e-02 3.194538e-02 4.274842e-03 -2.256932e-02 -1.107732e-03 5.822364e-03 8.701997e-03 -5.838603e-03 -3.279136e-02 -3.286001e-02 7.733942e-04 -1.526679e-02 2.915909e-03 -2.053950e-03 -2.497789e-03 5.106772e-03 1.227304e-02 5.070295e-03 -8.777522e-03 -8.504449e-03 -3.656179e-03 -8.490623e-03 -1.277753e-02 -9.287219e-03 4.087633e-03
<VARIANCE> 39
 8.049849e-01 2.078547e+00 3.696242e+00 3.728321e+00 5.584588e+00 7.404858e+00 8.546940e+00 1.049586e+01 1.140422e+01 9.683854e+00 1.035844e+01 9.575719e+00 4.860256e-01 6.972281e-02 2.262041e-01 4.026954e-01 4.000759e-01 4.874853e-01 6.547304e-01 8.876938e-01 9.524125e-01 1.196831e+00 9.561673e-01 9.965861e-01 1.000142e+00 4.856278e-02 1.428451e-02 4.737204e-02 8.547574e-02 8.431854e-02 9.483525e-02 1.312327e-01 1.711901e-01 1.718131e-01 2.489380e-01 1.980594e-01 1.876516e-01 1.904195e-01 1.064631e-02
<GCONST> 5.040776e+01
<TRANSP> 5
 0.000000e+00 1.000000e+00 0.000000e+00 0.000000e+00 0.000000e+00
 0.000000e+00 9.866667e-01 1.333333e-02 0.000000e+00 0.000000e+00
 0.000000e+00 0.000000e+00 9.958506e-01 4.149377e-03 0.000000e+00
 0.000000e+00 0.000000e+00 0.000000e+00 9.910448e-01 8.955222e-03
 0.000000e+00 0.000000e+00 0.000000e+00 0.000000e+00 0.000000e+00
<ENDHMM>
~h "ah"
<BEGINHMM>
<NUMSTATES> 5
<STATE> 2
<NUMMIXES> 3
<MIXTURE> 1 2.131789e-01
<MEAN> 39
 -1.662598e+01 -4.735202e+00 -1.860736e+01 -8.780701e+00 -8.750435e+00 -1.503891e+01 -1.699440e+00 -3.780461e+00 -5.740626e+00 5.437253e+00 6.400524e+00 3.033960e+00 3.885949e+01 4.016289e+00 3.662541e-02 1.172333e-01 -2.552084e+00 1.819726e+00 -2.851871e-01 -2.204863e+00 1.601539e+00 2.193797e+00 2.018631e+00 -7.961212e-01 9.693368e-01 1.480067e+00 6.487488e-01 -7.353451e-01 -4.140831e-01 -7.169317e-01 1.262166e-01 -1.429723e-01 -5.924383e-01 4.524084e-01 3.153684e-01 9.250025e-01 -4.680157e-01 2.257658e-01 6.382419e-01
<VARIANCE> 39
 4.487538e+01 1.854126e+01 1.156201e+01 2.558066e+01 4.028807e+01 3.696242e+01 1.893740e+01 3.050040e+01 8.255327e+01 2.469869e+01 1.908160e+01 1.218445e+01 5.543915e+00 7.279100e+00 1.991359e+00 1.155740e+00 3.144161e+00 1.991972e+00 2.649650e+00 6.010534e+00 3.771763e+00 1.715815e+00 4.140439e+00 2.566458e+00 1.729908e+00 2.107722e+00 1.001912e+00 4.171741e-01 9.807564e-02 2.849706e-01 5.235884e-01 4.497159e-01 6.680272e-01 7.294226e-01 5.133818e-01 3.714376e-01 2.891217e-01 2.035023e-01 2.350562e-01
<GCONST> 1.129300e+02
<MIXTURE> 2 4.989971e-01
<MEAN> 39
 -1.917637e+01 -7.264742e+00 -2.214550e+01 -5.405203e+00 -1.400350e+01 -1.372683e+01 -2.303004e+00 -4.731424e+00 -6.300658e+00 4.317135e+00 7.513296e+00 1.222305e+00 3.636113e+01 -4.283811e-01 -1.016264e-01 -1.941379e-01 7.232761e-01 -1.487831e-01 -2.084208e-01 5.474868e-01 -2.862372e-01 -7.159520e-01 1.266220e-01 1.357292e-02 -3.866765e-01 5.651736e-01 3.121228e-01 -1.981325e-02 2.462167e-01 -4.144891e-01 3.845966e-02 -7.901760e-02 -2.671761e-01 2.807176e-01 2.883617e-01 -1.760097e-02 -1.386884e-01 1.677081e-01 -7.669196e-02
<VARIANCE> 39
 1.638247e+01 8.517879e+00 1.051366e+01 6.616253e+01 2.005246e+01 1.501666e+01 2.952127e+01 2.129748e+01 3.153275e+01 1.568284e+01 1.595093e+01 1.311978e+01 6.982715e+00 9.420213e-01 1.041964e+00 1.074828e+00 5.187001e+00 1.296338e+00 1.470964e+00 1.572845e+00 2.851273e+00 4.924079e+00 2.806322e+00 1.457669e+00 1.480568e+00 5.419059e-01 2.681527e-01 1.762622e-01 1.805928e-01 7.294361e-01 3.178541e-01 2.651082e-01 3.387183e-01 4.178795e-01 5.763599e-01 5.222272e-01 2.058191e-01 3.092093e-01 5.838848e-02
<GCONST> 9.912696e+01
<MIXTURE> 3 2.878242e-01
<MEAN> 39
 -1.349183e+01 -7.761359e+00 -2.227958e+01 -1.095735e+01 -1.140269e+01 -1.549609e+01 -4.327913e+00 -3.860015e+00 -4.950234e+00 7.424129e+00 6.754313e+00 2.743676e+00 3.973883e+01 2.143263e+00 -6.257187e-01 -4.686991e-02 -2.217625e+00 6.552452e-01 -2.020542e-01 -1.419113e+00 7.050216e-01 1.550237e+00 1.500976e+00 -5.407509e-01 3.192423e-01 1.104143e+00 3.447707e-01 -2.388563e-01 1.221901e-01 -2.432875e-01 3.758205e-03 -1.357693e-02 -3.042925e-01 1.162937e-01 2.368541e-01 3.755542e-01 -3.109382e-01 -9.539482e-02 2.740715e-01
<VARIANCE> 39
 1.055675e+02 8.501110e+00 1.278487e+01 6.605170e+01 3.062676e+01 3.786053e+01 4.177883e+01 3.051915e+01 5.890764e+01 4.180833e+01 3.140654e+01 2.131630e+01 1.485801e+01 7.182601e+00 2.589961e+00 1.013641e+00 5.449743e+00 1.502748e+00 1.378403e+00 4.081256e+00 2.356756e+00 2.478211e+00 6.100462e+00 3.044004e+00 2.229918e+00 3.149319e+00 1.264095e+00 4.085325e-01 1.761222e-01 6.612248e-01 3.767492e-01 2.946321e-01 7.046034e-01 6.078113e-01 4.396240e-01 9.392813e-01 2.374879e-01 4.711432e-01 2.656519e-01
<GCONST> 1.195811e+02
<STATE> 3
<NUMMIXES> 3
<MIXTURE> 1 2.802736e-01
<MEAN> 39
 1.556453e+00 -1.600879e+01 -2.124942e+01 -2.414298e+01 -6.963377e+00 -1.443249e+01 -1.250109e+01 3.582948e+00 2.994831e+00 1.783741e+01 2.005839e+00 3.297519e+00 5.048416e+01 6.102036e-01 -1.954792e+00 6.244844e-01 -8.254325e-01 5.254852e-01 5.692981e-01 -1.864537e-01 1.299595e+00 1.075195e+00 8.380741e-01 -1.402811e+00 -6.877869e-01 1.235894e+00 -8.258706e-01 4.270118e-01 2.347344e-01 8.496388e-01 -1.223669e-01 2.540908e-01 4.812330e-01 -4.098155e-01 -2.465041e-01 -7.383276e-01 2.734009e-01 -1.734362e-01 -6.418478e-01
<VARIANCE> 39
 7.239231e+00 1.473372e+01 7.647576e+00 8.040294e+00 1.260191e+01 3.201091e+01 1.628693e+01 2.407174e+01 4.572450e+01 7.989652e+00 1.008470e+02 4.594806e+01 5.445707e+00 1.242967e+00 2.369318e+00 8.011227e-01 3.703455e+00 1.114478e+00 1.751327e+00 1.842536e+00 2.445139e+00 1.167606e+00 2.664408e+00 2.704053e+00 2.346689e+00 1.581485e+00 5.667876e-01 2.297231e-01 1.099675e-01 4.187826e-01 2.009595e-01 3.158510e-01 6.973545e-01 3.885006e-01 2.991146e-01 4.028618e-01 5.615279e-01 5.968927e-01 1.047468e-01
<GCONST> 1.016113e+02
<MIXTURE> 2 4.386671e-01
<MEAN> 39
 -3.096009e+00 -1.228965e+01 -1.880769e+01 -1.887676e+01 -8.794209e+00 -1.358107e+01 -1.660695e+01 5.758163e-01 8.075177e+00 1.151317e+01 -1.442120e+00 2.164675e+00 4.285922e+01 -1.073818e+00 1.127586e+00 8.100779e-02 5.573913e-01 -5.748602e-01 -1.782030e-01 -4.301007e-01 -3.918407e-01 7.796431e-01 -8.353200e-01 1.058724e-01 -5.142230e-01 -1.820802e+00 -2.266835e-01 -1.183471e-01 -9.333616e-02 -8.604937e-02 -8.242638e-02 -6.468983e-02 3.941143e-01 1.824068e-01 -3.007757e-01 -1.893353e-02 2.219184e-01 -2.559121e-02 -1.035499e-01
<VARIANCE> 39
 1.963743e+01 2.236008e+01 1.172808e+01 1.967774e+01 1.947136e+01 1.927008e+01 4.754538e+01 2.372571e+01 3.986979e+01 3.430998e+01 1.694003e+01 2.989239e+01 3.665641e+01 1.062782e+00 1.250666e+00 8.632770e-01 1.279114e+00 1.596850e+00 8.513423e-01 4.184018e+00 2.917171e+00 1.842299e+00 2.225219e+00 2.255442e+00 3.018299e+00 1.352494e+00 8.814516e-02 3.590867e-01 1.693584e-01 3.301309e-01 4.027783e-01 2.579101e-01 7.470092e-01 5.953832e-01 4.448793e-01 4.035600e-01 4.545970e-01 7.432253e-01 1.530014e-01
<GCONST> 1.059411e+02
<MIXTURE> 3 2.810589e-01
<MEAN> 39
 -8.231525e-02 -1.720580e+01 -1.968277e+01 -2.227530e+01 -7.006398e+00 -1.316451e+01 -1.319092e+01 3.767830e+00 4.618602e+00 1.500057e+01 -7.830618e-01 1.710660e+00 4.901672e+01 -3.322355e-01 5.337797e-01 3.614514e-01 7.950615e-01 -2.424076e-01 2.258231e-02 -7.101690e-01 -2.178581e-01 5.264353e-01 -4.143111e-01 6.045499e-02 1.766507e-01 -6.947760e-01 -1.986458e-01 4.010373e-01 -1.680396e-02 2.012285e-01 -1.376099e-01 -8.643391e-02 -1.174155e-01 -2.044875e-01 3.672431e-02 -2.200584e-01 1.812371e-01 3.649164e-02 -4.059918e-01
<VARIANCE> 39
 1.082512e+01 2.612617e+01 6.865235e+00 1.501056e+01 1.423803e+01 1.810946e+01 3.030689e+01 1.868518e+01 3.409658e+01 2.611165e+01 3.008357e+01 3.833656e+01 2.731316e+01 1.118104e+00 2.484023e+00 5.812020e-01 1.205959e+00 9.431408e-01 1.464227e+00 2.098396e+00 1.914158e+00 1.406436e+00 1.355067e+00 2.314900e+00 2.891948e+00 1.557965e+00 1.306452e-01 3.299131e-01 1.161240e-01 2.529507e-01 2.651838e-01 2.512076e-01 5.917317e-01 4.856963e-01 3.013684e-01 3.217331e-01 3.984155e-01 6.456096e-01 9.460407e-02
<GCONST> 9.969009e+01
<STATE> 4
<NUMMIXES> 3
<MIXTURE> 1 1.832038e-01
<MEAN> 39
 -1.005821e+01 -9.063318e+00 -1.931488e+01 -1.881171e+01 -1.108052e+01 -1.217523e+01 -1.148582e+01 3.163930e+00 9.093968e+00 8.492879e+00 1.573574e+00 1.965707e+00 3.438239e+01 -1.235302e+00 1.429816e-01 4.296117e-02 8.981252e-01 -3.764399e-01 9.860750e-01 2.846025e+00 1.974475e-01 -3.504972e+00 -7.659820e-01 2.656545e+00 5.243319e-01 -1.228840e+00 2.751550e-01 -3.660142e-01 1.599867e-01 1.584127e-01 3.038501e-01 2.444817e-01 2.764107e-01 -2.024882e-01 -6.660946e-01 -3.602788e-01 -2.045367e-02 4.898407e-01 6.388929e-01
<VARIANCE> 39
 5.744301e+00 1.094835e+00 3.645205e+00 5.376826e+00 1.773656e+00 9.644405e+00 8.457386e+00 4.360341e+00 3.282339e+01 7.857492e+00 6.384470e+00 2.373655e+00 3.136547e+00 2.622568e-01 2.873434e-01 3.110737e-01 8.140846e-01 1.047619e+00 9.979414e-01 1.499236e+00 1.043571e+00 9.065144e-01 3.345358e-01 6.384081e-01 3.471872e-01 4.371028e-01 4.710754e-02 4.035637e-01 2.154506e-01 1.968579e-01 7.644904e-02 1.021875e-01 5.611901e-02 1.572339e-01 4.211020e-01 3.137265e-01 1.358068e-01 7.332454e-02 8.804265e-02
<GCONST> 5.958945e+01
<MIXTURE> 2 4.147780e-01
<MEAN> 39
 -1.047129e+01 -8.820647e+00 -1.778070e+01 -1.585214e+01 -1.141676e+01 -1.466041e+01 -1.383121e+01 -2.818687e-01 6.713454e+00 7.651764e+00 9.909404e-01 1.685523e-01 3.400203e+01 -1.596108e+00 -2.944790e-01 -1.654429e-01 -2.468353e-01 -6.321936e-01 -1.351779e-01 1.249573e+00 1.762535e-01 -1.410432e+00 -1.118969e+00 7.732049e-01 3.663129e-01 -1.207834e+00 2.667499e-01 -2.523727e-01 -1.341317e-01 -1.898244e-01 -5.713531e-02 5.478982e-02 1.435274e-01 -1.416758e-01 -6.134078e-01 -6.217770e-02 1.720748e-01 6.847479e-01 4.112840e-01
<VARIANCE> 39
 5.792818e+00 8.417236e+00 1.110077e+01 5.620115e+00 8.547184e+00 1.311879e+01 2.573683e+01 1.422059e+01 3.647863e+01 3.533165e+01 2.302709e+01 1.295814e+01 2.090492e+00 7.617216e-01 6.311894e-01 6.373973e-01 8.464655e-01 1.202693e+00 1.285412e+00 2.178851e+00 1.327801e+00 2.587197e+00 1.591135e+00 1.617919e+00 2.633313e+00 7.016608e-01 5.138090e-02 1.379223e-01 1.501566e-01 1.057607e-01 2.134689e-01 2.171234e-01 5.087901e-01 4.103666e-01 4.144247e-01 3.594477e-01 2.695256e-01 2.786066e-01 5.964288e-02
<GCONST> 8.553307e+01
<MIXTURE> 3 4.020181e-01
<MEAN> 39
 -1.291077e+01 -9.707471e+00 -1.870078e+01 -1.604458e+01 -1.181903e+01 -1.312962e+01 -9.716336e+00 -3.246344e-03 1.408518e+00 3.873881e+00 4.871445e+00 3.926370e+00 3.226986e+01 -5.166850e-01 -9.038209e-01 -2.013633e-01 4.988658e-01 -1.911686e-01 1.721745e-01 1.557988e+00 -4.295846e-01 -2.161013e+00 -1.042328e+00 1.195867e+00 1.060763e+00 6.770150e-02 2.521282e-01 -3.019821e-01 -6.581061e-02 1.581872e-01 1.759754e-01 6.491038e-03 1.544568e-01 -1.775160e-01 -3.612266e-02 3.377819e-01 -3.421327e-01 1.209127e-02 4.731785e-01
<VARIANCE> 39
 1.375153e+00 3.201682e+00 2.748139e+00 4.965934e+00 5.689143e+00 8.677914e+00 1.188980e+01 8.227617e+00 1.761882e+01 1.472452e+01 1.001911e+01 7.535033e+00 6.637505e-01 3.199937e-01 1.761734e+00 7.825999e-01 5.212068e-01 6.618854e-01 3.704784e+00 4.450710e+00 1.268335e+00 5.060328e+00 2.159613e+00 1.638377e+00 8.079997e-01 9.464921e-01 3.849674e-02 1.306678e-01 1.228461e-01 1.692747e-01 1.816550e-01 4.723460e-01 2.896548e-01 1.976944e-01 2.733000e-01 5.066843e-01 2.623341e-01 2.800540e-01 1.115689e-01
<GCONST> 7.624068e+01
<TRANSP> 5
 0.000000e+00 1.000000e+00 0.000000e+00 0.000000e+00 0.000000e+00
 0.000000e+00 8.087229e-01 1.912771e-01 0.000000e+00 0.000000e+00
 0.000000e+00 0.000000e+00 8.575711e-01 1.424289e-01 0.000000e+00
 0.000000e+00 0.000000e+00 0.000000e+00 6.075407e-01 3.924593e-01
 0.000000e+00 0.000000e+00 0.000000e+00 0.000000e+00 0.000000e+00
<ENDHMM>
~h "uh"
<BEGINHMM>
<NUMSTATES> 5
<STATE> 2
<NUMMIXES> 3
<MIXTURE> 1 2.499939e-01
<MEAN> 39
 -1.360537e+01 -9.427444e+00 -1.659636e+01 -1.651776e+01 -1.373190e+01 -1.648759e+01 -9.488173e+00 2.661662e+00 3.546204e+00 4.560144e+00 8.125779e+00 8.174373e-01 3.171689e+01 -4.452645e-01 -3.725117e+00 -1.136962e+00 6.801205e-01 -2.426344e+00 -3.328457e-01 4.230650e+00 -3.642889e-01 -3.112267e+00 -1.003106e+00 1.731772e+00 2.646300e+00 2.313277e+00 6.681367e-01 2.670758e-01 5.972791e-01 2.086909e-01 4.299697e-01 1.798326e-01 -1.419623e-03 -1.559706e-02 -6.017582e-01 2.929496e-01 -4.386203e-01 3.411835e-01 5.922980e-01
<VARIANCE> 39
 1.322738e-01 9.169749e-02 1.555642e+00 2.121131e+00 2.650137e-01 1.248137e+00 3.467505e-01 4.812118e-01 1.596727e+00 3.927195e-01 7.981413e+00 6.894369e+00 1.793451e-02 5.353814e-02 5.836458e-04 9.850898e-02 7.241705e-02 2.958939e-02 1.035793e-02 5.301460e-01 8.666481e-01 1.138086e-02 5.730613e-01 4.155206e-03 7.816960e-03 1.331757e-01 1.058555e-01 4.724064e-03 3.779088e-06 7.927958e-02 4.273385e-02 1.325928e-01 2.087694e-01 3.622959e-03 1.165408e-03 1.890520e-01 7.308862e-02 1.642724e-02 7.980702e-02
<GCONST> -2.914127e+01
<MIXTURE> 2 5.004339e-01
<MEAN> 39
 -1.268959e+01 -8.960532e+00 -1.828247e+01 -1.606770e+01 -1.219501e+01 -1.288992e+01 -7.297345e+00 -1.184819e-01 -4.897806e-01 2.901083e+00 4.140022e+00 4.048700e+00 3.203971e+01 1.958804e-01 -9.282878e-02 -6.704985e-01 2.375559e-01 2.033948e-01 1.158702e+00 8.238657e-02 -4.652321e-01 3.956185e-01 -1.697804e-01 -1.929940e-01 -4.755210e-01 7.532741e-03 -3.316190e-02 -1.368776e-01 -2.598107e-02 1.402296e-02 3.781596e-02 1.748453e-01 -2.530820e-01 -1.030551e-01 -3.550912e-02 1.249120e-01 1.652053e-01 -9.043596e-02 2.844708e-02
<VARIANCE> 39
 1.178599e-01 9.530044e-01 2.804382e+00 6.055855e+00 1.144394e+01 2.018150e-01 6.310877e+00 4.812501e+00 1.059989e+01 8.048141e+00 2.271746e+00 2.110598e+00 2.090767e-01 4.707069e-02 1.663296e-01 1.140627e+00 1.516271e-01 5.612411e-01 1.249337e+00 1.324098e+00 9.174851e-01 8.855910e-01 1.130493e+00 1.873995e+00 2.426157e-01 2.195620e-02 1.434835e-03 8.887818e-02 1.240196e-02 7.337477e-02 1.450987e-01 8.460295e-03 6.674006e-02 3.582628e-01 5.363588e-02 1.016609e-01 2.735703e-01 1.236485e-01 8.309557e-04
<GCONST> 2.755503e+01
<MIXTURE> 3 2.495722e-01
<MEAN> 39
 -1.042145e+01 -5.911431e+00 -1.625971e+01 -1.647365e+01 -1.273341e+01 -1.466525e+01 -1.114494e+01 -2.718340e+00 -2.133575e+00 1.001488e+01 1.242951e+01 6.230695e+00 3.333328e+01 1.512792e+00 -3.177536e+00 -2.118157e+00 -5.650945e-01 -4.127066e-01 -3.659731e-01 2.767192e+00 -1.373053e+00 -3.880032e+00 -1.086583e+00 1.741301e+00 1.395596e+00 2.002249e+00 4.599636e-01 1.484505e-02 3.471939e-01 3.574077e-01 -1.914893e-01 -4.006453e-01 -8.660899e-01 -1.573330e-01 3.370038e-01 -4.204812e-01 -5.599445e-01 6.706408e-02 3.516510e-01
<VARIANCE> 39
 1.605354e+01 1.580838e+01 5.382587e+00 5.589384e+00 2.510022e+00 2.697306e-01 9.965996e-02 2.745533e-02 2.219456e+00 9.902623e-01 1.703546e+01 2.526695e+00 5.622114e+00 1.141693e-01 4.911929e-01 5.103662e-03 2.461805e+00 1.630274e-02 4.061219e-01 3.230246e-02 1.684240e-01 1.229591e-02 1.691714e+00 5.025705e-01 1.659899e+00 1.651144e-03 1.019213e-03 7.487520e-02 7.452033e-02 1.350132e-01 2.616611e-02 3.423039e-04 3.174688e-03 1.668498e-01 3.412564e-04 1.034912e-01 2.224967e-03 4.777195e-02 1.636945e-03
<GCONST> -6.408150e+00
<STATE> 3
<NUMMIXES> 3
<MIXTURE> 1 3.634914e-01
<MEAN> 39
 -1.394648e+01 -2.069033e+01 -2.193120e+01 -1.288330e+01 -2.008600e+01 -1.674188e+01 1.647589e+00 -1.764023e+00 -6.416167e+00 1.558467e+00 1.108600e+01 1.066162e+01 3.979542e+01 1.380566e+00 -4.663137e-01 2.119721e+00 1.317062e+00 3.576142e-01 3.141969e-01 1.915411e+00 -6.316691e-03 -3.157793e+00 -3.161965e-01 1.120861e-01 2.083193e+00 2.147881e+00 1.056326e+00 1.506022e+00 1.010190e+00 -5.158854e-01 7.254558e-01 1.067198e-02 -1.969778e+00 -3.530577e-01 2.444518e-01 8.846018e-01 -4.174916e-01 -6.647294e-01 -8.844029e-02
<VARIANCE> 39
 8.726818e-01 1.113283e+00 1.050089e+00 8.765804e+00 4.087777e+00 1.831462e+00 1.612288e+01 3.455524e+00 6.498876e+00 4.970054e+00 1.115484e+01 1.429285e+01 2.323427e+00 1.275785e+00 1.380353e+00 7.256678e-01 9.472992e-01 7.985602e-01 2.497603e-01 3.047765e+00 3.245059e-01 3.480047e-01 1.070410e+00 7.441036e-01 2.070602e-01 7.357053e-01 5.465825e-02 4.124495e-03 8.115515e-02 2.593008e-01 2.199710e-01 8.152511e-02 2.881697e-01 3.270210e-01 1.227651e-01 8.269305e-02 2.458743e-01 1.471436e-01 2.511030e-02
<GCONST> 5.445873e+01
<MIXTURE> 2 5.624324e-01
<MEAN> 39
 -1.030957e+01 -1.292150e+01 -2.161580e+01 -1.793697e+01 -1.546572e+01 -1.326023e+01 -5.708240e+00 -2.219119e+00 -2.855006e+00 4.478920e+00 6.117739e+00 4.678529e+00 3.476860e+01 5.939066e-01 -5.663076e-01 -3.624789e-01 2.525991e-02 -2.084305e-01 4.584379e-01 6.508722e-02 -4.573650e-01 -2.316998e-01 -8.215927e-02 3.803028e-01 3.741387e-02 5.765594e-01 4.554961e-03 3.592792e-01 4.961877e-01 2.761644e-01 1.260792e-01 -1.579096e-01 -7.042391e-01 1.212450e-02 2.780380e-01 2.024592e-01 -6.193468e-02 -9.977793e-02 -6.303676e-02
<VARIANCE> 39
 1.899914e+01 1.536760e+01 8.546098e+00 5.886800e+00 8.242391e+00 8.923059e+00 7.418276e+00 1.676107e+01 5.674744e+01 1.207282e+01 3.348554e+01 1.286799e+01 1.635279e+01 5.250058e-01 1.375182e+00 1.390593e+00 3.297102e-01 4.033927e-01 5.984743e-01 1.056911e+00 1.548667e+00 2.158876e+00 5.940871e-01 2.109852e+00 2.160468e+00 4.969936e-01 3.917200e-02 4.501463e-01 2.376863e-01 1.431789e-01 1.134986e-01 1.158064e-01 3.713866e-01 3.139802e-01 7.239019e-01 2.228216e-01 3.894732e-01 2.543862e-01 2.144261e-02
<GCONST> 8.293749e+01
<MIXTURE> 3 7.407627e-02
<MEAN> 39
 -1.040529e+01 -1.744981e+01 -2.318450e+01 -2.175151e+01 -1.646442e+01 -1.710062e+01 -1.494324e+00 -5.087413e+00 -8.690104e+00 7.854126e+00 1.269719e+01 1.130745e+01 3.770552e+01 1.222700e+00 5.733565e-01 1.620880e+00 2.687972e-01 -1.028164e+00 -3.124845e-01 -2.709430e-01 -5.394543e-01 -5.274469e-01 -1.079715e+00 -2.830811e-01 1.197887e+00 1.157017e+00 3.440651e-01 9.718022e-01 1.050720e+00 8.259718e-01 -1.927650e-01 -1.564809e-02 -1.212888e+00 1.285503e-01 7.794824e-01 2.821423e-02 -9.645429e-01 -8.619383e-01 -1.432021e-01
<VARIANCE> 39
 8.625619e-01 5.171740e+00 1.931542e+00 4.756579e+00 2.530536e+00 7.698907e+00 4.325751e+00 1.461747e+00 1.367962e+01 1.539551e+00 1.505202e+01 1.951844e+01 3.251323e+00 1.928152e-01 5.666435e-01 1.246963e+00 2.860435e-01 4.176256e-01 2.128292e-01 4.761281e-01 7.760769e-02 8.515881e-01 2.578744e-01 2.523499e+00 1.347638e+00 1.413027e-01 2.608269e-02 1.315272e-01 1.106206e-01 1.033151e-01 2.859451e-02 1.495840e-02 1.034933e-01 5.293358e-02 1.610841e-01 6.810435e-02 2.090857e-01 2.414488e-01 2.630853e-03
<GCONST> 4.235139e+01
<STATE> 4
<NUMMIXES> 3
<MIXTURE> 1 1.998579e-01
<MEAN> 39
 -1.227792e+01 -1.027535e+01 -1.071514e+01 -9.306362e+00 -1.147808e+01 -1.232111e+01 -2.156134e+00 2.164010e+00 -4.809522e+00 3.159264e+00 7.009870e+00 1.008200e+01 3.473899e+01 2.501676e+00 2.664922e+00 3.176731e+00 8.203515e-01 1.084792e+00 2.567265e-01 -4.145377e+00 -2.073123e+00 -6.957940e-01 1.307930e+00 3.026150e-01 -7.395737e-01 1.040232e+00 7.222085e-01 2.333174e-01 -4.775149e-01 -1.790171e-01 -3.425761e-01 -5.923376e-01 -1.282846e+00 -8.130744e-01 2.823314e-01 6.741907e-01 4.474649e-02 -1.010673e+00 1.584359e-01
<VARIANCE> 39
 1.122591e-01 5.405361e-01 4.695494e+00 9.548734e+00 5.532884e-01 2.932080e-01 1.585948e+01 1.732148e+00 9.405750e+00 4.113257e-02 6.347535e+00 7.987939e-01 1.194777e-03 2.382596e-01 9.820345e-02 3.972927e-04 6.261517e-01 3.363979e+00 3.753207e-01 1.747414e+00 3.989518e-01 1.488043e+00 1.228675e+00 2.671832e+00 9.803926e-03 5.113517e-02 2.459628e-02 4.229743e-02 3.200540e-02 1.816884e-01 3.237003e-02 7.253242e-02 5.277643e-01 1.336978e-01 2.400167e-01 5.618950e-04 1.607578e-01 1.600427e-05 5.348152e-06
<GCONST> -4.718934e+00
<MIXTURE> 2 6.191939e-01
<MEAN> 39
 -1.040351e+01 -1.079515e+01 -1.964679e+01 -1.408871e+01 -1.250394e+01 -1.172363e+01 -6.448787e+00 -1.829591e+00 -5.646932e+00 -1.070168e+00 4.982364e+00 2.047084e+00 3.390249e+01 1.725826e-01 -5.392521e-01 -5.511484e-01 -1.634512e-01 1.718108e-01 7.017563e-01 -5.080613e-01 -5.206221e-01 -4.504127e-01 3.817177e-01 5.713382e-02 -4.899644e-01 2.162572e-01 -1.074722e-01 3.039475e-01 2.647232e-01 -1.401213e-01 9.850796e-02 -1.255776e-01 -3.045496e-01 8.526543e-02 2.619671e-01 4.918119e-01 8.535056e-02 2.377491e-01 -4.918063e-02
<VARIANCE> 39
 1.782248e+01 4.816608e+00 3.822215e+00 3.914056e+00 1.393071e+01 3.041757e+01 1.668529e+00 1.483916e+01 2.817887e+01 1.077361e+01 2.554992e+01 3.572860e+00 1.330385e+01 4.015526e-01 6.683937e-01 3.795537e-01 2.973279e-01 8.874734e-02 1.181300e-01 1.219867e+00 2.007820e+00 5.541559e-01 6.296357e-01 6.932115e-01 9.581524e-01 1.566717e-01 1.369992e-02 4.073310e-01 7.676788e-02 1.699527e-01 1.580775e-01 2.963095e-01 2.209870e-01 3.397313e-01 8.016895e-01 6.061618e-01 2.433211e-01 2.402169e-02 4.746121e-02
<GCONST> 6.634676e+01
<MIXTURE> 3 1.809483e-01
<MEAN> 39
 -9.237971e+00 -1.043991e+01 -1.160828e+01 -1.124493e+01 -1.154623e+01 -1.511810e+01 -4.402516e+00 1.884082e+00 -5.871575e+00 -1.320874e-01 8.008455e+00 1.076031e+01 3.867666e+01 3.150295e+00 2.121793e+00 3.637315e+00 -1.415981e+00 -6.316041e-01 -9.283060e-01 -2.111224e+00 -1.552257e-01 -1.482203e+00 1.421918e+00 -1.478748e+00 1.924993e-01 1.362518e+00 2.436376e-01 3.924155e-01 -4.217252e-01 -4.147472e-01 -5.187644e-01 -2.212345e-01 -1.218370e+00 -6.058550e-01 7.462199e-01 8.475621e-01 -4.754970e-01 -5.585879e-01 -3.720246e-01
<VARIANCE> 39
 3.100714e+00 5.601488e-01 3.380784e+00 2.448925e+00 5.960979e-01 6.614206e+00 3.495522e+00 1.473634e+00 1.041775e+01 3.831032e+00 2.451112e+00 2.130163e+00 8.152617e+00 1.125667e+00 1.510222e-01 5.561967e-01 4.285364e+00 1.903921e-01 1.626133e-01 7.379058e-02 5.201504e-01 2.286506e+00 1.007568e+00 1.202037e-01 3.124148e-01 2.303620e-01 3.159036e-02 7.998744e-02 2.156413e-02 2.478082e-01 8.075905e-02 3.159930e-03 3.724340e-01 7.860769e-02 5.105557e-01 5.808699e-02 1.053135e-02 9.518892e-02 1.189659e-01
<GCONST> 3.766838e+01
<TRANSP> 5
 0.000000e+00 1.000000e+00 0.000000e+00 0.000000e+00 0.000000e+00
 0.000000e+00 2.912846e-10 1.000000e+00 0.000000e+00 0.000000e+00
 0.000000e+00 0.000000e+00 2.727246e-01 7.272754e-01 0.000000e+00
 0.000000e+00 0.000000e+00 0.000000e+00 3.692919e-06 9.999963e-01
 0.000000e+00 0.000000e+00 0.000000e+00 0.000000e+00 0.000000e+00
<ENDHMM>
~h "uw"
<BEGINHMM>
<NUMSTATES> 5
<STATE> 2
<NUMMIXES> 3
<MIXTURE> 1 1.419296e-01
<MEAN> 39
 -9.210893e+00 -9.210046e+00 -2.465274e+01 -6.650865e+00 -9.082721e+00 -6.256571e+00 -2.928119e+00 -1.444828e+00 -3.538668e+00 2.832016e+00 3.829462e+00 5.877372e+00 3.957164e+01 3.490770e+00 6.614506e-01 1.485873e+00 -2.409334e+00 1.049252e+00 5.654761e-01 -7.007458e-01 2.382221e-01 1.516545e+00 1.876268e+00 6.023921e-01 8.760628e-01 9.124718e-01 4.422412e-01 -2.434582e-01 5.027207e-02 -1.252134e+00 -3.092085e-01 -8.519225e-01 -7.534660e-01 1.169100e-01 -2.577736e-02 1.423884e+00 1.341241e-01 -2.807666e-01 6.632670e-01
<VARIANCE> 39
 6.194720e+01 4.663942e+00 1.579333e+01 5.098824e+01 4.848668e+00 9.328306e+00 1.594993e+01 1.072587e+02 1.085907e+01 8.482998e+01 2.221782e+01 8.909005e+00 5.273517e+00 4.508531e+00 3.289190e-01 5.646080e-01 4.491201e+00 4.091039e-01 3.019003e+00 3.795314e+00 1.093986e-01 7.776334e-01 8.904823e+00 1.936730e-01 3.214868e-01 1.307027e+00 6.128774e-01 1.727601e-01 7.241873e-02 5.056309e-01 2.618542e-01 8.379278e-02 6.180607e-01 4.831180e-01 1.879318e-01 2.950257e+00 2.355087e-01 7.696778e-02 2.311513e-01
<GCONST> 9.250488e+01
<MIXTURE> 2 5.973933e-01
<MEAN> 39
 -1.691751e+01 -8.421107e+00 -2.484384e+01 -9.369199e+00 -1.216723e+01 -8.414701e+00 -3.312890e+00 -1.382438e+00 -3.252555e+00 6.507301e+00 4.739807e+00 1.426693e+00 3.549824e+01 -2.703562e-01 1.582217e-01 -8.064286e-02 5.158270e-01 2.173064e-01 -5.906470e-01 3.869826e-01 -9.104164e-01 -9.949346e-01 2.512230e-01 -3.922012e-01 -3.077872e-01 2.967177e-01 2.992161e-03 -7.097128e-03 2.265506e-01 -5.879235e-02 -6.796612e-02 -2.108199e-01 -4.447199e-01 -1.307737e-02 2.969960e-02 -2.071565e-01 -9.339991e-02 1.766863e-01 -9.958176e-02
<VARIANCE> 39
 7.844669e+00 3.854244e+00 3.091902e+01 3.780565e+01 2.175774e+01 1.120650e+01 1.252236e+01 1.653806e+01 2.270892e+01 1.530052e+01 1.520705e+01 2.121105e+01 8.227742e+00 1.730739e-01 2.440896e-01 5.548877e-01 8.929325e-01 1.678181e+00 3.886659e-01 1.247061e+00 5.978721e-01 6.647337e-01 2.076888e+00 1.050231e+00 1.528435e+00 1.209775e-01 4.495806e-02 4.570512e-02 1.855422e-01 2.022365e-01 3.767052e-01 2.262159e-01 2.544941e-01 2.373784e-01 3.812648e-01 2.276122e-01 2.180920e-01 2.146562e-01 1.005136e-02
<GCONST> 7.596486e+01
<MIXTURE> 3 2.606769e-01
<MEAN> 39
 -1.708779e+01 -8.547820e+00 -2.862019e+01 -7.413803e+00 -1.304266e+01 -6.521151e+00 -6.937370e+00 2.246452e+00 -3.418828e+00 6.511243e+00 2.829138e+00 2.335668e+00 3.782281e+01 -1.900066e-01 3.577325e-01 -8.992425e-01 1.515139e+00 -3.202002e-01 5.946980e-01 5.062789e-01 6.525217e-01 1.089218e+00 -6.820105e-01 -5.894068e-01 -1.216702e-01 4.441727e-01 4.257682e-01 -1.337730e-01 1.507920e-01 -1.263876e-01 5.218803e-01 4.951874e-02 3.765493e-01 1.076189e-01 3.237064e-01 -3.668234e-03 -1.534644e-01 -3.425312e-01 -6.660488e-02
<VARIANCE> 39
 3.210827e+00 1.899739e+00 8.416325e+00 7.786470e+00 7.234217e+00 7.816765e+00 9.111666e+00 1.347708e+01 1.345157e+01 8.857630e+00 6.810970e+00 8.760142e+00 2.994592e+00 7.134196e-01 8.270231e-01 1.386268e+00 6.848048e-01 1.657591e+00 4.602064e-01 1.502746e+00 6.690385e-01 1.664820e+00 2.852850e+00 7.544276e-01 1.843509e+00 3.414549e-01 1.801435e-01 8.573562e-02 1.369428e-01 1.943155e-01 3.350190e-01 1.231891e-01 2.338104e-01 1.456430e-01 7.348163e-01 2.228112e-01 1.489593e-01 1.240051e-01 1.884647e-02
<GCONST> 7.231110e+01
<STATE> 3
<NUMMIXES> 3
<MIXTURE> 1 2.412405e-01
<MEAN> 39
 -4.091299e+00 -1.800366e+01 -1.866842e+01 -1.954391e+01 -1.146157e+01 -1.612715e+01 -1.055575e+01 3.184376e+00 -1.418903e+00 1.181698e+01 -4.437489e+00 5.721310e+00 4.797625e+01 -1.660689e-01 4.710713e-01 -1.599207e-02 1.319031e+00 -1.767887e-01 -3.062677e-01 -5.770318e-01 2.416271e-01 -1.628623e-01 1.862177e-01 2.016102e+00 3.013258e-01 -8.180186e-01 1.859537e-01 4.360788e-01 1.823446e-02 2.638102e-01 1.317957e-01 1.142002e-01 -2.903163e-02 4.085916e-02 6.233556e-01 2.398807e-01 -1.618094e-02 -2.455114e-01 -2.425763e-01
<VARIANCE> 39
 5.366869e+00 1.298663e+01 2.146571e+00 1.881473e+01 8.431413e+00 5.932585e+00 1.764821e+01 8.190610e+00 2.067859e+01 9.248058e+00 2.032665e+01 3.646307e+00 3.178872e+01 9.452288e-01 8.287811e-01 4.531946e-01 1.234955e+00 1.319633e+00 4.820746e-01 1.484592e+00 2.917193e-01 2.624355e+00 9.029662e-01 4.411337e-01 6.874534e-01 2.421246e-01 7.134858e-02 1.439163e-01 2.287194e-02 2.105953e-01 1.755991e-01 1.023523e-01 3.341927e-01 2.159168e-01 2.781911e-01 6.657930e-01 7.291131e-01 2.428200e-02 2.003847e-01
<GCONST> 7.377200e+01
<MIXTURE> 2 4.236090e-01
<MEAN> 39
 -6.449789e+00 -1.045920e+01 -1.884526e+01 -1.522112e+01 -1.205251e+01 -1.405056e+01 -1.084133e+01 -1.840474e-01 5.993364e-01 9.010935e+00 -6.942446e-01 3.081201e+00 4.013976e+01 -3.173710e-01 2.862481e-01 2.524009e-01 -4.968655e-01 -1.384602e-01 -7.120880e-01 -1.306771e+00 -6.829198e-01 5.607612e-01 -3.907624e-01 -8.233266e-01 -6.513372e-01 -5.805735e-01 -5.965244e-01 -3.711286e-01 -2.559910e-01 6.337701e-02 1.741493e-01 1.442974e-02 3.165497e-01 1.989811e-01 -2.080864e-01 -2.490180e-01 6.574590e-02 -1.157525e-01 -8.755927e-02
<VARIANCE> 39
 5.357766e+01 1.173287e+01 7.871811e+00 2.069338e+01 1.255190e+01 9.251721e+00 3.179276e+01 1.510357e+01 2.342373e+01 4.936096e+01 2.354226e+01 1.970945e+01 4.301072e+01 2.576376e+00 2.658613e+00 6.409310e-01 3.054876e+00 1.357536e+00 1.995140e+00 1.628064e+00 1.103969e+00 1.534864e+00 1.004099e+01 1.971536e+00 3.879966e-01 5.114044e+00 4.838293e-01 1.553796e-01 1.011450e-01 3.212772e-01 2.697940e-01 1.620301e-01 4.429963e-01 1.785023e-01 3.730066e-01 1.282543e+00 6.674544e-01 1.628465e-01 1.690620e-01
<GCONST> 1.029589e+02
<MIXTURE> 3 3.351503e-01
<MEAN> 39
 -4.723720e+00 -1.261909e+01 -2.057601e+01 -1.933223e+01 -9.923004e+00 -1.273319e+01 -9.256987e+00 -5.818200e-01 -1.614991e-01 1.379722e+01 -1.398859e-01 2.949815e+00 4.324325e+01 -3.048669e-01 -6.823506e-01 2.516917e-01 -7.252479e-01 -2.380797e-01 6.540970e-02 1.463372e-01 -1.748527e-01 -8.201387e-01 -5.882601e-01 -8.583300e-01 4.368364e-01 3.653679e-01 -3.366126e-01 5.582682e-02 4.315167e-02 3.468442e-01 -2.820517e-01 -7.371700e-02 2.460638e-02 1.678563e-01 -2.368007e-01 -6.487405e-01 3.684594e-01 1.173823e-01 -3.020410e-01
<VARIANCE> 39
 4.553207e+01 2.707311e+01 2.954551e+00 1.761159e+01 7.900339e+00 1.469827e+01 1.192419e+01 5.066387e+01 3.617337e+01 5.077459e+01 8.665438e+01 1.152563e+01 6.793809e+01 1.429938e+00 1.789486e+00 3.158074e-01 2.263554e+00 9.728475e-01 2.084036e+00 2.596228e+00 4.587958e-01 1.718892e+00 4.768968e+00 3.973974e+00 1.122174e+00 1.201302e+00 3.677138e-01 3.165515e-01 2.007597e-01 2.567790e-01 9.488049e-02 3.936309e-01 4.115700e-01 1.231471e-01 3.650689e-01 1.109211e+00 7.095066e-01 2.680266e-01 1.348010e-01
<GCONST> 1.018597e+02
<STATE> 4
<NUMMIXES> 3
<MIXTURE> 1 2.179177e-01
<MEAN> 39
 -1.173706e+01 -8.656001e+00 -2.012500e+01 -1.419245e+01 -1.002482e+01 -1.195732e+01 -7.453889e+00 -4.842326e+00 -3.273590e+00 6.452599e+00 6.966024e+00 4.899839e+00 3.580857e+01 -1.016231e+00 -2.271719e-01 -1.259346e+00 -2.798809e-01 1.198714e+00 2.507415e-01 1.898648e+00 3.169685e-01 1.253546e-01 4.701653e-01 1.037089e+00 -1.916002e-01 2.147582e-01 1.547745e-01 -7.196755e-02 -7.134482e-02 1.138203e-02 6.930348e-02 -9.377003e-02 3.297594e-01 -3.197146e-01 -5.184335e-01 -2.369770e-03 -6.547140e-02 -4.190296e-01 3.358232e-01
<VARIANCE> 39
 6.569013e+01 9.824242e+00 6.066178e+00 1.321481e+01 7.660484e+00 2.133415e+01 8.545075e+00 3.167815e+01 4.074205e+01 1.736327e+01 3.550820e+01 9.334550e+00 1.450495e+01 4.035142e-01 2.030711e-01 4.371953e-01 9.895686e-01 2.707120e+00 1.070369e+00 1.792133e+00 2.390239e+00 7.195751e-01 4.983400e-01 2.875480e-01 1.939069e+00 6.586105e-01 7.248423e-02 3.695897e-01 2.898252e-01 3.440620e-02 1.360805e-01 2.342315e-01 3.537122e-01 3.130822e-01 1.192020e+00 3.940890e-01 1.617854e-01 2.956298e-01 6.588596e-02
<GCONST> 8.502999e+01
<MIXTURE> 2 5.007331e-01
<MEAN> 39
 -1.465381e+01 -8.810059e+00 -1.784428e+01 -1.460241e+01 -1.165375e+01 -1.225347e+01 -8.784732e+00 -1.891654e+00 -2.553693e+00 2.304492e+00 4.765105e+00 5.732338e+00 3.161240e+01 -4.189202e-01 4.041630e-01 5.581670e-01 4.478634e-01 -1.735411e-01 -1.163725e+00 -4.554533e-01 9.324389e-02 2.462215e-01 -2.345762e-01 -2.895871e-01 -7.276350e-02 4.490809e-02 -9.302089e-02 -3.628805e-02 -2.522352e-01 -1.133507e-01 2.839860e-02 9.965505e-02 4.431116e-01 1.748773e-01 2.857193e-01 2.622463e-01 4.297544e-02 -1.779070e-01 1.046283e-01
<VARIANCE> 39
 2.039745e+00 3.272966e+00 3.817506e+00 3.289257e+00 8.123894e+00 9.927151e+00 5.417351e+00 6.478687e+00 1.160126e+01 9.189736e+00 1.280091e+01 1.442408e+01 1.284350e+00 1.240855e-01 2.709037e-01 1.070289e+00 5.955259e-01 6.990511e-01 1.328805e+00 1.554574e+00 5.541772e-01 2.164962e+00 1.208633e+00 7.689600e-01 2.276841e+00 1.415795e-01 5.848722e-02 6.852028e-02 1.588116e-01 1.334729e-01 2.463307e-01 3.156871e-01 1.128509e-01 1.758223e-01 2.450673e-01 1.696167e-01 1.644545e-01 2.896377e-01 9.814790e-03
<GCONST> 6.299709e+01
<MIXTURE> 3 2.813492e-01
<MEAN> 39
 -1.609846e+01 -7.713163e+00 -1.871482e+01 -1.267716e+01 -1.252019e+01 -1.470498e+01 -7.573792e+00 -3.833270e+00 -2.066756e+00 5.981657e+00 4.086678e+00 4.320113e+00 3.317117e+01 -4.694264e-01 7.296824e-02 -9.282536e-01 -1.416843e-01 4.372633e-01 7.226234e-02 3.411898e-01 -4.284825e-02 6.691704e-01 -1.774495e-01 1.555104e-01 -1.428076e-01 4.081983e-01 -8.456057e-02 7.951066e-03 -3.043438e-01 1.016073e-01 2.531079e-01 4.578946e-01 6.746892e-01 -1.995304e-01 -2.837315e-01 -2.175625e-01 3.139724e-01 -1.363878e-01 1.832647e-01
<VARIANCE> 39
 1.917693e+01 3.019298e+00 1.228860e+01 1.623290e+01 5.373927e+00 9.194100e+00 7.370711e+00 2.049162e+01 3.193137e+01 2.297539e+01 1.321886e+01 7.132993e+00 6.511937e+00 3.148322e-01 3.342460e-01 8.074309e-01 6.114206e-01 7.569512e-01 1.776409e+00 3.159795e+00 7.720059e-01 1.036126e+00 7.931137e-01 5.640893e-01 1.467490e+00 1.385055e-01 1.343657e-01 1.706137e-01 2.669275e-01 2.086699e-01 1.161592e-01 2.639591e-01 2.629927e-01 2.551257e-01 9.708733e-01 4.337321e-01 1.170539e-01 1.778409e-01 4.214032e-02
<GCONST> 7.808227e+01
<TRANSP> 5
 0.000000e+00 1.000000e+00 0.000000e+00 0.000000e+00 0.000000e+00
 0.000000e+00 7.164991e-01 2.835009e-01 0.000000e+00 0.000000e+00
 0.000000e+00 0.000000e+00 6.363504e-01 3.636496e-01 0.000000e+00
 0.000000e+00 0.000000e+00 0.000000e+00 5.625791e-01 4.374209e-01
 0.000000e+00 0.000000e+00 0.000000e+00 0.000000e+00 0.000000e+00
<ENDHMM>
~h "sil"
<BEGINHMM>
<NUMSTATES> 5
<STATE> 2
<MEAN> 39
 -6.319200e+00 -1.155792e+01 -1.357670e+01 -1.217508e+01 -1.467857e+01 -1.638832e+01 -9.722511e+00 -4.874516e+00 -8.122794e+00 3.930633e+00 5.346800e+00 5.214198e+00 3.968620e+01 7.219192e-01 2.050346e-01 1.763157e-01 -3.590890e-02 -2.561865e-01 -1.429430e-01 -5.271153e-01 -7.133772e-01 -3.426335e-01 5.437681e-01 2.907639e-01 -2.165189e-02 3.317798e-01 4.399994e-02 1.249418e-01 -3.904666e-02 -1.257513e-01 5.514272e-02 8.507267e-02 -1.653456e-01 -4.343760e-02 1.232044e-01 5.876756e-02 7.095855e-02 -3.010428e-02 -3.669756e-02
<VARIANCE> 39
 2.713606e+01 2.913520e+01 3.416550e+01 1.566971e+01 2.375140e+01 4.238805e+01 5.422485e+01 4.121975e+01 3.217351e+01 4.235454e+01 3.262547e+01 2.532877e+01 2.332584e+01 2.834114e+00 3.674635e+00 3.912436e+00 2.009521e+00 2.832187e+00 5.773699e+00 5.814046e+00 3.090596e+00 3.749201e+00 6.350057e+00 4.380616e+00 3.226855e+00 3.033329e+00 4.893653e-01 7.043941e-01 6.602657e-01 3.286358e-01 5.592894e-01 1.033608e+00 1.193464e+00 5.368621e-01 7.891906e-01 9.807546e-01 7.433454e-01 5.951784e-01 4.585766e-01
<GCONST> 1.279225e+02
<STATE> 3
<MEAN> 39
 -9.775907e-01 -1.491523e+01 -2.148815e+01 -2.182022e+01 -7.111447e+00 -8.576681e+00 -1.015243e+01 -1.327266e+00 -6.912399e+00 1.209599e+01 9.716211e+00 -2.128778e+00 4.490121e+01 -4.327562e-01 -5.474223e-02 -1.104705e-01 -1.866544e-02 2.294162e-01 5.512381e-02 9.114646e-02 4.591725e-01 3.136887e-01 -3.098501e-01 -3.077204e-01 -1.086581e-01 -3.121905e-01 -5.493853e-02 -1.680368e-02 7.529705e-02 8.859314e-02 -7.069820e-02 -7.858207e-02 2.934397e-02 4.892200e-02 1.934438e-02 -2.915633e-02 -3.692049e-02 1.468068e-02 -3.161937e-02
<VARIANCE> 39
 3.059004e+01 4.074529e+01 8.989911e+00 2.829403e+01 2.798135e+01 2.175572e+01 2.090966e+01 9.895199e+01 4.064046e+01 5.457280e+01 1.305244e+02 5.093576e+01 3.291730e+01 6.739133e-01 2.002669e+00 8.914579e-01 2.138929e+00 1.646671e+00 2.143862e+00 1.568978e+00 3.648071e+00 2.159351e+00 2.771733e+00 5.395298e+00 2.728847e+00 1.304860e+00 5.315947e-02 1.985832e-01 1.436138e-01 2.113785e-01 2.388748e-01 2.994277e-01 2.797721e-01 3.973563e-01 3.809088e-01 4.762998e-01 5.464236e-01 3.630355e-01 6.762487e-02
<GCONST> 1.081882e+02
<STATE> 4
<MEAN> 39
 -1.427626e+01 -8.921749e+00 -1.747968e+01 -1.574243e+01 -1.119434e+01 -1.114436e+01 -7.863898e+00 -6.700224e-01 -1.049583e+00 3.123329e+00 5.100529e+00 4.080282e+00 3.108315e+01 -1.957015e-02 5.424427e-02 6.463832e-02 -4.895766e-07 -5.643571e-02 -2.340678e-02 5.218381e-02 1.477073e-02 5.190177e-03 -1.063820e-02 7.261708e-03 4.447150e-02 -3.901606e-02 2.236079e-03 -4.901742e-03 -1.978721e-02 1.507273e-02 1.972836e-02 4.148605e-03 3.865645e-03 -1.498054e-02 -2.312394e-02 -3.124610e-02 -1.643306e-02 -3.009629e-02 1.822545e-02
<VARIANCE> 39
 1.571741e+00 1.919896e+00 3.526876e+00 3.892577e+00 5.738166e+00 8.692539e+00 8.721136e+00 9.486172e+00 1.064796e+01 9.909738e+00 9.812799e+00 9.147950e+00 1.359110e+00 1.182363e-01 1.909185e-01 3.933958e-01 4.338992e-01 5.469708e-01 8.819742e-01 9.693900e-01 9.406357e-01 1.041236e+00 9.443731e-01 9.096274e-01 1.026905e+00 5.054483e-02 2.107584e-02 4.211246e-02 8.833757e-02 1.071518e-01 1.097165e-01 1.688950e-01 1.700983e-01 1.830635e-01 2.114215e-01 1.945962e-01 1.643781e-01 1.971241e-01 9.578013e-03
<GCONST> 5.332598e+01
<TRANSP> 5
 0.000000e+00 1.000000e+00 0.000000e+00 0.000000e+00 0.000000e+00
 0.000000e+00 8.874861e-01 4.683799e-02 6.567595e-02 0.000000e+00
 0.000000e+00 0.000000e+00 9.657658e-01 3.423426e-02 0.000000e+00
 0.000000e+00 3.438097e-05 0.000000e+00 9.630591e-01 3.690652e-02
 0.000000e+00 0.000000e+00 0.000000e+00 0.000000e+00 0.000000e+00
<ENDHMM>
