   1            "a"  136  307.503693 639.987915 346.152863
   2            "b"   36   88.198349 127.608551  79.583702
   3            "c"    9   38.304962  24.580210  19.915485
   4            "d"   18   38.128922  36.660023  32.368721
   5            "e"   80  137.696304 293.233887 210.443192
   6            "f"    9   22.514095  18.150146  34.180252
   7            "g"   18   55.758175  28.730762  38.060936
   8            "h"   18   74.963417  64.216507  43.630791
   9            "i"   91  256.242188 515.923462 210.988953
  10            "j"    9   16.024469  17.069658  11.013621
  11            "k"    9   27.266718  23.361797  22.542315
  12            "l"   45  144.606903  84.964729  93.233032
  13            "m"   27   57.531006 117.502892  54.352234
  14            "n"   72  131.588547 261.824066 149.565598
  15            "o"   45  174.210602 323.687195 191.488770
  16            "p"   27   77.661209  81.698471  56.032650
  17            "r"   89  180.557404 189.126755 214.154572
  18            "s"   36  163.822906 146.559067  88.262306
  19            "t"   63  155.340927 251.632263 128.963730
  20            "u"   18   48.013905  34.604294  47.966888
  21            "w"   27   66.349937 101.487907  66.911995
  22           "#N"    6   22.601608  16.541418  14.743032
  23           "ai"    8   38.410656  60.320957  47.212666
  24           "ng"    9   21.767775  32.244831  13.034023
  25           "ny"    9   11.999462  13.032328  11.994473
  26          "sil"   87  781.484558 1741.250977 568.229553
