~o
<STREAMINFO> 1 39
<VECSIZE> 39<NULLD><MFCC_D_A_0><DIAGC>
~h "h"
<BEGINHMM>
<NUMSTATES> 5
<STATE> 2
<MEAN> 39
 -2.036773e+00 -4.271209e+00 1.431050e+00 -2.927624e+00 -6.841938e+00 4.194029e+00 -5.060621e+00 3.988090e+00 3.792103e+00 -1.192530e+00 5.241004e+00 -1.689017e+00 3.889279e+01 -1.149478e+00 3.516847e-01 8.756514e-01 1.208332e+00 8.677769e-01 3.022642e-01 1.011110e+00 5.850714e-01 -3.413275e-01 -7.977953e-02 -5.984443e-02 2.866225e-01 -9.429465e-01 2.313353e-01 -8.026474e-02 8.705416e-02 -1.373170e-01 -1.853197e-01 -2.720724e-02 -3.002535e-01 -1.739365e-01 -8.192080e-02 -1.120869e-01 1.033642e-02 -4.266782e-02 2.240866e-01
<VARIANCE> 39
 2.648700e+01 3.942457e+01 1.712657e+01 2.608791e+01 5.611829e+01 5.155132e+01 2.840844e+01 1.697116e+01 2.118349e+01 2.482257e+01 1.634845e+01 1.040048e+01 1.410058e+01 7.368852e-01 8.973521e-01 9.015833e-01 1.150711e+00 1.890591e+00 1.210735e+00 1.711659e+00 1.213919e+00 1.428065e+00 1.283722e+00 1.381998e+00 1.320014e+00 7.080585e-01 8.717757e-02 1.738791e-01 1.255508e-01 1.774544e-01 2.152395e-01 1.849871e-01 4.788073e-01 1.629559e-01 3.107128e-01 2.516837e-01 1.752671e-01 2.342846e-01 6.106240e-02
<GCONST> 9.266590e+01
<STATE> 3
<MEAN> 39
 -8.186139e-01 1.420603e+00 9.440202e+00 1.705141e+00 -6.279413e+00 1.092975e+00 -8.716679e+00 7.897723e-01 2.493946e+00 -1.028543e+00 6.530157e+00 -6.471956e-02 3.858423e+01 5.122947e-01 9.845172e-01 1.443986e+00 4.532457e-01 -5.826867e-01 -4.997796e-01 -7.182088e-01 -5.830366e-01 -8.453616e-01 -1.189662e+00 -3.868288e-01 1.577580e-01 2.020961e-01 5.495217e-01 -1.068999e-01 -1.873935e-01 -5.680715e-01 -7.083672e-01 -3.331164e-01 -7.598879e-01 -5.060696e-01 -1.471018e-01 -1.081992e-01 -2.630425e-02 -2.105113e-01 4.631783e-01
<VARIANCE> 39
 2.932547e+01 4.675621e+01 2.860816e+01 6.099501e+00 1.569419e+01 2.805624e+01 3.356413e+01 2.204199e+01 1.612181e+01 2.093569e+01 1.822766e+01 1.296468e+01 7.014215e+00 2.119298e+00 2.079678e+00 6.434410e-01 1.240777e+00 2.644599e+00 1.166898e+00 1.600065e+00 2.190157e+00 1.635971e+00 1.575693e+00 1.467199e+00 1.421973e+00 7.674482e-01 1.165185e-01 3.511325e-01 1.985185e-01 1.755698e-01 2.877426e-01 2.028752e-01 1.711738e-01 3.972168e-01 3.696880e-01 4.266482e-01 2.651036e-01 2.110674e-01 5.504538e-02
<GCONST> 9.533600e+01
<STATE> 4
<MEAN> 39
 7.395645e-02 -1.093787e+00 7.925850e+00 -4.058141e-01 -9.425837e+00 1.407776e+00 -9.468478e+00 -1.234745e+00 -2.645057e-01 -4.200385e+00 5.124738e+00 -9.263906e-01 4.012018e+01 4.617721e-01 -6.526291e-02 2.758595e-01 -8.863093e-01 -1.536356e+00 -1.088622e+00 -1.210830e+00 -5.982481e-01 -2.061057e-01 -1.547639e-01 -2.069827e-01 -4.590762e-01 5.043682e-01 -1.487929e-01 -2.797045e-01 -9.925984e-02 -3.244106e-02 1.108894e-01 1.530244e-01 1.512785e-01 1.141299e-01 1.766550e-01 1.609604e-01 1.368876e-02 1.100833e-02 -9.218329e-03
<VARIANCE> 39
 3.873782e+01 6.364220e+01 5.336123e+01 1.135904e+01 4.946652e+01 5.535837e+01 6.457304e+01 2.539977e+01 1.292268e+01 4.594783e+00 1.112009e+01 1.043094e+01 1.229388e+01 1.707391e+00 1.888865e+00 8.049681e-01 1.190240e+00 2.295739e+00 1.229212e+00 1.299948e+00 2.394564e+00 1.636438e+00 5.246445e-01 1.132843e+00 8.454973e-01 8.784381e-01 1.526646e-01 1.435890e-01 1.559402e-01 2.407413e-01 1.878228e-01 3.090749e-01 2.572741e-01 4.430398e-01 2.547532e-01 1.496975e-01 3.791521e-01 2.473294e-01 5.249530e-02
<GCONST> 9.483323e+01
<TRANSP> 5
 0.000000e+00 1.000000e+00 0.000000e+00 0.000000e+00 0.000000e+00
 0.000000e+00 6.490109e-01 3.509892e-01 0.000000e+00 0.000000e+00
 0.000000e+00 0.000000e+00 5.799829e-01 4.200171e-01 0.000000e+00
 0.000000e+00 0.000000e+00 0.000000e+00 6.914195e-01 3.085805e-01
 0.000000e+00 0.000000e+00 0.000000e+00 0.000000e+00 0.000000e+00
<ENDHMM>
