~o
<STREAMINFO> 1 39
<VECSIZE> 39<NULLD><MFCC_D_A_0><DIAGC>
~h "j"
<BEGINHMM>
<NUMSTATES> 5
<STATE> 2
<MEAN> 39
 -9.088129e-01 4.046722e+00 1.251644e+01 3.243995e+00 -4.802242e+00 2.913695e+00 -1.114114e+01 -3.805731e+00 -3.245076e+00 -8.961702e+00 3.004480e-01 -4.481257e+00 3.811004e+01 -9.709638e-01 -1.064368e+00 -1.603178e+00 5.315818e-02 1.200256e+00 9.720681e-01 1.659175e+00 9.566946e-01 3.278659e-01 5.649510e-01 1.281403e-01 3.471394e-01 -5.978196e-01 -6.613003e-02 -3.300929e-01 9.849185e-02 -2.293322e-01 -5.164382e-01 -9.658761e-02 -1.069407e-01 1.167265e-01 1.927620e-01 1.533030e-01 3.484920e-01 1.772808e-01 1.285867e-01
<VARIANCE> 39
 2.880404e+00 5.801303e+00 1.354883e+01 3.335712e+00 1.629282e+01 1.727326e+01 1.595429e+01 1.162343e+01 1.274966e+01 1.205370e+01 8.689142e+00 9.984687e+00 1.080371e+00 2.392941e-01 1.361267e+00 5.214768e-01 7.908136e-01 1.446357e+00 6.968820e-01 7.618639e-01 1.203824e+00 9.731829e-01 1.174291e+00 1.271344e+00 1.102363e+00 1.940401e-01 4.655367e-02 1.803466e-01 1.733197e-01 6.390970e-02 1.499503e-01 2.753250e-01 2.229213e-01 2.868759e-01 2.573406e-01 2.168194e-01 2.165549e-01 2.252173e-01 3.300743e-02
<GCONST> 7.094997e+01
<STATE> 3
<MEAN> 39
 -5.473142e+00 -1.672335e+00 7.235533e+00 1.447940e+00 -4.587458e+00 4.657964e+00 -5.597648e+00 1.783072e+00 6.164600e-01 -5.035426e+00 1.836229e+00 -1.772672e+00 3.625782e+01 2.311804e-01 -3.326682e-02 1.793969e-01 -7.249311e-01 -1.823066e+00 -1.626786e+00 -9.784508e-01 -2.188460e-01 5.602552e-01 7.107903e-01 6.750573e-01 5.270585e-01 2.366348e-01 7.767923e-01 3.720900e-01 4.839934e-01 -2.633087e-01 -9.934208e-01 -7.429888e-01 -7.624940e-01 -4.425917e-01 -7.422023e-02 -1.373001e-01 4.076186e-03 -3.345599e-02 4.996940e-01
<VARIANCE> 39
 4.407865e+00 2.981447e+00 3.713534e+00 4.308925e+00 1.010461e+01 1.337258e+01 8.660164e+00 1.268487e+01 1.055971e+01 1.221945e+01 7.351242e+00 9.699415e+00 1.266506e+00 2.437616e+00 1.343332e+00 1.474083e+00 1.065630e+00 3.507353e+00 2.033003e+00 3.943410e+00 3.461528e+00 2.062059e+00 1.275640e+00 8.146513e-01 7.985827e-01 8.926945e-01 1.762317e-01 2.233030e-01 3.247440e-01 3.124693e-01 4.286562e-01 2.165590e-01 3.950476e-01 5.210058e-01 4.498599e-01 3.124435e-01 1.589098e-01 1.664198e-01 1.527421e-01
<GCONST> 8.567923e+01
<STATE> 4
<MEAN> 39
 2.798304e+00 2.879194e-01 1.097674e+01 -4.330605e+00 -2.125139e+01 -7.235783e+00 -1.468875e+01 -2.348836e+00 2.369709e+00 -3.080827e+00 5.433645e+00 -7.437344e-02 4.218336e+01 2.761259e+00 -1.038012e+00 4.739021e-01 -2.244637e+00 -5.320872e+00 -2.595769e+00 -8.484727e-01 1.529896e+00 1.772060e+00 -9.446051e-03 4.435334e-01 6.403013e-01 2.596331e+00 -2.316224e-01 -7.014555e-01 -7.596570e-01 2.001119e-02 1.009878e+00 9.778817e-01 9.958127e-01 1.072864e+00 3.695293e-01 -2.199129e-01 -3.818557e-01 -2.361808e-01 1.448469e-02
<VARIANCE> 39
 1.177523e+01 1.626595e+01 2.451603e+01 2.072068e+01 8.401366e+01 2.168264e+01 7.167017e+00 2.277183e+01 3.304930e+01 1.376415e+01 7.500623e+00 3.491918e+00 1.455193e+01 7.635226e-01 1.872605e+00 3.420541e+00 2.875141e+00 3.697093e+00 3.563088e+00 2.313245e+00 4.191993e+00 3.365283e+00 2.715690e+00 9.155339e-01 5.116330e-01 7.773495e-01 2.073417e-01 1.738077e-01 5.176283e-01 4.346075e-01 1.733908e+00 4.689168e-01 2.753522e-01 4.003648e-01 6.186337e-01 2.432785e-01 1.414783e-01 1.201487e-01 2.255970e-01
<GCONST> 1.018397e+02
<TRANSP> 5
 0.000000e+00 1.000000e+00 0.000000e+00 0.000000e+00 0.000000e+00
 0.000000e+00 7.543307e-01 2.456693e-01 0.000000e+00 0.000000e+00
 0.000000e+00 0.000000e+00 7.910050e-01 2.089950e-01 0.000000e+00
 0.000000e+00 0.000000e+00 0.000000e+00 6.502234e-01 3.497767e-01
 0.000000e+00 0.000000e+00 0.000000e+00 0.000000e+00 0.000000e+00
<ENDHMM>
