~o
<STREAMINFO> 1 39
<VECSIZE> 39<NULLD><MFCC_D_A_0><DIAGC>
~h "m"
<BEGINHMM>
<NUMSTATES> 5
<STATE> 2
<MEAN> 39
 6.960919e+00 -9.753202e-01 6.513202e+00 -1.952984e+00 -7.086910e+00 5.142436e+00 -1.367578e+01 -7.116457e+00 -5.586258e+00 -9.585684e+00 2.885781e+00 -3.141368e+00 4.513719e+01 -4.790991e-01 2.227140e+00 2.077807e+00 1.569952e+00 1.996924e-01 -1.262350e+00 -7.285745e-01 -9.606503e-01 -1.386873e+00 -6.675522e-01 -4.478571e-03 6.816475e-01 -9.681851e-01 -9.095874e-02 -5.973176e-01 -3.112719e-01 -2.679951e-01 -1.174749e-02 3.016565e-01 8.872283e-02 3.718408e-01 4.591907e-01 6.257671e-02 -1.697212e-01 -2.167237e-01 1.517856e-01
<VARIANCE> 39
 1.090774e+01 1.868465e+01 1.488880e+01 1.285482e+01 1.382378e+01 1.985916e+01 1.816570e+01 2.215899e+01 2.540224e+01 1.364367e+01 1.071666e+01 1.532934e+01 1.063218e+01 2.585969e+00 1.988934e+00 8.515950e-01 2.122853e+00 2.574726e+00 1.164769e+00 2.243843e+00 2.338567e+00 2.313117e+00 1.057410e+00 2.163870e+00 2.334237e+00 1.514024e+00 1.044387e-01 1.295005e-01 2.397465e-01 1.664074e-01 2.747529e-01 1.433866e-01 4.668543e-01 4.598047e-01 3.338585e-01 2.689946e-01 3.266921e-01 3.364617e-01 7.334518e-02
<GCONST> 9.556149e+01
<STATE> 3
<MEAN> 39
 2.986163e+00 3.713572e+00 1.063574e+01 -7.752873e-01 -9.449276e+00 2.361307e-01 -1.264603e+01 -3.855925e+00 -3.249761e+00 -7.932525e+00 1.508845e+00 -3.371675e+00 4.101384e+01 9.223393e-02 1.444503e-01 4.607239e-02 1.514137e-01 6.352450e-02 9.869891e-02 1.786250e-01 -1.613168e-02 5.213628e-02 -7.663652e-02 -1.618812e-01 -6.006112e-02 1.533200e-02 -7.160062e-02 -5.144707e-01 -5.888367e-01 -3.122016e-01 5.147710e-02 3.503123e-01 3.507464e-01 2.039712e-01 2.054334e-01 1.607589e-01 7.131251e-02 -4.917368e-02 5.733218e-02
<VARIANCE> 39
 9.201231e+00 4.312073e+00 6.766715e+00 1.069946e+01 2.306681e+01 2.642508e+01 2.074989e+01 2.006900e+01 1.607833e+01 1.166017e+01 9.128399e+00 1.074047e+01 5.714027e+00 1.027915e+00 6.382366e-01 9.540690e-01 1.025716e+00 1.268680e+00 1.468169e+00 1.806027e+00 1.163253e+00 1.229775e+00 8.526883e-01 1.271035e+00 8.470272e-01 4.791674e-01 2.439692e-01 2.945864e-01 3.966074e-01 3.508187e-01 3.773222e-01 4.027371e-01 3.504277e-01 2.445424e-01 3.975701e-01 2.270044e-01 2.533454e-01 2.659543e-01 1.082217e-01
<GCONST> 8.768092e+01
<STATE> 4
<MEAN> 39
 5.066441e+00 -1.502925e+00 4.873017e+00 -4.232986e+00 -9.787760e+00 4.932372e+00 -9.939485e+00 -3.201194e+00 -1.717999e+00 -8.171988e+00 7.438585e-01 -4.577453e+00 4.367546e+01 3.563534e-01 -2.933899e+00 -2.438125e+00 -1.765019e+00 -2.264313e-01 1.842219e+00 1.174524e+00 1.467822e+00 1.983819e+00 5.908794e-01 -2.534891e-01 -1.096162e+00 1.086029e+00 -3.527113e-02 -4.949169e-01 8.669490e-02 2.968312e-02 -1.524833e-02 8.495320e-02 -1.636277e-01 2.186418e-01 2.471847e-01 -3.754293e-02 7.194094e-02 -3.164984e-02 1.889523e-01
<VARIANCE> 39
 2.264436e+01 3.569186e+01 5.295111e+01 4.023388e+01 6.994998e+01 3.620252e+01 2.379974e+01 2.544294e+01 3.342195e+01 1.779927e+01 1.750892e+01 1.305994e+01 1.717016e+01 2.345552e+00 2.676752e+00 5.814710e+00 2.907553e+00 3.701490e+00 2.722201e+00 2.333610e+00 2.126402e+00 2.616325e+00 2.272794e+00 2.543334e+00 1.952607e+00 2.098790e+00 1.226913e-01 7.091088e-01 1.027597e+00 6.389147e-01 2.729029e-01 5.536974e-01 3.861117e-01 3.121473e-01 5.803437e-01 4.157113e-01 4.816096e-01 3.703557e-01 1.619603e-01
<GCONST> 1.158121e+02
<TRANSP> 5
 0.000000e+00 1.000000e+00 0.000000e+00 0.000000e+00 0.000000e+00
 0.000000e+00 6.795556e-01 3.204444e-01 0.000000e+00 0.000000e+00
 0.000000e+00 0.000000e+00 7.852274e-01 2.147726e-01 0.000000e+00
 0.000000e+00 0.000000e+00 0.000000e+00 6.489057e-01 3.510943e-01
 0.000000e+00 0.000000e+00 0.000000e+00 0.000000e+00 0.000000e+00
<ENDHMM>
