~o
<STREAMINFO> 1 39
<VECSIZE> 39<NULLD><MFCC_D_A_0><DIAGC>
~h "o"
<BEGINHMM>
<NUMSTATES> 5
<STATE> 2
<MEAN> 39
 6.869363e+00 -1.018028e+01 -5.804252e+00 -1.932072e+01 -1.915370e+01 5.817930e+00 -6.803742e+00 3.682163e+00 5.503155e+00 -1.630805e+00 6.594213e+00 -4.210181e+00 4.781851e+01 1.256244e+00 -4.521636e-01 -5.373278e-01 -1.205286e+00 -2.546994e-01 1.007114e+00 -3.748875e-01 -3.230387e-01 1.175173e-01 -5.870879e-02 2.933631e-01 -5.049412e-01 1.202780e+00 -2.061018e-01 7.186630e-02 2.476643e-01 4.371410e-01 3.654300e-01 2.993326e-02 -9.464572e-02 -1.405466e-01 -1.404299e-01 -1.401528e-02 -4.759965e-02 -6.647423e-02 -1.549414e-01
<VARIANCE> 39
 1.766440e+01 1.968461e+01 6.765153e+01 5.738743e+01 3.714992e+01 8.312859e+01 4.344780e+01 2.096706e+01 1.596339e+01 1.670764e+01 1.762848e+01 2.266319e+01 2.151328e+01 2.521776e+00 1.542449e+00 2.091630e+00 3.646278e+00 3.360369e+00 1.948385e+00 1.746643e+00 1.925836e+00 1.580166e+00 1.438483e+00 1.553209e+00 1.263563e+00 2.431160e+00 4.017346e-01 2.710414e-01 4.618397e-01 7.353724e-01 6.764771e-01 3.914292e-01 3.169849e-01 2.708179e-01 3.271970e-01 2.285262e-01 2.761950e-01 2.124835e-01 3.640735e-01
<GCONST> 1.106330e+02
<STATE> 3
<MEAN> 39
 1.216307e+01 -1.262463e+01 -6.137638e+00 -2.222290e+01 -1.594436e+01 1.337844e+01 -9.133889e+00 -1.932419e-01 2.757037e+00 -2.556846e+00 9.254118e+00 -6.877419e+00 5.382381e+01 1.418010e-01 2.433941e-01 4.999487e-01 2.542810e-01 -4.657500e-02 -1.334465e-01 -2.395818e-01 -1.211553e-02 -1.167818e-01 -1.733136e-01 7.944115e-02 5.010388e-02 9.555979e-02 -1.538257e-01 1.930439e-01 7.765158e-02 1.674870e-01 -3.433294e-02 -2.388785e-01 5.595637e-02 1.378451e-01 1.272660e-01 3.660037e-03 -1.355304e-01 9.454387e-02 -2.282953e-01
<VARIANCE> 39
 4.461781e+00 7.699292e+00 7.764277e+00 7.161386e+00 1.328130e+01 1.196243e+01 1.643729e+01 8.140339e+00 8.819807e+00 1.234702e+01 1.104448e+01 1.669059e+01 8.063313e+00 2.211129e-01 6.191639e-01 2.803082e-01 5.279032e-01 6.647732e-01 8.698667e-01 1.031824e+00 8.846568e-01 1.028001e+00 8.797072e-01 9.680957e-01 1.048604e+00 3.590113e-01 3.727936e-02 8.006614e-02 5.214988e-02 1.135832e-01 1.174557e-01 1.205461e-01 1.600656e-01 1.309777e-01 1.548666e-01 1.533717e-01 1.465440e-01 1.319739e-01 4.360535e-02
<GCONST> 6.565948e+01
<STATE> 4
<MEAN> 39
 9.835159e+00 -6.515725e+00 -4.982415e-01 -1.490857e+01 -1.545761e+01 7.042423e+00 -1.093172e+01 7.657356e-01 4.419837e+00 -3.050352e+00 6.403169e+00 -5.628242e+00 4.941684e+01 -1.441816e+00 1.973559e+00 1.442680e+00 2.612515e+00 1.096660e+00 -1.392647e+00 2.856431e-01 -2.178165e-01 -3.921322e-01 -2.887391e-01 -1.018960e+00 5.331833e-01 -1.989382e+00 -3.331736e-01 8.336683e-02 6.025418e-02 2.831658e-01 3.619770e-01 2.498604e-02 8.681525e-02 -2.167025e-01 -3.978110e-01 -8.370340e-02 -1.699109e-02 3.943818e-02 -2.643186e-01
<VARIANCE> 39
 1.270770e+01 2.012577e+01 1.295038e+01 3.162857e+01 2.668354e+01 2.973484e+01 4.639819e+01 1.896137e+01 1.827856e+01 1.783986e+01 1.423180e+01 2.676647e+01 1.995678e+01 7.723805e-01 1.456129e+00 1.358278e+00 1.575715e+00 2.315102e+00 1.480615e+00 2.062061e+00 2.135974e+00 3.554853e+00 1.977258e+00 1.015242e+00 1.283877e+00 5.719965e-01 1.013397e-01 3.323485e-01 2.021108e-01 3.632244e-01 3.883274e-01 2.467166e-01 3.271912e-01 2.882555e-01 4.759096e-01 3.322544e-01 2.303856e-01 2.644081e-01 1.425391e-01
<GCONST> 9.936555e+01
<TRANSP> 5
 0.000000e+00 1.000000e+00 0.000000e+00 0.000000e+00 0.000000e+00
 0.000000e+00 7.659695e-01 2.340305e-01 0.000000e+00 0.000000e+00
 0.000000e+00 0.000000e+00 8.769582e-01 1.230418e-01 0.000000e+00
 0.000000e+00 0.000000e+00 0.000000e+00 7.511874e-01 2.488126e-01
 0.000000e+00 0.000000e+00 0.000000e+00 0.000000e+00 0.000000e+00
<ENDHMM>
