~o
<STREAMINFO> 1 39
<VECSIZE> 39<NULLD><MFCC_D_A_0><DIAGC>
~h "p"
<BEGINHMM>
<NUMSTATES> 5
<STATE> 2
<MEAN> 39
 -3.077929e+00 -1.631431e+00 6.298489e+00 6.616684e-01 -5.127915e+00 3.127985e+00 -8.881218e+00 -4.795485e-01 -5.255169e-01 -6.312665e+00 1.020480e+00 -3.849245e+00 3.774229e+01 -1.985139e+00 -1.428323e+00 -7.597693e-01 3.542983e-01 7.389138e-01 8.822094e-01 1.902278e+00 1.978329e+00 1.019831e+00 3.636384e-01 -4.280684e-01 -2.059228e-01 -1.091847e+00 2.026497e-01 -1.244521e-01 -1.023767e-01 -2.310989e-01 -2.947688e-01 -2.055411e-01 -3.254912e-01 -4.294305e-01 -2.743818e-01 3.109739e-01 5.687960e-01 3.123037e-01 1.876656e-01
<VARIANCE> 39
 8.676297e+00 1.015974e+01 8.147264e+00 1.090354e+01 1.382165e+01 1.046559e+01 1.686172e+01 2.327728e+01 1.440810e+01 1.862951e+01 1.515529e+01 1.214795e+01 1.805845e+00 4.433521e-01 1.045732e+00 1.632437e+00 1.338261e+00 1.976786e+00 1.668392e+00 1.891056e+00 2.869050e+00 2.708246e+00 3.601934e+00 3.364180e+00 1.805774e+00 2.481442e-01 7.783744e-02 2.316022e-01 2.113543e-01 1.936437e-01 2.376575e-01 2.396811e-01 2.914504e-01 4.151008e-01 3.656431e-01 5.223538e-01 4.916875e-01 2.700891e-01 3.453403e-02
<GCONST> 8.934480e+01
<STATE> 3
<MEAN> 39
 -8.113790e+00 -7.010055e+00 2.629631e+00 9.889987e-01 -4.066756e+00 3.880052e+00 -4.632203e+00 2.129892e+00 7.122065e-01 -3.312386e+00 3.276040e+00 -1.560585e+00 3.518455e+01 1.545027e-01 -3.789172e-02 -6.241229e-01 -7.780039e-01 -3.340615e-01 -1.968097e-01 2.061542e-01 6.110339e-02 2.509971e-01 6.346161e-01 2.061028e-01 9.576245e-02 8.224403e-02 7.598944e-01 1.747641e-01 -1.855890e-01 -6.418470e-01 -3.225858e-01 1.988865e-01 -2.553282e-01 -1.720387e-01 1.283884e-01 -1.075834e-01 -9.306984e-02 -2.714507e-01 5.393741e-01
<VARIANCE> 39
 5.644162e+00 1.479762e+01 1.159938e+01 1.004332e+01 1.430617e+01 1.130887e+01 1.155784e+01 1.535339e+01 1.152363e+01 1.004364e+01 1.234104e+01 6.671006e+00 1.451400e+00 2.771691e+00 1.334610e+00 1.183164e+00 2.683076e+00 1.667841e+00 1.168282e+00 1.201879e+00 1.434769e+00 1.514695e+00 1.421583e+00 1.878192e+00 1.049509e+00 1.127082e+00 4.015000e-01 2.963032e-01 4.265838e-01 6.738650e-01 2.828820e-01 3.956991e-01 2.544037e-01 3.693077e-01 4.347727e-01 2.466827e-01 4.203138e-01 2.333721e-01 2.903666e-01
<GCONST> 9.217871e+01
<STATE> 4
<MEAN> 39
 8.208874e-01 -6.428238e+00 -3.074747e+00 -1.040703e+01 -1.022723e+01 6.464553e+00 -5.055448e+00 1.659830e+00 3.745146e+00 -1.636275e+00 3.646289e+00 -4.447626e+00 4.178780e+01 3.453717e+00 -2.120396e+00 -2.319393e+00 -4.040006e+00 -1.701332e+00 2.214595e+00 -1.128398e+00 -3.599563e-01 1.306775e+00 3.733158e-01 1.030023e-01 -2.042041e+00 3.434157e+00 -1.899099e-01 -7.652178e-01 3.858221e-01 6.361942e-01 4.478640e-01 1.062166e-01 -4.905132e-01 1.798188e-01 2.236517e-01 -4.278320e-01 -4.461186e-01 -3.133564e-01 2.285320e-01
<VARIANCE> 39
 7.261323e+01 1.700654e+01 3.328960e+01 8.658971e+01 2.978759e+01 3.323184e+01 1.673646e+01 1.020501e+01 1.560571e+01 8.700526e+00 7.494009e+00 2.387248e+01 4.652687e+01 6.740052e+00 3.059963e+00 2.186117e+00 7.760122e+00 4.251044e+00 3.630628e+00 2.631929e+00 9.683279e-01 3.158434e+00 1.542085e+00 1.584301e+00 2.535412e+00 5.910371e+00 9.739246e-01 5.591272e-01 4.950136e-01 1.586906e+00 4.611588e-01 8.186836e-01 2.761618e-01 1.708347e-01 3.029852e-01 2.533557e-01 2.013387e-01 4.906389e-01 6.878014e-01
<GCONST> 1.168853e+02
<TRANSP> 5
 0.000000e+00 1.000000e+00 0.000000e+00 0.000000e+00 0.000000e+00
 0.000000e+00 7.383283e-01 2.616717e-01 0.000000e+00 0.000000e+00
 0.000000e+00 0.000000e+00 7.303627e-01 2.696373e-01 0.000000e+00
 0.000000e+00 0.000000e+00 0.000000e+00 5.007668e-01 4.992332e-01
 0.000000e+00 0.000000e+00 0.000000e+00 0.000000e+00 0.000000e+00
<ENDHMM>
