~o
<STREAMINFO> 1 39
<VECSIZE> 39<NULLD><MFCC_D_A_0><DIAGC>
~h "u"
<BEGINHMM>
<NUMSTATES> 5
<STATE> 2
<MEAN> 39
 8.508698e+00 1.252649e-01 6.245803e+00 -9.006350e+00 -1.714951e+01 -5.019492e+00 -2.048956e+01 -5.699833e+00 3.319838e+00 -3.487754e-01 7.856059e+00 -2.783329e+00 4.627592e+01 1.435261e+00 -1.073166e+00 -9.695516e-01 -1.706080e+00 -5.916352e-01 1.185608e+00 -6.470523e-01 -7.034205e-01 -8.269984e-02 1.210368e-01 1.223042e+00 3.088150e-01 1.484534e+00 -6.544094e-01 -2.928359e-01 -1.905923e-01 5.624365e-01 8.953639e-01 8.852109e-01 8.286151e-01 1.534173e-01 -3.424021e-01 -1.339447e-01 -1.475043e-01 1.840818e-03 -4.308770e-01
<VARIANCE> 39
 9.974528e+00 9.256835e+00 2.026160e+01 1.955131e+01 3.148351e+01 2.758004e+01 2.407584e+01 2.242116e+01 1.918689e+01 1.613569e+01 5.484757e+00 1.155680e+01 9.640644e+00 1.302463e+00 1.096464e+00 1.664001e+00 1.704657e+00 4.722503e+00 3.872537e+00 1.814653e+00 1.582736e+00 1.969826e+00 1.405357e+00 9.093569e-01 6.828926e-01 9.195585e-01 1.880201e-01 3.571391e-01 4.550943e-01 3.465436e-01 1.128887e+00 4.730435e-01 2.099090e-01 2.478617e-01 2.920955e-01 3.966182e-01 1.383798e-01 2.541142e-01 8.682469e-02
<GCONST> 9.713265e+01
<STATE> 3
<MEAN> 39
 1.125724e+01 -4.602247e+00 1.552523e+00 -1.271550e+01 -1.497781e+01 3.867440e+00 -1.839229e+01 -7.529132e+00 1.229818e+00 -1.312939e-02 1.102168e+01 -2.778300e+00 4.975893e+01 -6.414377e-02 -4.920561e-01 -1.956149e-01 -3.089346e-01 3.291458e-01 1.324388e+00 6.995450e-01 -1.016596e-01 -3.662320e-01 -1.188643e-01 3.173499e-01 1.307517e-01 1.740656e-01 -3.942595e-01 3.117636e-01 3.694237e-01 4.804797e-01 9.361090e-02 -3.143090e-01 2.874031e-01 3.211224e-01 1.893721e-01 -8.257128e-02 -4.207581e-01 -5.264154e-02 -3.917746e-01
<VARIANCE> 39
 5.769458e+00 1.353038e+01 1.091295e+01 1.736222e+01 1.417685e+01 3.162676e+01 2.591558e+01 2.294773e+01 1.731793e+01 1.325088e+01 6.426413e+00 1.286941e+01 7.875396e+00 4.667731e-01 1.067331e+00 1.427140e+00 1.069350e+00 1.536428e+00 1.269723e+00 1.790333e+00 1.162992e+00 2.254669e+00 1.827486e+00 1.042269e+00 1.595777e+00 5.640609e-01 9.824482e-02 1.481097e-01 2.359879e-01 1.945295e-01 2.989380e-01 2.664661e-01 3.545865e-01 2.014865e-01 3.366032e-01 2.951227e-01 2.462709e-01 2.288822e-01 1.099742e-01
<GCONST> 8.829450e+01
<STATE> 4
<MEAN> 39
 7.605757e+00 -1.230670e+00 4.687060e+00 -7.995872e+00 -1.285766e+01 3.221936e+00 -1.422306e+01 -5.945575e+00 7.730013e-01 -2.003794e+00 7.668470e+00 -1.404327e+00 4.582878e+01 -1.355323e+00 9.880565e-01 9.576384e-01 1.592822e+00 8.491321e-01 -2.493107e-01 1.954735e+00 1.350369e+00 -2.885673e-02 -6.931839e-01 -1.400700e+00 -2.073295e-01 -1.372198e+00 -6.089253e-02 5.608092e-02 1.673560e-01 1.595748e-01 5.517290e-02 -1.690700e-01 -1.238296e-01 1.134503e-01 -1.090099e-01 -7.822280e-02 -4.069529e-02 -1.308387e-01 -5.224872e-02
<VARIANCE> 39
 1.311859e+01 1.871784e+01 1.251434e+01 2.347987e+01 2.291459e+01 2.857520e+01 2.916554e+01 2.116218e+01 2.813359e+01 2.531501e+01 1.832438e+01 1.434715e+01 1.552893e+01 7.944591e-01 1.148091e+00 1.734279e+00 1.392104e+00 2.127237e+00 2.003063e+00 2.366620e+00 1.457049e+00 1.829616e+00 1.592578e+00 2.300923e+00 1.505687e+00 6.492149e-01 8.760420e-02 1.489844e-01 1.880367e-01 2.252507e-01 2.307334e-01 2.129692e-01 5.544494e-01 3.611721e-01 3.869457e-01 3.200612e-01 3.642316e-01 3.594784e-01 1.047141e-01
<GCONST> 9.751283e+01
<TRANSP> 5
 0.000000e+00 1.000000e+00 0.000000e+00 0.000000e+00 0.000000e+00
 0.000000e+00 5.175928e-01 4.824072e-01 0.000000e+00 0.000000e+00
 0.000000e+00 0.000000e+00 7.432504e-01 2.567497e-01 0.000000e+00
 0.000000e+00 0.000000e+00 0.000000e+00 6.503260e-01 3.496740e-01
 0.000000e+00 0.000000e+00 0.000000e+00 0.000000e+00 0.000000e+00
<ENDHMM>
