~o
<STREAMINFO> 1 39
<VECSIZE> 39<NULLD><MFCC_D_A_0><DIAGC>
~h "uw"
<BEGINHMM>
<NUMSTATES> 5
<STATE> 2
<MEAN> 39
 9.026003e+00 1.661803e+00 8.491724e+00 -8.500834e+00 -1.839429e+01 -2.506525e+00 -1.665075e+01 -4.161924e+00 -1.009078e+00 -6.073729e+00 7.100046e+00 1.638639e-01 4.652878e+01 6.463065e-01 -8.021059e-01 -9.350109e-01 -1.510376e+00 -7.713411e-01 8.160251e-01 -2.292594e-01 8.302300e-02 -3.600237e-01 -3.789174e-01 2.544154e-01 4.904976e-01 7.656300e-01 -3.461120e-01 7.165639e-02 1.135319e-02 3.273464e-01 5.451527e-01 3.747954e-01 4.530565e-01 8.964434e-02 -1.079568e-01 -1.023225e-01 -2.848051e-01 -3.512358e-02 -2.911433e-01
<VARIANCE> 39
 6.155769e+00 9.128595e+00 2.403833e+01 1.090048e+01 1.247964e+01 3.331168e+01 8.384996e+00 1.155443e+01 1.629978e+01 1.597647e+01 1.035683e+01 4.945399e+00 6.928249e+00 4.607729e-01 4.231461e-01 1.583773e+00 1.823370e+00 1.586830e+00 7.038934e-01 6.204301e-01 1.283913e+00 7.778792e-01 1.171329e+00 1.574912e+00 8.167828e-01 3.606156e-01 4.368603e-02 1.223469e-01 3.510333e-01 2.175551e-01 4.278409e-01 5.096366e-01 8.796278e-02 1.857933e-01 2.679969e-01 2.012812e-01 1.450990e-01 1.076161e-01 2.901577e-02
<GCONST> 7.769948e+01
<STATE> 3
<MEAN> 39
 9.107551e+00 -1.869055e-01 4.070808e+00 -1.309349e+01 -1.912255e+01 1.087159e+00 -1.206213e+01 -2.669261e+00 -1.258790e+00 -6.294743e+00 7.719780e+00 2.329603e+00 4.676608e+01 2.201377e-01 -6.504755e-01 -9.703995e-01 -9.015335e-01 -7.798349e-02 8.486152e-01 6.661509e-01 2.821356e-01 3.478655e-01 4.520951e-01 6.736718e-01 -1.172457e-01 3.155994e-01 3.053856e-02 -1.728175e-01 -2.164674e-01 -1.731251e-02 2.150542e-01 1.542958e-01 -1.034236e-01 -5.949342e-02 1.143381e-01 3.195917e-01 1.437576e-01 -3.103754e-01 4.852922e-02
<VARIANCE> 39
 8.081721e+00 9.175932e+00 2.290694e+01 1.437168e+01 5.653328e+00 2.114026e+01 1.652658e+01 1.259026e+01 1.608102e+01 8.448969e+00 1.108484e+01 4.477196e+00 1.140981e+01 8.761103e-02 3.946967e-01 7.777996e-01 3.718774e-01 4.421080e-01 1.360442e+00 7.600606e-01 6.141068e-01 1.161631e+00 1.027592e+00 7.440057e-01 8.984911e-01 8.927549e-02 1.575648e-02 5.669712e-02 1.089155e-01 6.832355e-02 9.335402e-02 1.824400e-01 1.477837e-01 1.524386e-01 2.265413e-01 8.835382e-02 1.232634e-01 1.353277e-01 1.332311e-02
<GCONST> 6.252523e+01
<STATE> 4
<MEAN> 39
 1.116647e+01 -7.509864e+00 -4.245019e+00 -1.800593e+01 -1.631942e+01 8.024418e+00 -1.236152e+01 -2.250857e+00 2.809484e+00 4.077714e-01 1.239240e+01 -3.447603e+00 5.015018e+01 1.842401e-01 -1.901377e+00 -1.775239e+00 -7.834917e-01 1.051784e+00 1.848577e+00 -6.905840e-03 1.155902e-01 1.141079e+00 1.321263e+00 -2.201659e-01 -2.060933e+00 6.545445e-01 -1.397096e-01 8.510423e-02 2.891135e-01 1.219865e-01 -1.321204e-01 -1.801191e-01 1.295941e-01 1.810175e-01 1.065504e-01 -3.334401e-01 -5.062991e-01 -9.162563e-02 -9.013603e-02
<VARIANCE> 39
 8.051058e+00 1.404302e+01 2.455383e+01 8.209625e+00 7.752295e+00 1.225236e+01 8.483814e+00 5.608301e+00 7.843840e+00 1.073950e+01 7.678910e+00 1.326329e+01 1.113686e+01 1.358376e-01 2.139051e-01 8.289444e-01 5.027974e-01 1.020825e+00 8.848291e-01 9.071475e-01 5.021058e-01 7.508078e-01 9.669085e-01 1.353617e+00 5.624626e-01 8.964799e-02 1.305797e-02 1.051812e-01 8.278778e-02 9.457848e-02 1.535039e-01 2.608254e-01 1.521263e-01 1.136905e-01 1.591530e-01 2.124619e-01 1.922793e-01 1.906281e-01 3.882691e-02
<GCONST> 6.463099e+01
<TRANSP> 5
 0.000000e+00 1.000000e+00 0.000000e+00 0.000000e+00 0.000000e+00
 0.000000e+00 6.293709e-01 3.706292e-01 0.000000e+00 0.000000e+00
 0.000000e+00 0.000000e+00 8.466851e-01 1.533149e-01 0.000000e+00
 0.000000e+00 0.000000e+00 0.000000e+00 7.137682e-01 2.862318e-01
 0.000000e+00 0.000000e+00 0.000000e+00 0.000000e+00 0.000000e+00
<ENDHMM>
