   1            "a" 39049  78484.382812 155813.281250 71608.414062 79272.023438
   2            "b" 5131  7934.069336 14918.638672 8515.920898 8352.431641
   3            "c" 1491  1490.843872 6469.928711 7339.852539 1490.844360
   4            "d" 9458  24269.812500 14566.063477 11544.816406 14247.598633
   5            "e" 17790  24652.402344 54681.644531 22956.593750 24739.925781
   6            "f" 1925  1924.800171 4407.374023 12967.490234 6724.247559
   7            "g" 2601  7370.366211 4153.914062 5336.901367 5257.143066
   8            "h" 5257  5256.582520 8908.667969 18890.396484 11294.980469
   9            "i" 15537  31255.181641 68379.382812 31397.775391 32814.253906
  10            "j" 2339  2338.769043 10190.256836 7998.641602 2338.766846
  11            "k" 10209  10208.151367 38010.277344 28337.357422 10208.044922
  12            "l" 7470  20985.736328 10237.384766 8014.577637 12876.650391
  13            "m" 9843  16650.861328 34252.644531 14430.119141 15519.160156
  14            "n" 14536  25707.382812 54017.621094 24209.806641 32534.435547
  15            "o" 5260  12647.076172 23434.458984 11212.777344 12112.707031
  16            "p" 6164  14948.187500 21724.636719 11037.869141 9446.313477
  17            "r" 11498  15014.654297 13058.943359 17938.042969 25025.972656
  18            "s" 9687  25562.302734 49431.632812 21786.140625 17991.865234
  19            "t" 11119  18815.324219 18217.910156 37349.246094 27104.005859
  20            "u" 10468  15590.493164 15790.911133 38255.796875 27521.527344
  21            "w" 1601  3358.364990 5055.807129 3728.052002 4198.786621
  22            "y" 1857  1856.805298 9929.629883 5083.754395 1856.800415
  23            "z"  720  2344.895264 4317.456543 3189.562988 719.922546
  24           "ai"  919  918.901672 5244.112793 6263.009277 4166.831543
  25           "au"  385  1562.458130 3308.131592 1942.489990 384.957916
  26           "kh"  107  265.397675 620.156006 221.729156 160.056320
  27           "ng" 4589  4588.526855 19002.466797 10731.703125 4588.514648
  28           "ny" 1180  1179.880615 4783.773438 3913.814697 1179.880859
  29           "oi"  118  117.986885 1135.011597 1435.731323 117.986832
  30           "sy"  152  151.984009 1387.519043 391.127197 151.983994
  31          "NNN"   80  1925.576294  80.253197 209.830566 201.484451
  32          "sil" 17561  239287.921875 142030.984375 90400.453125 47797.933594
