~o
<STREAMINFO> 1 15
<VECSIZE> 15<NULLD><USER><DIAGC>
~h "#N"
<BEGINHMM>
<NUMSTATES> 5
<STATE> 2
<MEAN> 15
 -4.315896e-02 -3.774200e-02 -3.822027e-02 -3.011584e-02 5.544835e-03 1.831520e-03 -9.856589e-03 -2.307578e-02 -9.901715e-03 -3.297279e-02 6.646260e-04 -1.451860e-02 4.356292e-03 4.584733e-02 3.120668e-02
<VARIANCE> 15
 1.259373e+00 2.520468e-01 3.575831e-02 8.768087e-02 1.037099e-01 1.512336e-01 1.960389e-01 3.057778e-01 3.347853e-01 2.644285e-01 4.182668e-01 1.564182e-01 1.903863e-01 2.355188e-01 2.328994e-02
<GCONST> 1.670472e+00
<STATE> 3
<MEAN> 15
 -2.056800e-03 -2.352875e-02 -2.707315e-03 -8.732653e-04 -2.405862e-03 2.691644e-03 2.891667e-03 6.867751e-03 4.742432e-03 2.069149e-04 -3.924658e-03 -5.773370e-03 2.657586e-03 -3.418218e-03 -1.470013e-03
<VARIANCE> 15
 2.361769e+00 1.893628e+00 3.005109e-01 3.517027e-01 2.519390e-01 3.481933e-01 2.969864e-01 3.863556e-01 5.626944e-01 4.095629e-01 4.728031e-01 6.325685e-01 4.634612e-01 4.125950e-01 2.112571e-01
<GCONST> 1.633646e+01
<STATE> 4
<MEAN> 15
 -1.647336e-02 -1.569975e-02 -5.339857e-04 1.321797e-03 1.073739e-03 4.697191e-03 6.328004e-03 9.721324e-03 1.832737e-03 -3.366184e-03 -4.965742e-03 -1.016706e-02 -1.746386e-02 -8.566323e-03 1.674115e-03
<VARIANCE> 15
 9.248829e-01 2.770270e-02 1.292410e-02 2.954921e-02 7.063325e-02 8.220720e-02 9.347926e-02 1.218311e-01 1.551399e-01 1.762530e-01 2.401444e-01 2.011036e-01 1.835587e-01 1.807826e-01 1.000000e-02
<GCONST> -8.230984e+00
<TRANSP> 5
 0.000000e+00 1.000000e+00 0.000000e+00 0.000000e+00 0.000000e+00
 0.000000e+00 9.732143e-01 2.678571e-02 0.000000e+00 0.000000e+00
 0.000000e+00 0.000000e+00 9.965358e-01 3.464203e-03 0.000000e+00
 0.000000e+00 0.000000e+00 0.000000e+00 9.901639e-01 9.836067e-03
 0.000000e+00 0.000000e+00 0.000000e+00 0.000000e+00 0.000000e+00
<ENDHMM>
~h "t-uh+d"
<BEGINHMM>
<NUMSTATES> 5
<STATE> 2
<NUMMIXES> 3
<MIXTURE> 1 1.780174e-01
<MEAN> 15
 4.335366e-02 4.041356e-01 1.998492e-01 -3.007258e-01 3.335353e-01 2.423850e-01 2.672489e-01 -3.384709e-02 2.177823e-01 6.638250e-01 6.576907e-01 7.503456e-01 1.956169e-01 -6.045100e-01 2.999295e-01
<VARIANCE> 15
 4.913445e-01 2.604585e-02 1.491668e-02 2.418130e-02 6.499941e-02 1.290591e-02 1.213548e-01 3.537251e-02 1.026832e-01 1.326201e-01 1.514697e-01 6.090942e-02 1.387386e-01 2.793201e-02 6.268107e-03
<GCONST> -1.685964e+01
<MIXTURE> 2 5.365160e-01
<MEAN> 15
 -7.985829e-01 3.692975e-01 -5.119295e-02 -6.276379e-01 2.352085e-01 1.219771e-01 -1.761908e-01 -4.327216e-01 -1.747564e-01 3.339541e-01 -1.935939e-01 5.229730e-01 1.456449e-01 -9.106840e-01 2.499380e-01
<VARIANCE> 15
 1.511293e+00 2.550333e-01 1.374787e-02 1.081112e-01 1.207773e-01 3.872617e-02 1.458551e-01 6.727878e-02 1.312540e-01 4.114825e-02 1.217779e-01 1.950963e-01 1.832255e-01 7.194606e-02 1.727147e-02
<GCONST> -7.234394e+00
<MIXTURE> 3 2.854666e-01
<MEAN> 15
 -7.081608e-01 4.641288e-01 3.838747e-02 -1.599678e-01 3.289737e-01 5.604266e-01 1.744256e-01 -5.132725e-01 -3.559661e-02 -1.445471e-01 -2.548932e-01 5.469192e-01 -5.523553e-01 -3.724590e-01 1.431865e-01
<VARIANCE> 15
 4.670681e-01 2.200306e-01 3.145206e-03 9.750021e-02 2.291899e-02 7.562530e-02 2.781985e-01 5.706259e-02 3.069092e-02 1.729296e-01 1.825818e-01 5.993193e-02 3.619452e-01 4.225237e-02 9.329349e-03
<GCONST> -1.190638e+01
<STATE> 3
<NUMMIXES> 3
<MIXTURE> 1 2.425603e-01
<MEAN> 15
 -8.131235e-01 7.954482e-01 -2.942111e-02 4.542250e-01 -5.167091e-02 4.310703e-01 -1.902373e-01 2.509687e-01 2.807589e-01 -4.217654e-01 3.688959e-01 -3.192842e-01 -2.240669e-01 7.208706e-01 -3.273215e-01
<VARIANCE> 15
 6.758552e-01 9.211480e-02 3.013533e-03 8.166259e-02 4.292319e-02 4.077640e-02 1.544640e-01 1.276823e-01 7.228011e-02 3.331229e-02 2.886141e-01 5.374203e-01 3.145858e-01 2.746436e-01 5.235521e-02
<GCONST> -7.083302e+00
<MIXTURE> 2 3.636056e-01
<MEAN> 15
 -2.716728e+00 1.453367e+00 -1.735891e-01 -3.892358e-01 8.196718e-02 1.732170e-01 7.885664e-02 -2.993043e-01 -5.224451e-01 7.401189e-02 2.697726e-02 -5.249819e-01 -7.276702e-01 -2.536486e-01 1.029951e-01
<VARIANCE> 15
 1.010115e+00 2.377144e-01 2.721177e-02 1.263925e-01 3.616689e-02 6.406406e-02 1.209076e-01 1.195036e-01 1.053037e-01 2.173089e-01 2.931858e-01 1.084257e-01 1.022562e-01 3.471229e-01 2.906748e-02
<GCONST> -3.938022e+00
<MIXTURE> 3 3.938341e-01
<MEAN> 15
 -2.180972e+00 1.271005e+00 -1.182493e-01 1.050266e-01 4.327729e-02 2.996811e-01 9.087926e-02 -1.560401e-01 1.012912e-01 -2.437475e-01 2.643276e-01 -4.594144e-01 -1.027532e+00 4.857306e-01 -1.054425e-01
<VARIANCE> 15
 1.069708e+00 2.876136e-01 1.816446e-02 4.073488e-02 5.362387e-02 5.558421e-02 2.646676e-02 8.814360e-02 1.153437e-01 9.166475e-02 1.711219e-01 1.206143e-01 2.887791e-01 1.426317e-01 4.400448e-02
<GCONST> -7.438865e+00
<STATE> 4
<NUMMIXES> 3
<MIXTURE> 1 7.249083e-02
<MEAN> 15
 -5.104630e-01 5.399547e-01 -1.058143e-01 4.224298e-01 2.330453e-01 7.083309e-01 6.619446e-03 -3.144543e-02 -8.730771e-01 -5.466016e-01 -1.072778e+00 4.324476e-02 2.248816e-01 4.118442e-01 3.593896e-01
<VARIANCE> 15
 0.000000e+00 2.481075e-12 3.135184e-17 6.389564e-13 1.282502e-14 0.000000e+00 0.000000e+00 0.000000e+00 0.000000e+00 0.000000e+00 0.000000e+00 0.000000e+00 4.025270e-15 3.239656e-13 0.000000e+00
<GCONST> -9.000000e+10
<MIXTURE> 2 8.550203e-01
<MEAN> 15
 2.189414e-01 1.051127e-01 -1.434669e-01 2.528801e-01 -1.922004e-01 -1.223309e-01 -4.117584e-01 -5.263316e-02 -6.738645e-02 -7.650762e-01 -1.523464e-01 -5.468785e-01 2.433756e-01 3.823569e-01 -3.933548e-01
<VARIANCE> 15
 6.447542e-01 1.140677e-01 7.755679e-03 5.821148e-02 7.111595e-02 8.541026e-02 1.628948e-01 2.406382e-01 8.479259e-02 7.919163e-02 2.695928e-01 1.825401e-01 7.032202e-02 1.219210e-01 2.980391e-02
<GCONST> -7.374769e+00
<MIXTURE> 3 7.248883e-02
<MEAN> 15
 -1.023043e+00 1.179747e-02 -8.727634e-02 -5.833013e-02 1.284907e-01 3.785686e-02 4.683352e-01 5.758559e-01 6.028785e-01 -1.250943e-01 -2.255357e-01 -7.155230e-01 -4.671228e-01 8.149493e-01 5.707865e-02
<VARIANCE> 15
 0.000000e+00 0.000000e+00 4.126312e-14 0.000000e+00 0.000000e+00 2.252497e-14 0.000000e+00 0.000000e+00 1.485090e-11 0.000000e+00 0.000000e+00 1.540352e-13 8.044512e-12 0.000000e+00 3.444072e-12
<GCONST> -9.000000e+10
<TRANSP> 5
 0.000000e+00 1.000000e+00 0.000000e+00 0.000000e+00 0.000000e+00
 0.000000e+00 6.608086e-01 3.391914e-01 0.000000e+00 0.000000e+00
 0.000000e+00 0.000000e+00 7.570985e-01 2.429015e-01 0.000000e+00
 0.000000e+00 0.000000e+00 0.000000e+00 4.200871e-01 5.799130e-01
 0.000000e+00 0.000000e+00 0.000000e+00 0.000000e+00 0.000000e+00
<ENDHMM>
~h "s-ah+t"
<BEGINHMM>
<NUMSTATES> 5
<STATE> 2
<NUMMIXES> 3
<MIXTURE> 1 2.939289e-01
<MEAN> 15
 -6.396081e-01 5.959541e-01 -3.009658e-01 5.840742e-02 1.885227e-02 8.643972e-01 -5.178815e-02 -1.648347e-02 2.872463e-01 -1.762172e-01 6.925299e-02 1.252091e-01 4.713186e-01 6.951302e-02 1.557648e-01
<VARIANCE> 15
 9.238666e-01 1.324518e-01 1.869863e-01 4.393047e-02 9.407230e-02 5.523422e-01 1.950408e-02 1.394712e-01 3.660108e-01 1.559162e-01 1.665051e-01 3.628400e-01 6.519043e-02 7.615927e-02 1.840622e-02
<GCONST> -3.169232e+00
<MIXTURE> 2 2.706978e-01
<MEAN> 15
 1.842332e-01 1.743410e-02 3.787138e-02 -1.846701e-01 -6.774807e-02 2.642937e-01 2.926814e-01 -2.630011e-01 -1.598447e-01 -2.481539e-01 -4.248120e-01 -4.371431e-01 2.658716e-01 6.270421e-01 4.436729e-02
<VARIANCE> 15
 1.123585e+00 2.609332e-02 1.897167e-02 6.399768e-02 1.930247e-01 2.811204e-02 1.272842e-01 1.322989e-01 1.402201e-01 4.396066e-01 1.728631e-01 1.377798e-01 1.155549e-01 2.364909e-01 1.630688e-02
<GCONST> -6.215427e+00
<MIXTURE> 3 4.353733e-01
<MEAN> 15
 4.709375e-01 1.922658e-01 -1.428353e-01 1.294195e-01 -1.104038e-01 3.599019e-01 -2.734230e-01 -6.979746e-03 4.185265e-01 -6.376261e-02 -2.278959e-01 -2.199521e-02 2.568964e-01 -3.801458e-01 1.144745e-01
<VARIANCE> 15
 1.168340e+00 8.356920e-02 2.498104e-02 4.829600e-02 1.671049e-01 1.231480e-01 3.579840e-02 1.653723e-01 2.260565e-01 1.577959e-01 2.117593e-01 7.685722e-02 6.747143e-02 2.603469e-01 2.459108e-02
<GCONST> -5.689992e+00
<STATE> 3
<NUMMIXES> 3
<MIXTURE> 1 1.926650e-01
<MEAN> 15
 1.157734e+00 1.291430e+00 5.687652e-01 3.739003e-01 2.988868e-01 -4.180494e-01 -2.630245e-01 -4.653884e-01 -9.374013e-01 -5.298545e-02 3.327948e-01 3.882787e-01 -2.867329e-01 2.419486e-01 1.858392e-01
<VARIANCE> 15
 2.455340e+00 1.292304e+00 2.461223e-01 5.888919e-01 4.046805e-01 4.404163e-01 3.708581e-01 8.257121e-01 3.545799e-01 3.433480e-01 2.962762e-01 6.149590e-01 4.465837e-01 5.286452e-01 2.666003e-01
<GCONST> 1.730921e+01
<MIXTURE> 2 4.666177e-01
<MEAN> 15
 -4.878687e-01 -1.554608e-01 -4.574320e-01 -9.463434e-03 -3.876988e-02 9.761090e-02 1.893193e-01 2.830919e-01 3.475942e-01 1.414756e-01 -1.728768e-01 -4.726667e-01 4.011598e-02 -2.259912e-01 -3.011638e-01
<VARIANCE> 15
 3.402720e+00 3.777707e+00 4.265125e-01 3.812610e-01 2.185890e-01 6.780150e-01 3.426737e-01 3.953234e-01 4.783224e-01 3.107694e-01 5.738384e-01 5.012776e-01 3.225765e-01 7.307318e-01 2.906957e-01
<GCONST> 1.856451e+01
<MIXTURE> 3 3.407178e-01
<MEAN> 15
 -1.847180e-02 2.140452e-01 4.582687e-01 -2.218110e-01 -9.992684e-02 -1.967508e-01 -6.162392e-02 -3.781708e-02 -8.204824e-02 -2.722656e-01 -1.011845e-01 5.448822e-01 1.275342e-01 2.655015e-01 3.037839e-01
<VARIANCE> 15
 1.584057e+00 1.263470e+00 2.779925e-01 3.955417e-01 1.444807e-01 4.537507e-01 2.998159e-01 2.900769e-01 4.083404e-01 3.580796e-01 3.391415e-01 8.278302e-01 3.164549e-01 3.654095e-01 2.627176e-01
<GCONST> 1.420041e+01
<STATE> 4
<NUMMIXES> 3
<MIXTURE> 1 1.172351e-01
<MEAN> 15
 -3.259155e+00 5.146229e-01 -3.549242e-01 -1.911492e-02 -1.380191e-01 -4.341423e-01 1.137689e+00 9.148881e-01 8.565689e-01 9.873252e-01 7.061630e-01 -1.029564e+00 5.369037e-01 -7.458547e-03 -4.025289e-01
<VARIANCE> 15
 2.937567e-04 3.621831e-06 1.351249e-06 1.894872e-05 1.882195e-07 1.797538e-05 2.360795e-06 3.561005e-05 1.809893e-04 8.265461e-06 6.553026e-05 1.048798e-05 1.729616e-05 4.959580e-04 8.152991e-06
<GCONST> -1.388029e+02
<MIXTURE> 2 5.398914e-01
<MEAN> 15
 2.176332e-01 1.631206e-01 -1.841667e-01 -7.743430e-02 1.185281e-01 7.658917e-02 -6.984068e-02 2.355773e-01 7.317835e-02 5.050827e-01 2.158011e-01 -4.951088e-01 -4.415177e-01 -5.167125e-01 -1.767835e-01
<VARIANCE> 15
 4.639892e-01 1.620888e-02 4.813232e-02 2.134337e-03 5.095495e-02 5.064575e-02 7.867410e-02 1.277088e-01 6.822367e-02 9.629089e-02 5.172037e-01 3.331034e-01 2.652054e-02 1.127504e-01 1.115370e-02
<GCONST> -1.415786e+01
<MIXTURE> 3 3.428735e-01
<MEAN> 15
 2.379476e-01 2.639922e-01 5.902187e-02 6.845838e-03 2.028226e-01 -2.302551e-01 -2.241006e-01 3.254139e-01 1.026311e-02 6.597612e-02 -3.480454e-01 -2.467351e-01 4.577367e-01 2.597712e-01 -9.755972e-02
<VARIANCE> 15
 7.490748e-01 1.430741e-03 9.782153e-03 4.984416e-02 1.369425e-01 1.152318e-01 2.368262e-02 1.035792e-01 7.409502e-02 3.769458e-02 1.137725e-01 3.884038e-02 3.378759e-01 4.392245e-02 2.676888e-02
<GCONST> -1.618922e+01
<TRANSP> 5
 0.000000e+00 1.000000e+00 0.000000e+00 0.000000e+00 0.000000e+00
 0.000000e+00 6.569479e-01 3.430521e-01 0.000000e+00 0.000000e+00
 0.000000e+00 0.000000e+00 9.456016e-01 5.439837e-02 0.000000e+00
 0.000000e+00 0.000000e+00 0.000000e+00 6.230779e-02 9.376922e-01
 0.000000e+00 0.000000e+00 0.000000e+00 0.000000e+00 0.000000e+00
<ENDHMM>
~h "d-uw+ah"
<BEGINHMM>
<NUMSTATES> 5
<STATE> 2
<NUMMIXES> 3
<MIXTURE> 1 1.557786e-01
<MEAN> 15
 8.441380e-01 3.333879e-01 -6.849707e-02 -2.453723e-01 2.044770e-01 5.302388e-01 3.121909e-01 3.299813e-01 7.782461e-02 1.282482e-01 -4.319461e-02 4.409538e-01 3.204204e-01 2.467186e-01 3.262764e-02
<VARIANCE> 15
 2.255022e-01 4.368267e-01 1.286747e-01 5.650038e-02 1.404710e-01 1.479294e-01 2.347893e-02 3.879013e-01 4.379061e-02 2.667248e-01 7.139118e-02 1.881834e-01 4.618847e-02 1.322553e-01 4.681643e-03
<GCONST> -7.467843e+00
<MIXTURE> 2 4.268337e-01
<MEAN> 15
 -1.880719e-01 4.657049e-01 1.032459e-01 -1.919505e-01 1.756507e-01 1.249738e-01 2.017218e-01 -3.184218e-01 7.546563e-02 -1.144613e-01 2.899131e-01 1.158700e-02 -2.668108e-01 -2.631305e-01 -6.144439e-02
<VARIANCE> 15
 9.890178e-01 1.975386e-01 1.335321e-01 5.160427e-02 7.438509e-02 8.148792e-02 2.856360e-01 1.226847e-01 4.143107e-01 1.386104e-01 4.053664e-01 9.382618e-02 1.325826e-01 2.298860e-01 1.700559e-02
<GCONST> -1.190683e+00
<MIXTURE> 3 4.173877e-01
<MEAN> 15
 6.080627e-01 -2.953140e-01 4.103530e-02 1.543442e-01 -3.655342e-02 2.835105e-01 2.085093e-01 -3.864260e-01 -2.446963e-01 -2.480603e-01 9.078367e-02 6.748907e-02 2.098375e-01 1.000517e-01 1.283506e-01
<VARIANCE> 15
 4.517997e-01 7.091416e-02 3.744140e-02 2.264207e-02 1.305554e-01 2.193839e-01 8.172306e-02 2.269396e-01 4.464838e-01 1.055532e-01 1.084485e-01 2.709027e-02 1.306769e-01 4.232982e-02 7.484806e-03
<GCONST> -9.463077e+00
<STATE> 3
<NUMMIXES> 3
<MIXTURE> 1 2.668030e-01
<MEAN> 15
 6.507431e-01 1.282709e+00 5.884485e-01 -5.851612e-01 1.406086e-01 -4.125288e-01 1.072002e-01 2.121379e-02 -6.023948e-01 9.251869e-01 6.254836e-01 9.652592e-01 3.550522e-01 3.528164e-01 4.149030e-01
<VARIANCE> 15
 3.288885e+00 1.132653e+00 3.933473e-01 4.691109e-01 7.903233e-01 6.026130e-01 7.531544e-01 4.534469e-01 1.596765e+00 9.389185e-01 9.661503e-01 2.970047e-01 6.800328e-01 3.424878e-01 3.250707e-01
<GCONST> 2.195280e+01
<MIXTURE> 2 3.778049e-01
<MEAN> 15
 -9.213021e-01 4.332893e-01 -3.624868e-01 1.130607e-01 -1.788194e-01 8.685201e-02 -1.491918e-01 1.693592e-01 3.534178e-01 -5.342675e-01 -5.551900e-01 -2.746528e-01 1.039116e-01 -2.854769e-01 -1.844992e-01
<VARIANCE> 15
 2.846317e+00 5.164855e+00 4.127048e-01 3.630599e-01 5.519374e-01 4.368161e-01 3.417537e-01 4.542801e-01 1.172343e+00 6.039231e-01 9.290314e-01 7.546793e-01 4.531779e-01 7.976820e-01 3.544243e-01
<GCONST> 2.231742e+01
<MIXTURE> 3 3.553921e-01
<MEAN> 15
 4.333942e-01 -6.869947e-01 1.065478e-02 3.493429e-01 5.010951e-02 -2.137895e-01 2.615248e-01 9.087154e-02 9.883260e-03 5.648456e-02 2.291016e-02 -3.578858e-01 -2.108749e-01 1.277983e-01 -1.209050e-01
<VARIANCE> 15
 2.396373e+00 1.781426e+00 1.857688e-01 7.339359e-01 1.977082e-01 4.354239e-01 1.401098e-01 1.674285e-01 4.686987e-01 2.569567e-01 1.093467e+00 8.164503e-01 1.086590e+00 4.309756e-01 3.739342e-01
<GCONST> 1.684960e+01
<STATE> 4
<NUMMIXES> 3
<MIXTURE> 1 2.692673e-01
<MEAN> 15
 6.983148e-01 3.653467e-01 6.850865e-02 -1.216658e-01 -2.286330e-01 -1.869433e-02 6.846216e-02 4.424689e-01 2.867863e-01 -3.710293e-01 -7.585145e-01 -2.471821e-01 1.484773e-01 3.079719e-01 8.083469e-02
<VARIANCE> 15
 2.355759e-02 3.124432e-02 4.694074e-03 6.168261e-03 1.197391e-01 3.889370e-01 2.831836e-02 3.328725e-01 1.897969e-01 4.364490e-02 8.200517e-02 3.172924e-01 9.560932e-03 2.418178e-02 3.912298e-03
<GCONST> -2.018511e+01
<MIXTURE> 2 3.904836e-01
<MEAN> 15
 3.220859e-01 6.719223e-02 -3.449009e-02 -2.205468e-01 8.961917e-02 9.876954e-02 -1.382218e-01 -4.190187e-01 2.712339e-01 2.207064e-01 -3.905222e-01 2.290782e-03 -2.171950e-01 -1.064362e-01 -3.122392e-02
<VARIANCE> 15
 4.707559e-01 3.231600e-02 1.331179e-02 4.284211e-02 4.656089e-02 2.435557e-01 3.512836e-02 7.411087e-02 4.054550e-01 3.568940e-01 3.739823e-01 2.787990e-01 6.016583e-02 1.188609e-01 1.279356e-02
<GCONST> -8.010277e+00
<MIXTURE> 3 3.402491e-01
<MEAN> 15
 7.691276e-01 -1.086541e-01 5.500170e-02 -9.444768e-02 -1.438237e-01 -5.474020e-01 -6.368855e-02 4.713273e-01 6.360285e-02 4.181807e-02 -3.778206e-02 2.770222e-01 -2.875261e-01 1.203127e-01 1.762823e-02
<VARIANCE> 15
 6.814331e-01 3.503086e-02 5.773223e-03 1.733891e-02 4.421558e-02 8.339404e-02 3.999476e-02 2.261061e-01 1.936863e-01 6.909644e-02 2.120902e-01 6.861159e-02 5.332642e-02 4.822367e-02 4.929031e-03
<GCONST> -1.550451e+01
<TRANSP> 5
 0.000000e+00 1.000000e+00 0.000000e+00 0.000000e+00 0.000000e+00
 0.000000e+00 6.488270e-01 3.511730e-01 0.000000e+00 0.000000e+00
 0.000000e+00 0.000000e+00 8.574482e-01 1.425518e-01 0.000000e+00
 0.000000e+00 0.000000e+00 0.000000e+00 5.161852e-01 4.838149e-01
 0.000000e+00 0.000000e+00 0.000000e+00 0.000000e+00 0.000000e+00
<ENDHMM>
~h "sil"
<BEGINHMM>
<NUMSTATES> 5
<STATE> 2
<MEAN> 15
 -1.330345e+00 4.128056e-01 -6.681958e-02 -1.428708e-01 8.710753e-02 1.922786e-01 4.468811e-02 -4.425307e-01 -7.779042e-02 -6.719464e-02 1.021718e-01 3.459678e-02 -5.538049e-01 -6.429928e-03 2.356592e-02
<VARIANCE> 15
 1.604766e+00 8.550504e-01 3.553559e-02 5.462946e-02 1.261320e-01 1.984634e-01 8.547030e-02 1.776675e-01 1.891180e-01 1.832849e-01 1.986031e-01 1.895159e-01 4.251916e-01 1.831656e-01 2.943799e-02
<GCONST> 1.045254e+00
<STATE> 3
<MEAN> 15
 -6.152332e-02 -3.380173e-01 -7.010507e-02 -1.040805e-03 -4.802034e-02 6.411856e-03 -7.514779e-03 1.108215e-01 1.028105e-01 -5.229380e-02 -5.796074e-02 -1.360969e-01 1.033712e-03 5.633606e-02 -7.588770e-03
<VARIANCE> 15
 2.698056e+00 1.387484e+00 1.385027e-01 3.552157e-01 2.191768e-01 3.803682e-01 2.845912e-01 4.684114e-01 3.867518e-01 5.013160e-01 5.194058e-01 7.625364e-01 4.607450e-01 4.039124e-01 1.357925e-01
<GCONST> 1.513192e+01
<STATE> 4
<MEAN> 15
 -3.995082e-03 -2.090574e-02 -1.119382e-03 -3.390170e-04 3.649160e-03 1.481034e-02 1.474813e-02 -2.820255e-04 -2.648117e-03 -1.055030e-02 -1.226891e-02 -1.024673e-02 -1.332256e-02 -1.295262e-02 8.220278e-04
<VARIANCE> 15
 8.986780e-01 2.484117e-02 1.363033e-02 3.288006e-02 7.398510e-02 8.535452e-02 1.054990e-01 1.340146e-01 1.624030e-01 1.967237e-01 2.175898e-01 1.773208e-01 1.672081e-01 1.816738e-01 6.050224e-03
<GCONST> -8.568254e+00
<TRANSP> 5
 0.000000e+00 1.000000e+00 0.000000e+00 0.000000e+00 0.000000e+00
 0.000000e+00 6.229467e-01 1.629785e-01 2.140747e-01 0.000000e+00
 0.000000e+00 0.000000e+00 9.327549e-01 6.724516e-02 0.000000e+00
 0.000000e+00 4.233218e-06 0.000000e+00 9.589174e-01 4.107840e-02
 0.000000e+00 0.000000e+00 0.000000e+00 0.000000e+00 0.000000e+00
<ENDHMM>
~h "uh-d+uw"
<BEGINHMM>
<NUMSTATES> 5
<STATE> 2
<MEAN> 15
 8.128501e-01 -9.632689e-01 -2.205664e-02 3.162125e-01 -1.500855e-01 9.720483e-02 1.243621e-01 1.700784e-01 5.112743e-02 -3.150198e-01 -4.575385e-01 5.209954e-03 4.672829e-01 1.253288e-01 -2.006933e-01
<VARIANCE> 15
 9.974015e-01 4.151015e-01 2.694920e-02 1.099678e-01 7.740668e-02 7.169759e-02 2.013499e-01 4.011436e-01 1.707192e-01 1.456449e-01 1.283409e-01 1.654531e-01 2.640206e-01 1.385192e-01 3.655115e-02
<GCONST> -1.009144e+00
<STATE> 3
<MEAN> 15
 5.014477e-01 -1.513837e+00 -4.659744e-03 -7.357378e-02 1.283544e-01 -1.183269e-01 -1.369552e-01 4.913714e-02 1.030516e-01 1.155772e-01 2.459002e-02 2.379014e-01 1.299400e-01 -3.348808e-02 1.146531e-01
<VARIANCE> 15
 1.557812e+00 6.553084e-01 1.589831e-01 1.294594e-01 3.635931e-01 2.524671e-01 3.476037e-01 2.472178e-01 4.639744e-01 1.539198e-01 6.820488e-01 4.987581e-01 3.072521e-01 3.318073e-01 8.275034e-02
<GCONST> 1.037032e+01
<STATE> 4
<MEAN> 15
 1.254723e-01 -5.081682e-03 1.672217e-02 -5.988876e-03 -2.997066e-02 -1.085010e-02 4.982624e-03 -1.826212e-02 -2.769750e-02 5.871389e-02 7.864368e-02 -6.068846e-02 -4.952779e-02 -3.664894e-02 3.204973e-02
<VARIANCE> 15
 1.074960e+00 8.325023e-02 2.243498e-02 5.912507e-02 7.020995e-02 1.128294e-01 1.621915e-01 1.090303e-01 1.896204e-01 2.892652e-01 2.735163e-01 3.504792e-01 3.826029e-01 1.925828e-01 8.458809e-03
<GCONST> -2.972475e+00
<TRANSP> 5
 0.000000e+00 1.000000e+00 0.000000e+00 0.000000e+00 0.000000e+00
 0.000000e+00 7.273387e-01 2.726613e-01 0.000000e+00 0.000000e+00
 0.000000e+00 0.000000e+00 8.269907e-01 1.730092e-01 0.000000e+00
 0.000000e+00 0.000000e+00 0.000000e+00 8.744940e-01 1.255060e-01
 0.000000e+00 0.000000e+00 0.000000e+00 0.000000e+00 0.000000e+00
<ENDHMM>
~h "uw-ah"
<BEGINHMM>
<NUMSTATES> 5
<STATE> 2
<NUMMIXES> 3
<MIXTURE> 1 3.737380e-01
<MEAN> 15
 1.743268e+00 -7.359707e-02 1.168711e-01 -8.660894e-02 -5.442868e-03 4.889182e-01 2.442038e-01 6.236770e-01 5.218496e-01 4.680968e-01 3.745859e-01 -2.673933e-01 -6.377570e-03 -1.365153e-01 -8.320001e-02
<VARIANCE> 15
 2.556789e-01 2.306346e-02 2.371767e-01 5.969726e-04 2.958253e-02 2.110866e-01 3.647223e-01 3.576661e-02 7.133320e-03 3.726379e-02 1.354714e-01 5.531829e-02 4.453613e-01 9.137516e-02 1.494400e-02
<GCONST> -1.637465e+01
<MIXTURE> 2 3.608398e-01
<MEAN> 15
 5.092054e-01 2.016196e-01 -4.799850e-02 -1.139270e-01 9.694319e-02 -2.198513e-03 -7.683417e-01 -2.578945e-01 -3.874889e-01 -3.095993e-01 1.209070e-01 -5.619105e-01 1.274405e-02 3.631973e-01 -7.553940e-02
<VARIANCE> 15
 7.914024e-01 1.972423e-02 2.399279e-02 5.624228e-02 3.867169e-02 1.119871e-01 2.159062e-01 1.106251e-01 7.020968e-02 2.233085e-01 6.655961e-02 2.294237e-01 1.972241e-02 2.576260e-01 1.631294e-02
<GCONST> -1.011168e+01
<MIXTURE> 3 2.654223e-01
<MEAN> 15
 5.785540e-01 1.177578e-01 -3.291322e-02 -1.249995e-01 -1.446205e-01 -1.488959e-02 -1.490837e-01 5.372099e-02 -3.538745e-01 -1.693706e-01 -3.356644e-02 3.360442e-01 2.769584e-01 3.165323e-01 -4.864953e-03
<VARIANCE> 15
 8.897528e-01 1.354558e-01 3.387990e-03 8.201188e-02 3.050775e-02 5.518376e-02 1.560428e-02 7.666163e-02 7.754519e-02 8.033891e-02 3.149038e-02 2.925348e-02 4.105898e-02 1.639875e-01 4.612997e-03
<GCONST> -1.829942e+01
<STATE> 3
<NUMMIXES> 3
<MIXTURE> 1 2.502109e-01
<MEAN> 15
 9.608991e-01 1.350016e+00 7.309449e-01 5.656474e-01 4.921782e-01 -2.227358e-01 -1.312524e-01 -1.095551e+00 -1.345462e+00 1.201605e-01 7.078267e-01 8.367884e-01 -2.987235e-02 3.855723e-02 2.415623e-01
<VARIANCE> 15
 1.096451e+00 1.241258e+00 3.214311e-01 6.460283e-01 8.267506e-01 6.450502e-01 3.398236e-01 3.254765e-01 6.792943e-01 4.356036e-01 5.036907e-01 7.709599e-01 7.134911e-01 4.532361e-01 3.152210e-01
<GCONST> 1.902696e+01
<MIXTURE> 2 4.942460e-01
<MEAN> 15
 -2.824950e-01 -5.331645e-01 -5.025204e-01 -1.842331e-01 -3.570706e-01 -1.158486e-02 1.505684e-01 5.280943e-01 6.265712e-01 -4.750583e-02 -3.547571e-01 -3.958755e-01 -3.665278e-02 -2.041924e-01 -2.099354e-01
<VARIANCE> 15
 1.738057e+00 3.799849e+00 3.658700e-01 5.154750e-01 3.234177e-01 3.400018e-01 3.913849e-01 4.364105e-01 4.455186e-01 4.037886e-01 4.593392e-01 7.128317e-01 5.653057e-01 2.423328e-01 3.818109e-01
<GCONST> 1.803037e+01
<MIXTURE> 3 2.555433e-01
<MEAN> 15
 -4.785194e-02 -7.989310e-02 2.617804e-01 -3.081871e-02 6.101459e-02 1.575010e-01 -1.429280e-01 5.755838e-02 -6.072966e-02 -1.236251e-01 -4.432947e-02 1.056398e-01 3.158410e-01 2.049745e-01 1.772500e-01
<VARIANCE> 15
 2.167938e+00 1.181223e+00 2.783084e-01 8.283767e-01 1.823628e-01 1.397373e-01 4.960465e-01 2.620684e-01 4.919565e-01 3.148768e-01 2.861407e-01 5.544344e-01 7.646123e-01 2.862256e-01 4.246058e-01
<GCONST> 1.524921e+01
<STATE> 4
<NUMMIXES> 3
<MIXTURE> 1 4.145249e-01
<MEAN> 15
 -1.306953e+00 6.059703e-01 2.790907e-02 -4.351169e-01 7.404209e-01 7.500289e-02 -2.574657e-01 3.809963e-01 2.538047e-01 5.272927e-01 5.997191e-01 4.111938e-01 1.851759e-01 -9.760109e-01 3.286027e-01
<VARIANCE> 15
 1.621109e+00 1.390615e-01 3.019363e-02 7.227159e-02 6.455669e-02 5.969024e-02 3.700850e-01 1.107335e-01 1.715324e-01 7.805020e-02 1.331051e-01 2.011239e-01 2.074440e-01 1.218564e-02 7.311273e-03
<GCONST> -7.635037e+00
<MIXTURE> 2 4.086870e-01
<MEAN> 15
 3.802294e-02 1.590209e-01 -8.969254e-02 -1.129086e-01 -6.110415e-02 3.125264e-02 -2.755602e-01 -1.644267e-01 1.984075e-01 5.722172e-01 4.391024e-01 -4.199146e-01 -4.266462e-02 -4.714366e-01 1.630626e-01
<VARIANCE> 15
 2.891263e-01 2.496388e-02 2.020722e-02 7.578742e-02 1.773679e-01 2.441233e-02 2.338880e-02 2.046686e-01 9.755497e-02 1.333556e-01 7.673202e-02 2.810134e-01 7.760624e-02 1.859653e-01 2.135491e-02
<GCONST> -1.089230e+01
<MIXTURE> 3 1.767880e-01
<MEAN> 15
 1.125888e+00 -3.628480e-01 -1.814214e-01 2.581137e-01 6.444118e-01 3.206361e-01 -3.327090e-02 -5.312520e-01 -3.729679e-01 4.862496e-01 3.052232e-01 -2.821090e-01 -2.004395e-02 -1.562503e-01 -1.446218e-01
<VARIANCE> 15
 1.303861e+00 2.450200e-02 1.689651e-02 5.896887e-02 2.032650e-01 8.755978e-02 2.812170e-01 6.080977e-02 1.759477e-01 2.198697e-01 8.706582e-02 4.192791e-01 1.750066e-02 4.667742e-01 7.895696e-03
<GCONST> -7.095683e+00
<TRANSP> 5
 0.000000e+00 1.000000e+00 0.000000e+00 0.000000e+00 0.000000e+00
 0.000000e+00 5.061017e-01 4.938983e-01 0.000000e+00 0.000000e+00
 0.000000e+00 0.000000e+00 9.165240e-01 8.347603e-02 0.000000e+00
 0.000000e+00 0.000000e+00 0.000000e+00 3.454567e-01 6.545433e-01
 0.000000e+00 0.000000e+00 0.000000e+00 0.000000e+00 0.000000e+00
<ENDHMM>
~h "ah-t+uh"
<BEGINHMM>
<NUMSTATES> 5
<STATE> 2
<MEAN> 15
 -6.909761e-01 1.506404e-01 -2.743629e-02 1.087618e-01 1.663408e-01 -2.608615e-02 -7.170568e-02 -1.602686e-01 9.612755e-02 5.302345e-01 4.606935e-01 -2.583843e-01 -5.606925e-02 2.029459e-01 -5.784526e-02
<VARIANCE> 15
 1.504662e+00 3.350040e-02 3.244010e-02 3.330965e-02 8.540581e-02 2.928221e-01 1.508350e-01 1.650307e-01 1.942423e-01 1.586204e-01 2.420107e-01 2.524690e-01 2.797886e-01 4.107688e-01 9.875803e-03
<GCONST> -2.687710e+00
<STATE> 3
<MEAN> 15
 1.142503e-01 7.424179e-02 9.788770e-03 2.789088e-02 -3.611603e-02 -9.278021e-03 3.033326e-03 1.022756e-02 2.856730e-02 7.908117e-03 -9.055541e-03 2.746072e-02 4.473758e-02 3.739635e-02 9.184675e-04
<VARIANCE> 15
 2.553447e+00 2.928699e+00 6.297112e-01 5.537059e-01 2.780589e-01 4.654895e-01 4.652627e-01 3.578711e-01 1.058405e+00 7.704539e-01 6.252629e-01 8.916056e-01 5.843887e-01 5.327942e-01 3.892108e-01
<GCONST> 2.179045e+01
<STATE> 4
<MEAN> 15
 9.124929e-01 -3.170927e-02 -8.126561e-02 -6.108336e-02 -1.618120e-01 -2.064204e-01 1.854166e-02 4.394764e-02 2.875028e-02 5.665302e-01 4.862135e-01 1.087377e-02 -2.072603e-01 -1.290035e-01 -2.804618e-02
<VARIANCE> 15
 4.059555e-01 3.796797e-02 2.821593e-02 6.370492e-02 7.913968e-02 5.347504e-02 1.571733e-01 4.165281e-01 1.487512e-01 2.702115e-01 2.143875e-01 1.409333e-01 2.641616e-01 9.179696e-02 1.798512e-02
<GCONST> -5.568072e+00
<TRANSP> 5
 0.000000e+00 1.000000e+00 0.000000e+00 0.000000e+00 0.000000e+00
 0.000000e+00 4.441746e-01 5.558254e-01 0.000000e+00 0.000000e+00
 0.000000e+00 0.000000e+00 9.130260e-01 8.697389e-02 0.000000e+00
 0.000000e+00 0.000000e+00 0.000000e+00 4.413640e-01 5.586361e-01
 0.000000e+00 0.000000e+00 0.000000e+00 0.000000e+00 0.000000e+00
<ENDHMM>
~h "s+ah"
<BEGINHMM>
<NUMSTATES> 5
<STATE> 2
<MEAN> 15
 -3.826443e-01 -2.481641e-01 -4.168695e-03 2.507019e-01 -7.489704e-02 -3.007178e-01 -1.189870e-01 2.560113e-01 -1.319623e-01 -6.478281e-02 1.554740e-01 5.061543e-02 2.629945e-01 -5.776802e-02 -1.275211e-01
<VARIANCE> 15
 8.101465e-01 1.369636e-01 1.479068e-02 8.577947e-02 8.876386e-02 1.419507e-01 1.899111e-01 1.249722e-01 1.942658e-01 1.510813e-01 8.883966e-02 2.647533e-01 2.787926e-01 1.807522e-01 1.759626e-02
<GCONST> -3.721403e+00
<STATE> 3
<MEAN> 15
 5.830965e-01 -1.156505e+00 8.606238e-04 -4.603009e-02 7.855638e-03 -2.608874e-02 3.386839e-02 1.187392e-01 2.079088e-02 -3.131565e-02 1.489279e-02 1.536969e-01 1.087701e-01 5.111748e-02 3.588217e-02
<VARIANCE> 15
 2.224764e+00 5.050611e-01 9.175996e-02 1.561202e-01 1.371776e-01 1.554988e-01 2.398690e-01 2.572175e-01 2.461152e-01 2.118839e-01 2.407989e-01 2.046141e-01 2.264629e-01 3.404702e-01 5.754891e-02
<GCONST> 5.424113e+00
<STATE> 4
<MEAN> 15
 1.036773e-01 -1.217529e-01 3.027133e-02 -2.307135e-03 -1.649009e-01 -8.559222e-03 1.204729e-01 4.615353e-02 -9.091729e-03 -5.019549e-04 -7.741600e-02 -1.887042e-01 -5.778952e-02 -1.040369e-01 6.331550e-02
<VARIANCE> 15
 1.124544e+00 2.729602e-02 2.551999e-02 2.380760e-02 5.932925e-02 4.783401e-02 8.864595e-02 4.146163e-01 1.423894e-01 1.331817e-01 1.513687e-01 9.520800e-02 1.847952e-01 1.857913e-01 8.001369e-03
<GCONST> -8.894444e+00
<TRANSP> 5
 0.000000e+00 1.000000e+00 0.000000e+00 0.000000e+00 0.000000e+00
 0.000000e+00 5.539755e-01 4.460245e-01 0.000000e+00 0.000000e+00
 0.000000e+00 0.000000e+00 7.608415e-01 2.391585e-01 0.000000e+00
 0.000000e+00 0.000000e+00 0.000000e+00 6.633635e-01 3.366366e-01
 0.000000e+00 0.000000e+00 0.000000e+00 0.000000e+00 0.000000e+00
<ENDHMM>
