~o
<STREAMINFO> 1 39
<VECSIZE> 39<NULLD><MFCC_D_A_0><DIAGC>
~h "f"
<BEGINHMM>
<NUMSTATES> 6
<STATE> 2
<MEAN> 39
 -6.209950e+00 -9.462678e-01 2.732522e+00 -4.898317e+00 -2.021680e+00 -1.904928e+00 -4.960118e+00 -3.962645e+00 -7.804083e+00 1.449351e-01 -5.838813e+00 -9.914658e-01 6.718688e+01 -2.467380e+00 1.759873e+00 9.882161e-01 2.235548e+00 2.843984e+00 2.153436e+00 1.767183e+00 -1.368424e-01 1.443030e+00 6.468334e-01 2.866223e+00 1.753007e+00 -2.288978e+00 -2.742390e-01 -3.396073e-01 -6.783786e-01 6.635847e-01 -1.277782e-01 -5.881895e-01 4.295348e-02 7.139865e-01 7.024202e-01 -2.703543e-01 1.534627e-01 -1.849321e-01 2.609341e-01
<VARIANCE> 39
 2.834438e+01 3.775864e+01 1.694509e+01 2.855326e+01 4.642563e-02 6.978064e+00 4.104321e+00 5.301686e+01 9.257666e+00 2.905687e+01 6.284765e+00 2.922781e+00 6.474347e+01 6.659292e+00 1.542064e+00 3.969083e+00 6.432718e-01 1.492309e+00 3.049616e-01 2.625315e+00 3.514642e+00 3.420849e+00 9.784676e-01 2.889020e+00 1.189538e+00 3.651103e-01 2.373173e-01 1.596251e-02 3.391754e-01 1.668612e-01 3.761860e-01 6.235286e-01 1.080493e-02 1.193336e+00 5.498397e-01 2.161770e-01 1.438048e-02 6.275864e-02 1.743712e-01
<GCONST> 8.276691e+01
<STATE> 3
<MEAN> 39
 -1.199325e+01 -1.154561e+00 4.830919e-01 1.030490e+00 3.650140e+00 -5.968536e-01 1.999629e-01 -4.305168e-01 8.302850e-01 1.393256e+00 -4.485702e+00 8.966019e-01 6.391674e+01 -2.808911e+00 5.550877e-01 -1.334426e+00 2.573251e+00 1.708788e+00 1.120609e+00 6.571358e-01 4.489138e-01 2.105723e+00 4.650060e-01 1.399085e+00 5.813207e-01 -1.727365e+00 5.091569e-01 -4.893416e-01 -4.286875e-01 -6.481041e-01 -7.849545e-01 -7.546470e-01 -7.182720e-01 3.396379e-02 -4.209210e-01 2.136550e-01 -2.617726e-01 -5.819272e-01 3.613220e-01
<VARIANCE> 39
 4.994120e+01 2.116533e+01 1.641943e+01 1.307146e+01 5.049309e+00 1.724199e+01 9.923527e+00 1.513987e+01 2.841230e+01 1.170107e+01 5.816476e+00 1.303058e+01 8.232192e+01 3.082798e+00 1.592905e+00 4.160477e+00 3.010671e+00 1.996393e+00 2.333766e+00 1.870094e+00 3.465341e+00 1.476010e+00 1.070881e+00 1.853663e+00 1.189770e+00 7.392221e-01 7.319424e-01 2.053024e-01 4.859469e-01 5.056132e-01 9.175166e-02 4.873501e-01 1.466714e-01 3.374313e-01 6.835167e-01 2.932101e-01 1.005338e-01 1.312859e-01 4.140181e-02
<GCONST> 9.797489e+01
<STATE> 4
<MEAN> 39
 -1.355805e+01 2.279850e+00 -8.395755e-01 5.449987e+00 4.441547e+00 -3.361407e-01 -2.611553e+00 -3.542587e+00 -1.004641e+00 3.862550e+00 2.838059e-01 -7.873166e-01 6.315257e+01 3.156594e-01 4.127742e-01 4.110563e-02 -3.351569e-02 -2.677926e-01 -5.223488e-01 -4.275405e-01 -1.687051e-01 -2.583126e-01 2.877660e-01 2.568206e-01 1.496126e-01 -8.048364e-01 2.208175e-01 -6.085405e-02 1.657243e-01 -3.001010e-01 -2.263367e-01 -3.114095e-01 7.648829e-02 4.375571e-02 -1.112258e-01 -2.270352e-01 -1.813115e-01 4.188105e-04 1.675695e-01
<VARIANCE> 39
 5.457435e+01 4.364892e+01 2.165000e+01 2.009303e+01 3.857204e+01 1.911254e+01 4.046409e+01 1.571452e+01 3.481797e+01 9.704539e+00 1.299566e+01 7.846081e+00 1.140560e+02 9.717031e-01 3.856609e-01 1.154065e+00 1.437231e+00 7.482740e-01 3.382292e+00 1.517610e+00 2.779435e+00 1.844176e+00 1.339522e+00 1.267752e+00 1.375584e+00 8.419812e-01 4.384860e-01 2.243308e-01 3.777609e-01 2.156364e-01 1.438808e-01 4.891067e-01 2.775166e-01 5.600327e-01 3.860391e-01 1.228111e-01 4.148447e-01 3.311725e-01 1.871669e-01
<GCONST> 1.008992e+02
<STATE> 5
<MEAN> 39
 -1.191799e+01 3.593372e+00 -1.295179e+00 3.400682e+00 2.422590e+00 -5.143514e+00 -6.116565e+00 -3.531447e+00 1.073650e-01 1.234968e+00 -3.725353e-01 8.262721e-01 5.738250e+01 6.087481e-01 -3.607322e-01 9.664443e-01 -4.696999e-01 -1.130782e+00 -2.430948e+00 2.460652e-01 3.191588e-01 -6.969949e-01 -2.679901e-01 7.776973e-01 -1.827907e-01 3.866195e-02 2.681657e-01 -1.470007e-01 3.057190e-01 -1.088235e-01 -3.652747e-01 2.644504e-01 1.101194e-01 -9.484193e-01 -1.027932e+00 8.995129e-02 2.939497e-02 -2.881312e-01 5.353229e-01
<VARIANCE> 39
 1.790605e+01 1.785364e+01 5.510919e+00 6.939306e+00 2.394580e+01 1.704279e+01 2.783476e+01 4.761366e+01 3.674968e+01 7.585000e+00 8.489458e+00 1.561445e+01 4.560794e+01 2.613226e+00 4.830262e+00 5.298571e+00 1.213333e+00 1.640049e+00 8.070210e+00 2.063656e+00 1.643705e+00 1.209092e+00 1.463991e+00 1.017419e+00 1.409138e+00 4.341156e+00 9.551991e-01 8.604590e-02 1.042539e-02 1.291805e-02 2.132269e-01 9.126031e-02 7.387080e-01 3.560133e-01 3.080090e-01 8.319035e-02 2.870685e-01 4.396641e-01 2.007257e-01
<GCONST> 9.520061e+01
<TRANSP> 6
 0.000000e+00 1.000000e+00 0.000000e+00 0.000000e+00 0.000000e+00 0.000000e+00
 0.000000e+00 0.000000e+00 1.000000e+00 0.000000e+00 0.000000e+00 0.000000e+00
 0.000000e+00 0.000000e+00 5.714477e-01 4.285524e-01 0.000000e+00 0.000000e+00
 0.000000e+00 0.000000e+00 0.000000e+00 8.333302e-01 1.666698e-01 0.000000e+00
 0.000000e+00 0.000000e+00 0.000000e+00 0.000000e+00 6.782160e-29 1.000000e+00
 0.000000e+00 0.000000e+00 0.000000e+00 0.000000e+00 0.000000e+00 0.000000e+00
<ENDHMM>
