~o
<STREAMINFO> 1 39
<VECSIZE> 39<NULLD><MFCC_D_A_0><DIAGC>
~h "kh"
<BEGINHMM>
<NUMSTATES> 6
<STATE> 2
<MEAN> 39
 -1.281217e+01 3.406261e+00 -3.606872e+00 -9.731072e-01 -9.116131e-01 -5.179010e+00 -9.101105e+00 -9.457925e+00 -7.559965e+00 -4.178040e+00 -7.431768e+00 -4.767850e+00 5.728432e+01 -1.602740e+00 1.615451e+00 1.749598e+00 1.701687e+00 9.207893e-01 2.833101e+00 5.463514e-02 -7.102132e-02 2.303975e+00 8.824578e-02 1.030226e+00 3.326454e-02 -3.165539e+00 2.448189e-02 -1.065607e+00 -7.770452e-01 -5.810205e-01 -2.531108e-02 -5.764706e-01 5.183566e-01 6.087315e-01 2.077736e-01 8.685296e-01 -4.415873e-01 -1.746230e-01 5.333453e-01
<VARIANCE> 39
 8.486591e+00 1.688075e+01 2.185246e+01 7.710172e+01 4.158221e+01 2.679520e+01 2.364934e+01 6.742587e+01 2.589246e+01 1.991205e+01 1.579688e+00 1.382892e+01 6.808142e+01 4.181856e-01 7.728559e-01 5.452441e-01 1.687512e+00 1.188018e+01 1.193897e+01 2.623937e-01 3.218765e+00 7.709889e+00 8.144082e+00 4.897622e+00 3.589786e-01 1.312467e+00 2.340025e-02 3.387054e-01 2.443496e-01 1.650927e+00 3.142207e-01 2.459980e-01 5.663535e-01 8.922852e-01 1.445597e+00 3.424919e-01 1.787429e-01 1.339173e-01 1.649738e-01
<GCONST> 1.053352e+02
<STATE> 3
<MEAN> 39
 -1.446626e+01 -2.198358e-01 -4.795868e+00 -1.340130e+00 3.552354e+00 -8.811245e+00 -7.547586e+00 -7.779318e+00 -4.142326e+00 2.452507e+00 -8.306977e+00 -9.858611e-01 5.263380e+01 3.229021e-01 -1.296418e-01 7.231479e-03 4.989493e-02 3.104980e-01 -8.057607e-01 -3.827045e-01 -3.945508e-01 2.397053e-01 1.468074e+00 -2.717942e-01 9.779628e-02 3.019944e-01 4.075631e-01 -2.438772e-02 -1.186006e-01 -2.217530e-01 -1.585667e-01 -3.744937e-01 9.551524e-03 -8.229460e-02 -3.266357e-01 -2.410848e-01 2.076811e-01 -5.098203e-02 3.164711e-01
<VARIANCE> 39
 7.208639e+00 2.068148e+01 2.262110e+01 1.218661e+01 4.740268e+01 4.310403e+01 2.933825e+01 4.833989e+01 1.800394e+01 3.408887e+01 4.791275e+01 4.353793e+01 7.328730e+01 1.666838e+00 5.108420e+00 5.697126e+00 3.620469e+00 3.875345e+00 7.216259e+00 3.270884e+00 1.264240e+00 3.801497e+00 2.627082e+00 1.030846e+01 1.449956e+00 6.368053e+00 1.094602e-01 1.094569e+00 1.208477e+00 7.528666e-01 8.421119e-01 2.537277e+00 6.464729e-01 2.212745e-01 1.593761e-01 1.418464e+00 2.854922e+00 1.674656e-01 1.650973e+00
<GCONST> 1.271882e+02
<STATE> 4
<MEAN> 39
 -1.564505e+01 -1.382088e+00 -7.568861e+00 -2.142088e+00 6.586723e+00 -5.625263e+00 -6.723987e+00 -3.810053e+00 -4.151152e-01 3.115205e+00 -4.192702e+00 -1.923178e+00 5.206701e+01 6.932297e-01 2.701856e-02 4.653167e-01 -4.626714e-02 -1.291466e+00 6.633151e-01 4.683208e-01 -6.074004e-01 -7.688879e-01 -7.673678e-01 3.393099e-01 -3.817312e-02 -6.446062e-01 2.373194e-01 -1.583929e-01 1.267263e-03 -1.519737e-02 -1.546544e-01 1.089399e-02 -7.688678e-02 -1.052938e-01 -4.206261e-01 -8.210515e-02 -3.070847e-01 -1.217310e-01 3.356893e-01
<VARIANCE> 39
 3.414597e+01 2.512048e+01 5.834809e+01 8.105765e+00 8.323146e+01 1.968357e+01 1.566625e+01 7.108640e+01 7.443063e+01 3.455569e+01 3.336102e+01 1.928424e+01 3.117285e+01 2.012919e+00 1.912815e+00 3.103776e+00 9.434510e-01 4.607638e+00 2.864445e+00 9.323992e-01 3.587300e+00 6.434927e+00 5.709991e+00 5.063982e+00 1.735120e+00 1.615093e+00 3.388709e-01 4.062045e-01 7.140474e-01 1.562772e-01 1.079890e+00 2.517775e-01 3.327727e-01 8.801495e-01 1.324262e+00 8.423460e-01 8.842384e-01 3.424211e-01 2.212582e-01
<GCONST> 1.199325e+02
<STATE> 5
<MEAN> 39
 -4.614048e+00 1.959690e+00 -1.353536e+00 5.490150e-01 -3.990735e+00 -4.215287e+00 -5.512436e+00 -1.502444e+01 -1.299800e+01 -4.224228e+00 -7.545577e+00 -7.833903e+00 5.475817e+01 2.570489e+00 -6.301104e-01 7.999283e-01 -4.495724e-01 -1.175755e+00 -1.773672e-01 -4.819424e-01 -1.032783e+00 -3.283367e+00 -2.150743e+00 -5.865141e-01 -1.071184e+00 1.862478e+00 -3.618165e-01 -1.441375e-01 1.987347e-01 -4.369945e-01 2.125540e-01 2.157509e-01 -8.640186e-01 2.586499e-01 2.755622e-01 1.101745e-01 3.845820e-01 2.024465e-01 3.049065e-01
<VARIANCE> 39
 1.151720e+01 1.894283e+01 1.326100e+01 1.343729e+01 1.852282e+01 7.649835e+01 8.150771e+00 1.633074e+01 5.209694e+00 3.904093e+01 4.127839e+00 2.383358e+00 2.553201e+01 1.997491e+00 6.296155e+00 1.737692e+00 2.037718e+00 1.640691e+00 6.627027e+00 2.990244e+00 9.046572e+00 6.685088e+00 8.382121e+00 3.214599e+00 1.671910e+00 2.769313e+00 4.927892e-02 1.212458e-01 1.499157e-02 9.545848e-02 3.222068e-01 4.601635e-01 4.724056e-01 1.678794e-01 5.999496e-01 1.358351e-01 2.374306e-01 5.789452e-02 9.000143e-02
<GCONST> 9.612575e+01
<TRANSP> 6
 0.000000e+00 1.000000e+00 0.000000e+00 0.000000e+00 0.000000e+00 0.000000e+00
 0.000000e+00 3.436478e-38 1.000000e+00 0.000000e+00 0.000000e+00 0.000000e+00
 0.000000e+00 0.000000e+00 7.689046e-01 2.310955e-01 0.000000e+00 0.000000e+00
 0.000000e+00 0.000000e+00 0.000000e+00 8.637514e-01 1.362487e-01 0.000000e+00
 0.000000e+00 0.000000e+00 0.000000e+00 0.000000e+00 8.291603e-20 1.000000e+00
 0.000000e+00 0.000000e+00 0.000000e+00 0.000000e+00 0.000000e+00 0.000000e+00
<ENDHMM>
