~o
<STREAMINFO> 1 39
<VECSIZE> 39<NULLD><MFCC_D_A_0><DIAGC>
~h "l"
<BEGINHMM>
<NUMSTATES> 6
<STATE> 2
<MEAN> 39
 -3.793273e+00 -3.972611e+00 -3.068793e+00 -8.715376e+00 -7.398163e+00 -2.607131e+00 -8.099996e+00 -9.384893e+00 -3.142969e+00 8.332006e+00 -8.686814e+00 -4.679070e+00 6.923976e+01 4.870694e-01 -1.204152e-01 7.070801e-01 9.722201e-01 -9.562627e-01 -5.804718e-01 -9.335606e-01 -1.934029e+00 5.645897e-01 6.294412e-01 -1.122641e-01 1.000862e-01 -2.665678e-01 -2.318071e-01 2.441307e-01 -2.833619e-02 2.679363e-02 1.264290e-01 -2.537035e-01 1.450561e-01 1.971001e-01 -1.880679e-01 -4.446336e-02 1.722804e-01 -2.721432e-01 -3.298689e-02
<VARIANCE> 39
 4.133789e+01 2.489437e+01 2.731846e+01 5.803594e+01 1.309469e+02 2.401566e+01 8.422950e+01 1.029429e+02 4.967999e+01 4.430960e+01 8.240003e+01 2.586728e+01 1.566606e+02 2.200094e+00 1.855330e+00 1.027301e+00 2.942576e+00 2.327932e+00 2.570534e+00 4.560466e+00 3.078930e+00 1.721568e+00 2.499711e+00 2.253298e+00 1.462242e+00 2.220508e+00 2.152129e-01 2.488632e-01 3.491052e-01 5.562356e-01 5.915887e-01 3.274904e-01 6.090026e-01 9.587588e-01 6.659378e-01 3.230377e-01 2.192166e-01 2.012591e-01 1.799508e-01
<GCONST> 1.207946e+02
<STATE> 3
<MEAN> 39
 -7.091581e+00 -1.950011e+00 -5.413600e+00 -5.652443e+00 -1.001817e+01 -1.026203e+01 -7.853407e+00 -1.731731e+01 7.524272e-01 9.656199e+00 -9.499020e+00 -6.287963e+00 6.950816e+01 2.226717e-01 8.427312e-01 8.620349e-01 3.809582e-01 4.382032e-02 -7.813689e-01 -1.290987e+00 -2.649169e-02 -9.444951e-01 4.627550e-01 7.799745e-01 -1.066939e+00 -1.407560e-01 6.862625e-02 3.105928e-01 1.190903e-01 -2.208131e-01 3.102421e-01 1.166466e-01 6.702325e-02 1.039286e+00 -5.031559e-01 -8.335527e-01 2.960579e-01 3.097377e-02 -7.702120e-02
<VARIANCE> 39
 4.499069e+01 2.443802e+01 6.282260e+01 5.245104e+01 4.421727e+01 3.550554e+01 1.051571e+02 9.583140e+01 5.059927e+01 3.474058e+01 5.296319e+01 3.430629e+01 1.089073e+02 2.136314e+00 2.272573e+00 3.121258e+00 3.818918e+00 2.541801e+00 2.112840e+00 3.979648e+00 5.290158e+00 4.782644e+00 2.367638e+00 3.767120e+00 1.829749e+00 4.213017e+00 6.042567e-01 2.748594e-01 6.063505e-01 5.043038e-01 2.557487e-01 3.579843e-01 1.479948e+00 1.335450e+00 7.070919e-01 5.108389e-01 4.204509e-01 5.923793e-01 5.726308e-01
<GCONST> 1.299503e+02
<STATE> 4
<MEAN> 39
 -8.693417e+00 1.587100e+00 1.410434e-01 -4.486523e+00 -7.525648e+00 -6.983840e+00 -8.410114e+00 -1.262977e+01 -6.573764e+00 7.323234e+00 -6.251099e+00 -6.839386e+00 6.422099e+01 1.997706e+00 4.162583e-01 6.044160e-01 -4.096496e-01 1.253785e-01 -6.782889e-01 -2.188338e+00 8.358113e-01 -1.627527e+00 -5.257401e-01 1.105112e-01 -9.136742e-01 1.081804e+00 4.765651e-03 -4.058815e-01 -5.304630e-01 -3.747995e-01 2.507972e-01 -2.053267e-01 2.484042e-01 1.151927e+00 3.242857e-01 -3.808880e-01 1.228695e-01 2.862738e-01 4.662743e-01
<VARIANCE> 39
 5.219371e+01 2.756772e+01 2.391502e+01 3.894363e+01 3.859635e+01 3.169161e+01 1.039296e+02 1.001463e+02 5.161130e+01 2.199294e+01 4.684773e+01 2.056902e+01 1.112766e+02 5.085392e+00 3.748056e+00 3.502552e+00 2.854619e+00 3.343752e+00 5.201575e+00 7.287647e+00 8.015734e+00 6.047772e+00 5.397401e+00 3.628721e+00 1.573339e+00 7.689250e+00 5.705163e-01 3.618148e-01 4.815055e-01 5.619836e-01 3.310839e-01 5.674796e-01 2.248763e+00 8.693883e-01 9.200386e-01 4.578895e-01 6.193708e-01 5.036122e-01 3.688911e-01
<GCONST> 1.332902e+02
<STATE> 5
<MEAN> 39
 -4.260946e+00 -2.203773e+00 -2.556469e+00 -6.946351e+00 -9.727837e+00 -1.289727e+01 -1.398325e+01 -7.797386e+00 -5.217602e+00 5.382529e+00 -6.185486e+00 -9.570559e+00 7.408409e+01 -4.771197e-02 -6.692947e-01 -7.824721e-01 -1.279882e+00 2.684141e-01 -1.256354e+00 1.143959e+00 3.496454e+00 4.114321e-01 -1.406963e+00 3.408517e-01 -1.493736e-01 1.624191e+00 -3.258859e-01 -7.919675e-02 -1.453769e-01 -4.735449e-02 -1.825622e-01 3.035805e-01 8.756081e-01 -1.155940e-01 3.050903e-01 -1.294034e-01 -3.946100e-01 2.681670e-01 -1.517988e-01
<VARIANCE> 39
 1.837655e+01 3.836587e+01 3.274643e+01 2.722216e+01 3.261149e+01 4.670273e+01 4.713999e+01 5.185278e+01 1.101842e+02 5.414693e+01 6.465499e+01 2.557385e+01 1.218783e+02 1.477285e+00 3.119654e+00 3.804320e+00 3.643006e+00 2.108260e+00 3.650838e+00 1.164115e+01 5.025182e+00 6.632338e+00 4.860853e+00 4.332186e+00 3.547229e+00 4.629739e+00 3.841768e-01 2.846095e-01 3.797870e-01 2.718040e-01 6.201192e-01 4.861870e-01 1.066931e+00 1.737967e+00 1.355184e+00 5.004051e-01 6.948153e-01 2.618265e-01 3.060639e-01
<GCONST> 1.307283e+02
<TRANSP> 6
 0.000000e+00 1.000000e+00 0.000000e+00 0.000000e+00 0.000000e+00 0.000000e+00
 0.000000e+00 5.915018e-01 4.084982e-01 0.000000e+00 0.000000e+00 0.000000e+00
 0.000000e+00 0.000000e+00 3.577183e-01 6.422817e-01 0.000000e+00 0.000000e+00
 0.000000e+00 0.000000e+00 0.000000e+00 3.886941e-01 6.113059e-01 0.000000e+00
 0.000000e+00 0.000000e+00 0.000000e+00 0.000000e+00 4.406490e-01 5.593510e-01
 0.000000e+00 0.000000e+00 0.000000e+00 0.000000e+00 0.000000e+00 0.000000e+00
<ENDHMM>
