~o
<STREAMINFO> 1 39
<VECSIZE> 39<NULLD><MFCC_D_A_0><DIAGC>
~h "m"
<BEGINHMM>
<NUMSTATES> 6
<STATE> 2
<MEAN> 39
 9.409792e-01 -8.716441e-01 7.144490e-01 -3.155060e+00 -8.039612e+00 -1.059655e+00 -5.464395e+00 -1.318812e+01 -1.646891e+01 5.007751e+00 -1.870540e-01 -7.684300e+00 6.745836e+01 -5.043131e-01 4.023466e-01 3.161366e+00 3.275558e+00 4.709946e-01 6.117904e-01 3.145912e-02 -3.017839e+00 -2.757885e+00 5.684797e-01 -1.599535e+00 4.335129e-01 -1.521104e+00 -2.663927e-01 -6.226748e-01 -2.778267e-01 -5.412166e-01 4.095751e-01 -2.749900e-01 -3.504266e-01 4.000303e-01 1.007586e+00 -3.991910e-01 -2.705799e-01 2.104247e-01 6.518397e-01
<VARIANCE> 39
 8.361549e+00 2.481542e+01 2.431893e+01 4.332468e+01 2.839159e+01 3.809336e+01 3.688685e+01 3.647361e+01 1.601395e+01 1.146965e+01 6.492446e+01 1.194646e+01 6.112319e+01 2.234055e-01 1.673000e+00 1.660809e+00 1.266838e+00 1.578221e+00 1.724480e+00 2.154886e+00 5.492104e+00 4.021536e+00 3.066569e+00 6.468626e+00 3.984383e+00 3.129704e-01 9.888183e-02 1.542110e-01 6.190416e-01 6.859372e-01 4.154519e-01 5.118645e-01 8.476709e-01 6.682110e-01 6.361444e-01 4.709296e-01 1.202270e+00 3.282963e-01 9.987516e-02
<GCONST> 1.103793e+02
<STATE> 3
<MEAN> 39
 -2.724841e+00 -1.295731e+00 8.880333e+00 -3.542269e+00 -1.125854e+01 -1.793959e+00 -1.282947e+01 -1.862371e+01 -1.092215e+01 1.564520e+00 -1.068060e+01 -7.273333e+00 7.274831e+01 -5.307614e-01 -4.763587e-01 5.550531e-01 2.875381e-01 4.607802e-01 -3.301442e-01 -3.571499e-01 -2.406767e-01 2.577842e-01 -6.131172e-01 -7.919354e-01 1.471036e-01 2.798607e-01 1.793465e-02 -1.750707e-01 -1.200981e+00 -8.149868e-01 -2.829786e-02 -4.833075e-02 2.161955e-01 8.885677e-01 5.726383e-01 -8.818436e-02 6.585487e-01 -5.310725e-02 5.570907e-01
<VARIANCE> 39
 5.745017e+00 1.616507e+01 2.416290e+01 1.165236e+01 6.151067e+01 2.292451e+01 6.565252e+01 1.721338e+01 5.525625e+01 2.158510e+01 6.731274e+01 3.436354e+01 7.806059e+01 9.001762e-02 3.354797e-01 3.251457e+00 9.434939e-01 2.128834e+00 2.101027e+00 1.249483e+00 3.290072e+00 2.307997e+00 1.103991e+00 3.385949e+00 2.084904e+00 4.247774e-01 4.926467e-02 2.761912e-01 5.416935e-01 4.715604e-01 4.293799e-01 3.828461e-01 4.386312e-01 7.604568e-01 1.049596e+00 4.763325e-01 1.308824e+00 6.299039e-01 1.796675e-01
<GCONST> 1.067157e+02
<STATE> 4
<MEAN> 39
 -2.085772e-01 -5.192365e+00 5.173351e+00 -2.567029e+00 -3.924520e+00 1.130523e+00 -9.221089e+00 -1.194724e+01 -1.566603e+01 2.490741e+00 -1.171638e+00 -4.190709e+00 6.596381e+01 -1.783400e-02 -3.339461e-01 -1.541471e+00 -1.367938e+00 -1.768436e-01 -2.129106e-01 2.026989e-01 1.587646e+00 1.157940e+00 -3.838224e-01 5.408264e-01 4.521045e-02 7.246171e-01 -3.345035e-02 -2.265896e-02 -7.919862e-01 -6.552576e-01 -1.026044e-01 -2.238107e-01 1.989852e-01 6.353772e-01 5.542161e-01 2.348586e-01 1.562546e-01 -5.863454e-01 2.817598e-01
<VARIANCE> 39
 1.182355e+01 3.199577e+01 2.672608e+01 1.988068e+01 1.142378e+01 5.312313e+01 3.187594e+01 5.119843e+01 3.069053e+01 1.327792e+01 6.893047e+01 1.343380e+01 3.241949e+01 4.119344e-01 6.648913e-01 3.449239e+00 1.579388e+00 1.556788e+00 7.143219e-01 2.028012e+00 2.353215e+00 2.334403e+00 1.137899e+00 1.593929e+00 2.039369e+00 6.892803e-01 7.951175e-02 1.676899e-01 2.889528e-01 1.827275e-01 4.327354e-01 1.701661e-01 1.252844e-01 5.818344e-01 7.678396e-01 1.522549e-01 3.150177e-01 4.007240e-01 7.684031e-02
<GCONST> 9.859862e+01
<STATE> 5
<MEAN> 39
 -2.758822e+00 -2.910793e+00 -6.492352e+00 -8.573706e+00 -6.165154e+00 -3.184882e+00 -6.262735e+00 -9.454693e+00 -6.717710e+00 9.120405e-01 -7.243322e-01 -6.804560e+00 7.165604e+01 -6.331125e-01 -1.348597e+00 -3.298849e+00 -2.533091e+00 9.329721e-01 -1.138007e+00 1.021452e+00 2.558011e+00 3.396061e+00 3.981237e-01 -4.426814e-01 -2.243847e+00 2.003667e+00 -1.774426e-01 -6.954699e-02 5.527118e-01 3.238076e-01 2.592567e-01 -3.190872e-01 1.231781e-01 2.617764e-02 -1.614272e-01 5.044140e-02 -8.909910e-01 -2.371390e-01 -1.648285e-01
<VARIANCE> 39
 1.596626e+01 1.645354e+01 6.868248e+01 3.519708e+01 1.275757e+01 3.316813e+01 3.932873e+01 4.194047e+01 6.019006e+01 1.619689e+01 3.708365e+01 1.249011e+01 4.987300e+01 4.541274e-01 1.959179e+00 2.510387e+00 1.392713e+00 1.377159e+00 1.759451e+00 1.785126e+00 2.019994e+00 7.186357e+00 1.015372e+00 4.279117e+00 1.401674e+00 1.353210e+00 1.361463e-01 3.479991e-01 4.861803e-01 6.021750e-01 9.436338e-01 3.328856e-01 6.638084e-01 3.530344e-01 1.100145e+00 3.329588e-01 2.887031e-01 4.594441e-01 1.869470e-01
<GCONST> 1.112201e+02
<TRANSP> 6
 0.000000e+00 1.000000e+00 0.000000e+00 0.000000e+00 0.000000e+00 0.000000e+00
 0.000000e+00 3.846324e-01 6.153677e-01 0.000000e+00 0.000000e+00 0.000000e+00
 0.000000e+00 0.000000e+00 6.195620e-01 3.804379e-01 0.000000e+00 0.000000e+00
 0.000000e+00 0.000000e+00 0.000000e+00 6.183584e-01 3.816416e-01 0.000000e+00
 0.000000e+00 0.000000e+00 0.000000e+00 0.000000e+00 3.338430e-01 6.661570e-01
 0.000000e+00 0.000000e+00 0.000000e+00 0.000000e+00 0.000000e+00 0.000000e+00
<ENDHMM>
