~o
<STREAMINFO> 1 39
<VECSIZE> 39<NULLD><MFCC_D_A_0><DIAGC>
~h "p"
<BEGINHMM>
<NUMSTATES> 6
<STATE> 2
<MEAN> 39
 -1.125750e+01 3.644639e+00 -1.531823e+00 -5.937566e-01 1.115792e+00 7.883734e-01 -2.073177e+00 -2.328037e+00 -2.146194e+00 2.236256e-01 -1.314437e+00 -8.486119e-01 4.801563e+01 -2.162806e+00 4.851125e-01 1.604280e+00 2.661273e+00 1.140855e+00 7.312535e-01 9.263692e-01 8.159629e-01 -3.283613e-01 -6.475937e-01 -3.036710e-01 1.121687e+00 -3.197427e+00 -1.495032e-01 -5.194179e-01 -1.966253e-01 -2.116899e-01 3.507335e-02 -3.768846e-01 1.167367e-01 5.270295e-02 -1.137847e-01 -3.522674e-01 -1.237913e-01 -1.117728e-01 8.758636e-01
<VARIANCE> 39
 3.361692e+01 2.467917e+01 2.485941e+01 2.935833e+01 1.566112e+01 1.314514e+01 1.409297e+01 1.961746e+01 2.130335e+01 9.616082e+00 1.973520e+01 2.449781e+01 5.272504e+01 2.801126e+00 2.640538e+00 4.135426e+00 2.688250e+00 5.713094e-01 2.723793e+00 2.414264e+00 1.392182e+00 2.204596e+00 2.196711e+00 1.599952e+00 2.017336e+00 8.534608e+00 6.341729e-01 1.010700e+00 7.715388e-01 1.293325e+00 6.003356e-01 3.568666e-01 8.219122e-01 7.467294e-01 5.004222e-01 6.221727e-01 4.989703e-01 4.838213e-01 1.422718e+00
<GCONST> 1.176547e+02
<STATE> 3
<MEAN> 39
 -1.681251e+01 1.095426e+00 -9.979259e-01 2.559106e+00 1.865249e+00 9.804263e-01 3.536674e-01 -4.903181e-01 -1.302616e+00 4.283012e-02 1.870362e-01 1.620966e+00 4.453207e+01 -2.859380e-02 -5.672106e-01 -5.198661e-01 -8.264762e-01 -6.622745e-01 -7.785322e-01 -3.499054e-01 -8.125217e-03 -7.947724e-02 -2.924514e-01 1.497724e-01 -5.058419e-02 2.279684e+00 1.428732e+00 -6.280057e-03 -5.663927e-01 -1.267305e+00 -5.386015e-01 -5.763583e-01 -7.370785e-01 -3.848147e-01 -1.117173e-01 1.126854e-01 -3.692218e-01 -9.091139e-01 2.279692e+00
<VARIANCE> 39
 3.222217e+00 4.892016e+00 4.610454e+00 8.387952e+00 8.508190e+00 6.417906e+00 4.526872e+00 9.964124e+00 1.353445e+01 2.500676e+01 2.787268e+01 1.855103e+01 3.799061e+01 3.640542e+00 2.461968e+00 2.163528e+00 1.745727e+00 2.533104e+00 1.351571e+00 2.144969e+00 2.529461e+00 2.549417e+00 2.463263e+00 3.466759e+00 1.895935e+00 7.229500e+00 2.245173e-01 2.243449e-01 4.687575e-01 2.768472e-01 4.310979e-01 4.924768e-01 4.276195e-01 2.027745e-01 5.605346e-01 4.564092e-01 6.381230e-01 5.165906e-01 4.032992e-01
<GCONST> 1.013451e+02
<STATE> 4
<MEAN> 39
 -1.134176e+01 2.745970e+00 -1.516053e+00 -1.761385e+00 -1.237264e+00 -3.359528e+00 -5.326287e+00 -3.467696e+00 -3.676403e+00 -2.527532e+00 -3.993635e+00 -7.447682e-01 5.741847e+01 3.781812e+00 -7.215670e-01 -1.702039e+00 -3.373131e+00 -1.363356e+00 -1.638827e+00 -1.908740e+00 -5.488084e-01 -7.579802e-01 5.021656e-01 -9.195902e-01 -2.408274e+00 6.260350e+00 4.791876e-01 -8.086038e-01 -5.526138e-01 -4.552765e-01 1.349742e-01 5.210295e-02 2.058280e-01 3.545415e-01 3.018939e-02 5.607160e-01 -1.616322e-02 -6.485183e-01 2.602365e-01
<VARIANCE> 39
 2.037941e+01 3.359113e+01 1.526656e+01 1.257099e+01 3.487797e+01 3.430254e+01 3.700002e+01 5.117414e+01 4.802682e+01 2.780213e+01 3.226457e+01 2.182790e+01 1.049421e+02 1.455703e+00 2.017348e+00 3.044983e+00 2.075199e+00 5.113802e+00 4.535086e+00 3.498902e+00 3.403032e+00 5.226754e+00 2.855494e+00 4.697759e+00 4.897389e+00 2.986424e+00 8.824773e-01 4.498638e-01 8.773105e-01 6.388152e-01 6.923171e-01 3.184451e-01 9.311740e-01 7.166890e-01 1.460063e+00 6.041510e-01 8.316949e-01 6.724967e-01 1.622639e+00
<GCONST> 1.283366e+02
<STATE> 5
<MEAN> 39
 -2.589462e+00 -6.847572e-01 -9.121114e+00 -1.015558e+01 -3.547329e+00 -6.924681e+00 -6.774447e+00 -5.223747e+00 -3.646262e+00 -5.717825e-01 -2.838468e+00 -8.786662e+00 6.822713e+01 2.336221e+00 -2.806366e+00 -2.632041e+00 -2.582001e+00 -4.369808e-01 -1.191244e+00 2.325215e-01 8.478478e-01 2.309695e-01 1.127864e+00 -9.484122e-01 -3.081822e+00 5.209039e+00 -1.099391e+00 -1.820185e-01 7.094462e-01 1.105720e+00 2.386030e-01 8.535410e-02 5.660279e-01 4.518754e-01 1.533676e-01 -1.599302e-01 -1.483252e-01 5.611146e-01 -1.528084e+00
<VARIANCE> 39
 7.162367e+00 9.182975e+00 3.149146e+01 1.227983e+01 5.125881e+01 3.453996e+01 3.659281e+01 2.809610e+01 1.681765e+01 2.253748e+01 3.449440e+01 2.868527e+01 5.383904e+01 4.570717e+00 1.718403e+00 3.063939e+00 2.516844e+00 3.160183e+00 1.893648e+00 4.555710e+00 3.870673e+00 9.755457e+00 4.531190e+00 4.479372e+00 5.432299e+00 6.168094e+00 1.218111e-01 3.280216e-01 6.649850e-01 3.767730e-01 5.953261e-01 4.363270e-01 6.731913e-01 3.019527e-01 4.226342e-01 2.235559e-01 1.028021e+00 6.852376e-01 5.241997e-01
<GCONST> 1.197182e+02
<TRANSP> 6
 0.000000e+00 1.000000e+00 0.000000e+00 0.000000e+00 0.000000e+00 0.000000e+00
 0.000000e+00 4.715874e-01 5.284126e-01 0.000000e+00 0.000000e+00 0.000000e+00
 0.000000e+00 0.000000e+00 5.906678e-01 4.093322e-01 0.000000e+00 0.000000e+00
 0.000000e+00 0.000000e+00 0.000000e+00 5.258343e-01 4.741657e-01 0.000000e+00
 0.000000e+00 0.000000e+00 0.000000e+00 0.000000e+00 1.818243e-01 8.181758e-01
 0.000000e+00 0.000000e+00 0.000000e+00 0.000000e+00 0.000000e+00 0.000000e+00
<ENDHMM>
