~o
<STREAMINFO> 1 39
<VECSIZE> 39<NULLD><MFCC_D_A_0><DIAGC>
~h "sy"
<BEGINHMM>
<NUMSTATES> 6
<STATE> 2
<MEAN> 39
 -1.928097e+01 4.990549e+00 2.451955e+00 -3.287110e+00 5.409407e+00 -6.307166e+00 3.137578e+00 2.925794e+00 -1.005359e+01 5.383844e-01 -2.186558e+00 4.362354e+00 5.850472e+01 -4.701235e+00 2.267251e+00 9.107591e-01 1.191387e+00 3.109802e+00 7.250247e-01 1.236611e+00 -2.802392e-02 6.863279e-01 -3.127279e+00 3.008875e+00 -1.629066e+00 -5.045332e-01 5.135700e-02 -1.910896e-01 -5.205876e-01 -4.065635e-01 -2.947968e-01 -2.812404e-01 -3.220896e-01 -1.510601e-01 6.328712e-01 -1.779488e-01 -5.626388e-01 -5.725546e-01 5.060058e-01
<VARIANCE> 39
 3.111850e+01 2.497378e+01 1.031071e+01 1.562545e+00 1.136987e+01 2.271943e+01 2.038283e+01 3.738388e+01 5.406659e+01 4.257938e+00 2.935290e+01 5.126652e+01 4.283859e+00 5.004817e+00 3.001746e+00 8.899457e-01 5.264459e+00 2.886019e+00 1.295069e+00 5.678293e+00 4.851958e+00 1.225704e+00 1.055393e+00 1.046305e+00 9.406939e-02 9.254030e-01 6.498518e-01 1.628145e-01 3.048410e-01 3.202135e-01 6.574212e-02 9.681901e-01 1.399135e-01 6.871822e-01 5.682710e-01 1.266621e-01 1.081871e+00 1.170719e-01 5.242769e-02
<GCONST> 9.694757e+01
<STATE> 3
<MEAN> 39
 -2.696729e+01 7.738753e+00 2.338793e+00 -6.336728e+00 4.547972e+00 -7.020585e+00 -1.570005e+00 -1.022278e+00 -2.136935e+00 -3.688567e+00 -2.344348e+00 9.469773e-02 6.090327e+01 -1.593618e-01 -4.552626e-01 -3.609955e-01 -5.369812e-01 -7.374880e-01 -5.984006e-02 -7.955327e-01 8.720236e-02 8.738667e-01 1.117733e-01 -2.143045e-01 -5.017577e-01 5.476932e-01 4.164464e-01 -4.340474e-01 -2.578612e-01 -3.109459e-01 -2.766042e-01 6.794349e-02 -1.072812e-01 6.436847e-02 2.450492e-02 3.326553e-01 -3.450814e-01 6.438405e-02 9.396236e-02
<VARIANCE> 39
 1.048849e+02 3.305220e+01 1.682782e+01 3.437677e+01 8.196732e+01 3.703701e+01 5.928832e+01 3.755632e+01 2.071396e+01 7.041914e+00 2.085244e+01 1.426639e+01 1.030541e+01 1.339181e+01 5.053173e+00 2.686312e+00 2.145775e+00 6.681930e+00 6.131040e+00 5.187717e+00 3.089736e+00 3.042309e+00 1.935341e+00 4.290679e+00 1.703999e+00 6.582724e-01 1.293849e+00 5.254331e-01 1.882081e-01 4.703372e-01 1.496285e+00 1.008966e+00 1.452456e+00 4.574595e-01 4.458086e-01 4.358070e-01 5.327953e-01 4.229032e-01 1.559723e-01
<GCONST> 1.229294e+02
<STATE> 4
<MEAN> 39
 -2.835954e+01 1.879509e+00 5.459669e+00 -8.826752e+00 -6.575649e-01 -1.923702e+00 -5.126654e+00 2.304622e+00 1.413875e+00 -2.625637e+00 -1.747799e+00 2.322631e-01 5.984379e+01 1.534749e+00 -1.025647e+00 3.515714e-01 -1.344797e-01 -9.904323e-01 -2.757050e-01 -4.366481e-01 -2.551170e-01 -4.189138e-01 -1.586815e-01 -5.491281e-01 -2.843551e-01 1.583066e-01 3.968573e-01 -5.702848e-02 2.548632e-02 6.585725e-02 -4.378489e-03 -2.597651e-01 7.455803e-02 2.632741e-03 -4.107535e-01 -9.232181e-02 -1.425079e-02 -1.046154e-01 1.186659e-01
<VARIANCE> 39
 6.439542e+01 3.666065e+01 2.110336e+01 1.072846e+01 3.506610e+01 2.004274e+01 1.872253e+01 2.869843e+01 2.644032e+01 2.577169e+01 3.032913e+01 1.216982e+01 1.316535e+01 6.215043e+00 5.664230e+00 1.135436e+00 2.635516e+00 3.730413e+00 1.344110e+00 4.807161e+00 5.409468e+00 5.226451e+00 1.667225e+00 4.650728e-01 2.023547e+00 1.682266e+00 6.366358e-01 5.651735e-01 2.213272e-01 6.326509e-01 4.232250e-01 1.320926e-01 7.289555e-01 7.417314e-01 4.572164e-01 3.466714e-01 1.283505e-01 2.659220e-01 3.374793e-01
<GCONST> 1.120799e+02
<STATE> 5
<MEAN> 39
 -7.210608e+00 -7.651097e+00 2.133860e+00 -9.573041e+00 -1.174583e+01 -1.016149e+01 -8.679697e+00 2.721554e+00 -6.520620e+00 -2.844440e+00 -8.436701e+00 -4.735148e+00 6.648655e+01 2.044637e+00 -1.720928e+00 -1.382976e+00 -1.977709e+00 5.532565e-01 -1.285775e+00 6.813914e-01 8.245396e-02 -2.098418e+00 -3.266182e-01 -1.622158e-01 -9.580445e-01 1.683599e+00 -1.111164e+00 7.691025e-01 -6.773208e-02 -2.214694e-01 8.719527e-01 -1.239255e-01 6.201377e-01 -2.045750e-01 6.329150e-01 -2.239719e-01 1.285514e-01 4.829120e-01 -2.740094e-01
<VARIANCE> 39
 5.658600e+00 1.178135e+02 1.721362e+02 4.376608e+00 1.085254e+02 1.144275e+01 6.696573e+01 1.724049e+02 3.738192e+01 2.739042e+00 5.274273e+01 3.625255e+00 1.897475e+01 1.340806e+00 3.348203e+00 6.584381e-01 1.546777e+00 2.054175e+01 4.274958e-01 5.416919e+00 7.267891e+00 2.590060e+00 7.573836e-01 2.862319e-01 8.147895e-01 9.021947e-01 3.796151e-01 2.836165e+00 1.157810e+00 5.441703e-01 4.520899e-01 2.223690e-01 1.142532e+00 2.629416e+00 1.169640e+00 4.963592e-02 2.407022e-01 2.069385e-01 2.455644e-01
<GCONST> 1.117529e+02
<TRANSP> 6
 0.000000e+00 1.000000e+00 0.000000e+00 0.000000e+00 0.000000e+00 0.000000e+00
 0.000000e+00 0.000000e+00 1.000000e+00 0.000000e+00 0.000000e+00 0.000000e+00
 0.000000e+00 0.000000e+00 8.749995e-01 1.250006e-01 0.000000e+00 0.000000e+00
 0.000000e+00 0.000000e+00 0.000000e+00 8.800005e-01 1.199995e-01 0.000000e+00
 0.000000e+00 0.000000e+00 0.000000e+00 0.000000e+00 0.000000e+00 1.000000e+00
 0.000000e+00 0.000000e+00 0.000000e+00 0.000000e+00 0.000000e+00 0.000000e+00
<ENDHMM>
