~o
<STREAMINFO> 1 39
<VECSIZE> 39<NULLD><MFCC_D_A_0><DIAGC>
~h "u"
<BEGINHMM>
<NUMSTATES> 6
<STATE> 2
<MEAN> 39
 -6.525651e+00 -3.078141e-01 2.814279e+00 -3.875787e+00 -1.194176e+01 -1.506448e+01 -1.524325e+01 -1.265898e+01 -6.774591e+00 1.040100e+00 -3.448335e+00 -3.414421e+00 7.479081e+01 1.544833e+00 -1.313375e+00 -1.251943e+00 -1.791998e+00 -2.510743e+00 -2.358228e+00 -2.238978e-02 5.017878e-01 -1.501143e+00 2.444360e+00 6.491917e-01 -6.661221e-02 1.928280e+00 5.675065e-01 1.730046e-01 -3.875194e-01 -1.444708e-01 7.686527e-01 9.180242e-01 1.656626e-01 2.584660e-01 4.157372e-03 8.113916e-02 -1.797531e-01 -4.543926e-01 -6.886795e-01
<VARIANCE> 39
 1.322869e+01 1.648101e+01 5.956942e+01 3.249685e+00 4.126802e+01 4.405456e+01 4.825103e+01 5.153342e+01 3.754325e+01 1.596620e+01 3.273323e+01 1.518766e+01 5.600695e+01 6.039980e+00 4.060755e+00 2.922196e+00 9.805443e+00 1.881110e+00 1.230647e+01 4.842477e+00 7.253925e+00 2.096249e+00 3.025599e+00 7.838351e+00 5.698704e+00 7.145346e-01 4.940095e-01 4.987333e-01 2.727458e-01 1.420178e-01 1.662809e+00 5.887158e-01 7.021456e-01 1.265476e+00 5.826023e-01 4.676262e-01 1.347869e+00 1.200922e-01 1.820955e-01
<GCONST> 1.232325e+02
<STATE> 3
<MEAN> 39
 -4.256234e+00 -5.411316e-01 -6.935440e+00 -7.174552e+00 -1.391732e+01 -1.246460e+01 -1.405002e+01 -1.624551e+01 -6.436252e+00 3.743675e+00 -4.096495e+00 -4.850819e+00 7.725777e+01 1.094399e+00 9.792269e-02 -8.743347e-01 -1.011112e-01 8.348632e-02 9.894381e-01 4.146987e-02 6.055837e-02 5.410811e-01 6.354787e-01 -7.759902e-01 -9.774180e-01 -7.119860e-01 -4.462366e-02 2.205668e-01 7.116296e-01 6.039526e-01 7.115912e-01 2.590289e-01 8.019662e-02 1.536416e-01 2.465057e-01 -5.568463e-01 -2.889570e-01 -4.145152e-02 -7.647384e-01
<VARIANCE> 39
 5.125547e+00 9.372663e+00 6.329613e+01 3.177568e+01 1.121718e+01 2.615504e+01 4.435260e+01 5.382813e+01 3.261746e+01 2.055075e+01 3.051359e+01 1.738156e+01 9.014124e+01 1.743799e+00 2.806632e+00 5.122229e+00 5.576402e+00 5.505916e+00 6.405950e+00 3.857195e+00 3.265889e+00 4.557334e+00 3.984362e+00 6.071163e+00 1.641902e+00 3.447447e+00 3.149240e-01 2.369522e-01 5.715111e-01 6.060096e-01 7.170674e-01 8.453996e-01 1.112723e+00 9.108099e-01 6.816118e-01 5.584463e-01 9.995373e-01 6.082680e-01 2.694122e-01
<GCONST> 1.244530e+02
<STATE> 4
<MEAN> 39
 9.741940e-01 -5.645125e+00 5.056160e+00 -9.870544e+00 -9.832318e+00 -8.972870e+00 -1.695403e+01 -5.253453e+00 -4.654261e+00 6.582780e+00 -2.905902e+00 -4.310258e+00 6.991133e+01 2.279959e-01 8.972317e-01 -6.433005e-02 1.114483e+00 1.452183e+00 6.815515e-01 1.506820e+00 -1.215900e+00 -2.361567e-02 1.269641e-01 -2.741160e-01 -3.378235e-01 -1.776838e+00 -4.560116e-01 3.503929e-01 3.990663e-02 6.330944e-01 -2.690822e-02 3.991984e-01 4.025506e-01 -4.715789e-01 -3.464427e-01 -3.103925e-01 1.723655e-01 3.311871e-03 -2.368827e-01
<VARIANCE> 39
 1.122006e+01 5.398170e+01 5.983798e+01 2.826878e+01 3.488178e+01 2.963990e+01 3.734525e+01 1.023625e+02 4.853246e+01 2.019985e+01 5.131041e+01 4.855594e+01 6.630296e+01 1.734267e+00 6.622885e+00 4.251974e+00 5.722403e+00 2.163222e+00 2.152700e+00 6.157034e+00 8.967911e+00 6.931531e+00 1.967090e+00 2.682877e+00 2.407309e+00 3.412296e+00 4.038354e-01 1.008950e+00 2.200011e-01 7.965677e-01 7.556407e-01 1.063024e+00 7.566276e-01 1.454983e+00 9.708189e-01 2.541953e-01 3.821408e-01 5.874879e-01 7.558814e-01
<GCONST> 1.305620e+02
<STATE> 5
<MEAN> 39
 -1.554586e+00 3.531016e+00 -1.163005e+00 -2.955172e-01 -7.435962e+00 -6.138481e+00 -9.988820e+00 -1.195195e+01 -7.651491e+00 3.734672e-01 -6.964280e+00 -7.182262e+00 6.493501e+01 -2.023132e-01 1.563697e-01 1.559444e+00 2.218745e+00 -2.529406e-01 3.746348e-01 1.332476e+00 -4.300142e-02 -1.152040e+00 -5.717124e-01 -6.638501e-02 -5.148565e-01 -1.393032e+00 -3.076754e-02 -8.464400e-01 2.227390e-01 -7.302406e-01 -6.907740e-01 -5.614981e-01 -6.436225e-01 1.742160e-01 3.148070e-01 2.908239e-01 5.741118e-01 1.434572e-01 1.007513e+00
<VARIANCE> 39
 8.506414e+00 2.458291e+01 2.895574e+01 4.704116e+01 4.591212e+01 6.769160e+01 1.180629e+01 1.449018e+01 8.713645e+01 2.452775e+01 7.290315e+01 1.290111e+01 1.732525e+02 1.659085e+00 2.503919e+00 5.896095e+00 2.395181e+00 4.429487e-01 3.016217e+00 1.537521e+00 4.969640e+00 4.284732e+00 8.860240e-01 2.715283e+00 2.669917e+00 2.857713e+00 3.150012e-01 1.019232e+00 3.263831e-01 8.107024e-01 9.768985e-01 5.132895e-01 6.306210e-01 1.103443e+00 1.019332e+00 4.481423e-01 5.934224e-01 5.531239e-01 6.117068e-01
<GCONST> 1.219417e+02
<TRANSP> 6
 0.000000e+00 1.000000e+00 0.000000e+00 0.000000e+00 0.000000e+00 0.000000e+00
 0.000000e+00 2.296507e-25 1.000000e+00 0.000000e+00 0.000000e+00 0.000000e+00
 0.000000e+00 0.000000e+00 7.270551e-01 2.729449e-01 0.000000e+00 0.000000e+00
 0.000000e+00 0.000000e+00 0.000000e+00 6.004672e-01 3.995328e-01 0.000000e+00
 0.000000e+00 0.000000e+00 0.000000e+00 0.000000e+00 3.550279e-20 1.000000e+00
 0.000000e+00 0.000000e+00 0.000000e+00 0.000000e+00 0.000000e+00 0.000000e+00
<ENDHMM>
