~a "SEMITIED"
<ADAPTKIND>BASE
<BASECLASS>~b "global"
<XFORMSET>
<XFORMKIND>SEMIT
<NUMXFORMS> 1
<LINXFORM> 1
<VECSIZE> 39
<LOGDET> 3.192371e+01
<BLOCKINFO> 1 39
<BLOCK> 1
<XFORM> 39 39
 6.703464e-02 -5.072739e-02 7.255342e-02 -3.152661e-02 -2.278548e-02 3.563175e-03 3.378831e-02 5.450805e-02 -1.964405e-01 2.281282e-01 -2.295177e-01 8.322031e-02 1.279989e-03 2.107157e-01 -8.960434e-03 -6.761550e-01 1.252905e+00 -1.413079e+00 1.121034e+00 1.827854e-02 -8.993381e-01 1.163019e-01 1.243904e+00 -1.956518e+00 1.399294e+00 3.244977e-02 2.433535e+00 -2.447500e+00 2.957875e+00 -2.854824e+00 1.805515e+00 -7.459170e-01 1.294696e+00 -1.114108e+00 1.635815e-01 2.250471e-01 -1.750605e+00 1.572647e+00 -3.083134e+00
 5.228387e-01 2.048969e-01 -5.823944e-01 -1.076236e-01 3.845301e-01 -4.621939e-01 1.040225e-01 3.608851e-01 -2.870781e-01 1.860437e-01 2.415867e-01 -2.456139e-02 4.676608e-02 8.892199e-02 -5.167948e-03 -7.216530e-02 7.943339e-02 4.474399e-03 -8.584757e-02 -1.477186e-02 -9.865472e-03 5.461466e-02 -5.168780e-02 1.081863e-02 -2.263195e-02 -1.285022e-01 2.346079e+00 9.191921e-01 -2.242491e+00 -5.715234e-01 1.806114e+00 -1.937610e+00 5.458505e-01 1.464251e+00 -1.271985e+00 6.867020e-01 1.377502e+00 -2.153779e-01 -4.061471e-01
 -6.138242e-01 1.631746e-01 7.060774e-01 -1.244159e+00 5.882137e-01 2.647092e-01 -9.352294e-01 6.623803e-01 1.435742e-01 -6.495751e-01 6.592194e-01 -2.224151e-01 -2.772480e-01 -2.803506e-01 1.084251e-01 -3.564597e-01 8.050208e-01 -5.699816e-01 8.864504e-02 2.818350e-01 6.893508e-03 -4.109209e-01 3.418389e-01 -2.467823e-01 1.142996e-01 8.259662e-01 -2.723287e+00 4.332118e-01 3.877343e+00 -5.940526e+00 2.732969e+00 1.286726e+00 -3.967716e+00 2.738323e+00 8.303745e-01 -3.225295e+00 3.148216e+00 -1.313583e+00 -1.430655e+00
 1.616923e-01 -1.440364e-01 4.381405e-02 -5.747112e-02 2.367796e-01 3.158160e-02 -1.824962e-01 -1.717950e-01 2.261767e-01 1.069130e-01 -1.253914e-02 -2.171315e-01 -2.547107e-01 -6.946418e-02 -3.069555e-01 -2.925439e-01 2.899993e-01 1.429270e+00 -2.112452e-01 -9.025972e-01 -4.737268e-01 3.996663e-01 7.221600e-01 -1.418995e-01 -9.517029e-01 2.783017e-01 -3.427829e+00 1.176233e+00 2.534271e+00 -1.787637e+00 -2.176981e+00 7.858306e-01 6.210048e-01 4.863542e-01 4.433991e-01 -1.414396e+00 1.736797e+00 -5.533478e-01 1.360161e+00
 -4.329953e+00 2.131950e+00 -7.703924e-01 1.477333e-01 1.891041e-01 -1.971396e-01 1.901895e-01 -1.260348e-01 -1.015295e-02 1.141810e-01 -1.953920e-01 1.065850e-01 5.706354e+00 4.757659e+00 -2.010360e+00 1.905576e-01 7.884872e-01 -9.019518e-01 6.068460e-01 -2.240939e-01 -3.086159e-01 4.838997e-01 -8.411908e-01 7.896061e-01 -4.425013e-01 -6.679915e+00 -4.941050e+01 2.385612e+01 -9.121164e+00 1.896457e+00 2.242619e+00 -2.903889e+00 2.285877e+00 -1.519145e+00 -1.783214e-01 1.001553e+00 -1.929612e+00 1.459121e+00 6.568997e+01
 -3.210156e-01 -1.017707e-01 -1.100543e-01 2.369717e-01 -2.274485e-01 5.664933e-01 -8.319012e-02 -8.922473e-02 7.368572e-01 7.067766e-01 2.139692e-01 1.128992e+00 3.224103e-01 2.352003e-01 2.879269e-02 8.993346e-02 1.427878e-01 -4.331818e-01 -1.602518e-01 6.945585e-02 -1.287996e-01 1.073389e-01 4.206882e-02 8.921224e-03 -2.331701e-01 -5.630575e-01 -2.075547e+00 -8.428562e-02 4.145905e-02 1.423846e+00 -8.460793e-01 2.478726e+00 -1.150679e+00 -7.165939e-01 3.376897e+00 2.925605e+00 8.057683e-01 4.629612e+00 2.148983e+00
 -1.132658e-01 -6.192608e-02 3.410630e-01 -7.665887e-01 -2.786705e-01 7.379704e-01 9.068639e-01 -1.724174e-01 -4.026110e-01 1.204384e-01 -1.383404e-01 -4.859218e-01 3.632055e-02 2.823149e-02 -1.370757e-01 4.166843e-01 5.310666e-01 3.863969e-01 -8.311982e-01 -3.367571e-01 2.242788e-01 3.612667e-02 -1.121924e-01 -2.357604e-01 1.490485e-01 1.187869e-01 -1.025135e-01 -1.489662e-01 1.996505e+00 -4.463587e+00 -1.392546e+00 3.761254e+00 4.164098e+00 -3.709594e-01 -1.810352e+00 2.289328e-01 1.673499e-01 -2.647240e+00 -1.100751e+00
 8.157338e+00 -4.005084e+00 1.627288e+00 -4.872680e-01 -2.080557e-01 2.139943e-01 -1.247362e-01 9.773670e-02 3.208211e-02 -2.602425e-01 4.771851e-01 -3.271563e-01 -1.086438e+01 4.231451e+00 -1.678104e+00 9.837394e-02 5.605288e-01 -7.755548e-01 6.273056e-01 -5.749550e-02 -1.533678e-01 1.873280e-01 -3.299687e-01 4.519807e-01 -2.052451e-01 -5.518430e+00 1.618050e+01 -7.947106e+00 3.263814e+00 -1.336736e+00 -3.303804e-01 -3.631129e-02 3.265510e-01 -1.505861e-02 3.811520e-02 -8.644387e-01 1.644437e+00 -8.415859e-01 -2.203925e+01
 -2.407722e+00 2.207361e+00 -2.340124e+00 2.159497e+00 -1.501713e+00 6.909465e-01 1.386533e-01 -5.210869e-01 1.155222e+00 -1.551578e+00 1.650261e+00 -1.058788e+00 2.711832e+00 -3.339230e-01 5.685639e-01 -6.438739e-01 7.469666e-01 -7.303357e-01 9.283354e-01 -8.986008e-01 4.476104e-01 -2.135978e-01 3.143235e-01 -7.028096e-01 3.574308e-01 2.674164e-01 -1.093431e+01 1.057667e+01 -1.094661e+01 9.538101e+00 -6.822571e+00 3.570533e+00 -1.706713e-01 -1.379149e+00 4.596920e+00 -6.946650e+00 7.324361e+00 -4.676900e+00 1.217505e+01
 3.673426e-02 -4.221005e-01 1.846887e-01 7.738064e-02 1.927787e-01 -3.210555e-02 -1.751239e-01 1.461643e-01 6.386374e-01 5.501075e-01 -2.259838e-01 -1.333842e+00 -3.987827e-01 -1.012277e+00 3.941206e-01 3.967677e-01 -7.183730e-02 -5.322646e-01 9.812818e-02 1.447726e-01 2.358973e-01 -5.374372e-01 -4.056161e-01 1.224349e-01 6.471872e-01 9.411660e-01 1.154691e+00 -2.347034e+00 1.086756e+00 -2.410185e-01 1.845189e+00 -5.627143e-01 -1.262803e+00 3.731286e-01 3.047625e+00 2.703586e+00 -1.450866e+00 -5.505966e+00 -1.833463e+00
 3.688999e-01 2.886619e-01 -2.804365e-01 -6.982585e-02 2.967903e-01 4.950589e-01 -4.519768e-01 -1.056635e+00 -2.542721e-01 3.264922e-01 3.276488e-01 -2.004975e-01 -2.862973e-01 -8.343359e-01 -1.795492e-02 6.665091e-02 9.328125e-02 -3.756794e-01 -3.692792e-01 4.501446e-01 1.740026e-01 -3.087582e-02 -2.826408e-01 -1.896004e-01 4.883065e-01 1.292960e+00 2.504534e+00 1.268285e+00 -1.707127e+00 -6.576192e-02 1.853226e+00 1.895972e+00 -2.171425e+00 -5.021483e+00 -1.351887e+00 1.838266e+00 1.082339e+00 -5.857957e-01 -1.605431e+00
 7.803101e-02 -8.841686e-02 8.537996e-02 -3.857988e-02 -1.726069e-02 -5.731792e-02 2.229334e-02 7.970800e-02 -7.068415e-02 7.961965e-02 -5.256361e-02 1.109168e-01 -3.588602e-02 -1.504528e+01 7.519786e+00 -2.998528e+00 8.065813e-01 5.117415e-01 -7.920307e-01 5.400662e-01 -2.751350e-01 -2.272671e-01 3.575115e-01 -4.867716e-01 4.669257e-01 1.992976e+01 -1.220174e+01 4.698757e+00 -3.886171e-01 -1.771412e+00 2.199633e+00 -1.998454e+00 9.061405e-01 7.567867e-01 -1.398835e+00 2.113609e+00 -1.913461e+00 1.637968e+00 1.712363e+01
 8.260050e-01 -4.421204e-01 -5.830350e-01 6.470225e-01 5.446317e-01 4.739942e-01 -1.956190e-01 2.072311e-02 4.011132e-01 -7.089765e-01 -7.118322e-01 4.867773e-01 -6.298936e-01 -1.100397e+00 4.378461e-01 8.166867e-01 1.318583e-01 -7.454303e-01 -2.834916e-02 1.459119e-01 -1.357892e-01 -1.538565e-01 2.632234e-01 2.821387e-01 -2.977846e-01 9.032044e-01 2.388444e+00 -1.471758e+00 -2.880143e+00 2.701240e+00 2.566089e+00 2.439183e+00 -1.008241e+00 2.740034e-01 2.059623e+00 -3.109037e+00 -3.544686e+00 2.173242e+00 -1.220187e+00
 4.432284e-03 5.203590e-03 1.716964e-02 -2.697933e-04 4.982985e-03 -2.530014e-02 -5.689199e-03 1.655862e-02 -1.831890e-02 -5.367916e-03 1.247162e-02 -4.644362e-03 -1.415297e-02 3.131495e-01 2.532564e-01 -1.872217e-02 2.005216e-02 -1.428941e-01 -1.871897e-01 -1.402368e-01 -1.338589e-01 -3.700197e-02 -4.043364e-02 2.387147e-02 4.960172e-03 5.743145e-02 3.490458e-01 3.715149e-01 1.165141e-01 1.484140e-02 -1.097397e-01 -3.576567e-01 -1.263455e-01 6.250320e-03 -8.688695e-02 -6.636656e-02 1.640548e-01 -2.105704e-02 -1.877366e-02
 -6.633252e-02 3.788705e-02 -1.442086e-02 9.275812e-03 -2.100514e-02 2.570270e-02 1.937585e-02 1.060998e-02 -2.696157e-02 8.857884e-03 -1.305327e-02 5.643924e-02 9.545082e-02 -3.351374e-02 2.176595e-01 -1.330312e-01 -1.044640e-01 -1.789849e-01 3.136405e-01 8.460922e-02 8.848199e-02 -2.578480e-01 -1.331693e-01 8.829869e-02 2.035130e-01 7.084671e-02 -6.539649e-01 6.397477e-01 4.164629e-02 -1.527591e-01 -8.282782e-01 7.333584e-01 2.405541e-01 2.938905e-01 -4.679320e-01 -2.510366e-01 2.493779e-01 5.207676e-01 2.903641e-01
 -4.753037e-02 2.200898e-02 5.591538e-03 8.628643e-04 -4.935566e-02 -4.343564e-02 3.170250e-02 -8.098261e-03 -2.109942e-02 1.122049e-02 4.194574e-02 -1.730768e-02 8.516780e-02 -7.332439e-01 -1.318822e-01 7.541965e-01 -1.368737e-01 -2.647597e-01 3.725769e-03 7.505174e-02 -3.604255e-02 5.113997e-02 4.644904e-02 1.469208e-01 -1.840172e-01 3.528608e-01 -1.163651e+00 6.761750e-02 6.000223e-01 -1.975655e-01 -5.787602e-01 -8.381880e-02 1.119573e-01 1.065658e-01 -1.349167e-01 1.141043e-01 3.431784e-01 -3.076181e-01 1.153485e+00
 -4.433700e-02 3.942829e-02 -2.510955e-02 4.418395e-02 -1.954947e-02 -2.685655e-02 2.875638e-02 -1.341400e-02 -1.460249e-02 7.656924e-03 -5.729321e-03 -4.377055e-03 7.899527e-02 2.935397e-01 -1.475309e-01 -3.840410e-01 5.896832e-01 -2.604429e-01 -2.525025e-01 3.161150e-01 4.595396e-02 -3.505939e-01 2.275741e-01 8.955944e-02 -2.257197e-01 8.525295e-02 -6.491659e-01 3.459782e-01 4.316227e-01 -6.665727e-01 4.427491e-01 2.123995e-01 -6.413927e-01 4.700392e-01 1.366385e-01 -4.663232e-01 1.140488e-01 7.552800e-02 1.606863e-01
 -1.109857e-01 1.036202e-01 -2.445763e-01 -6.818824e-02 -1.463685e-01 1.346701e-02 -1.013242e-01 -1.297946e-01 1.244726e-01 -5.526793e-02 -1.309082e-01 9.541047e-02 -2.990595e-02 -6.098033e-02 5.405889e-03 -1.252029e-02 3.191413e-02 -3.003361e-02 -2.410889e-02 1.891265e-02 -6.713545e-02 -3.944062e-02 1.449888e-02 3.579339e-02 -7.488844e-03 2.670719e-02 -5.906285e-01 5.975705e-01 -1.328997e+00 -2.326764e-01 -7.668068e-01 1.176772e-01 -5.441629e-01 -6.433836e-01 4.877002e-01 -1.652263e-01 -5.968701e-01 5.475654e-01 -1.762024e-01
 5.741445e-02 -1.453581e-02 -1.696604e-02 5.131432e-02 -2.796829e-02 3.191325e-02 -1.997232e-02 3.487138e-03 -3.039055e-02 1.138560e-02 -3.919000e-03 4.064276e-02 -2.703145e-02 -1.102073e-01 -1.139738e-01 2.157291e-01 3.543003e-01 2.436173e-01 7.219651e-02 -2.608017e-01 -1.608397e-01 -3.326473e-01 -9.304012e-02 4.084721e-02 1.232019e-01 1.938095e-01 1.355063e-01 -8.685604e-01 1.743525e-01 1.008891e+00 2.317504e-01 6.402515e-01 -3.009612e-01 -3.008020e-01 -7.618864e-01 -1.291149e-02 -5.045591e-02 5.270000e-01 9.354063e-01
 2.848776e-02 -5.639466e-02 8.217936e-02 -1.055531e-01 1.462761e-01 -1.769619e-01 2.082283e-01 -1.854219e-01 2.005147e-01 -1.908907e-01 1.524127e-01 -6.244082e-02 -1.979268e-02 8.343323e-01 -7.572942e-01 7.813305e-01 -8.300971e-01 8.825095e-01 -9.474164e-01 9.652994e-01 -7.466810e-01 4.767532e-01 -3.883299e-01 2.628729e-01 -1.141349e-01 -7.553794e-01 1.478575e+00 -1.485748e+00 1.748339e+00 -1.931288e+00 1.843211e+00 -1.701026e+00 2.025232e+00 -1.669196e+00 1.080325e+00 -1.006401e+00 3.992630e-01 3.787906e-01 -1.424319e+00
 4.887846e-01 -4.689457e-01 4.953283e-01 -5.188876e-01 5.266289e-01 -4.980260e-01 4.364821e-01 -3.648785e-01 2.758234e-01 -1.731328e-01 9.457043e-02 -7.935238e-03 -5.016163e-01 -4.014307e-01 3.612889e-01 -3.295908e-01 3.818786e-01 -4.640486e-01 5.160229e-01 -6.117175e-01 6.692331e-01 -6.024088e-01 3.965197e-01 -2.724035e-01 8.416189e-02 3.838929e-01 3.126542e+00 -3.115349e+00 3.134736e+00 -3.130837e+00 3.247079e+00 -3.334479e+00 2.977314e+00 -2.408892e+00 1.792975e+00 -1.099317e+00 7.277540e-01 -3.400290e-01 -3.138921e+00
 1.789282e-01 -1.772383e-01 1.986651e-01 -2.031095e-01 2.130430e-01 -1.898194e-01 1.691471e-01 -1.340609e-01 9.763108e-02 -5.183407e-02 1.496586e-02 -7.432104e-03 -1.808676e-01 -6.035793e-01 6.136590e-01 -8.643017e-01 9.265022e-01 -5.921164e-01 2.945844e-01 1.105633e-01 -5.943924e-01 8.405049e-01 -7.633948e-01 5.252496e-01 -1.923197e-01 5.821579e-01 2.947678e-01 -1.353134e-01 1.595233e-03 9.686390e-02 -1.560481e-02 1.954194e-01 -1.650156e-01 2.584794e-01 -2.217127e-01 2.078393e-01 -3.019852e-01 6.838018e-02 -2.917464e-01
 -4.243255e-02 1.154077e-02 -9.001429e-03 -5.953774e-03 2.047227e-03 -1.198641e-02 2.200175e-03 -1.501022e-02 2.665594e-03 1.785344e-02 -1.929003e-03 -9.002314e-03 3.109490e-02 4.612111e-01 3.256147e-01 3.071478e-01 2.648397e-01 2.423337e-01 2.177274e-01 2.621518e-01 2.268708e-01 1.922189e-01 2.076971e-01 1.123433e-01 7.464270e-02 2.502566e-01 5.025749e-01 5.130809e-01 1.917191e-01 2.270896e-01 1.836394e-01 1.039901e-01 2.027438e-01 9.725905e-02 1.177973e-01 5.044566e-02 -1.364876e-01 -1.464901e-01 7.294149e-01
 -1.064473e-01 7.168832e-02 7.481454e-03 -5.402498e-02 1.307028e-02 4.524990e-02 4.213622e-02 -6.475754e-02 -1.595287e-02 1.005358e-02 5.360510e-02 -9.839717e-02 1.010065e-01 -2.435385e-01 4.750588e-01 -4.789367e-02 -4.266580e-01 2.482153e-03 4.498020e-01 -5.467229e-02 -3.660382e-01 -1.261545e-01 2.480893e-01 4.039492e-01 -4.872793e-01 8.258748e-02 -5.728515e-01 3.792235e-01 2.941755e-04 -6.065142e-01 4.931594e-01 4.289933e-01 -1.045652e-01 -7.267683e-01 2.444066e-01 1.346991e-01 1.047581e-01 -7.382177e-01 2.160223e-01
 -9.027727e-03 1.072844e-02 7.159593e-04 -2.864379e-03 -1.004218e-03 -9.495646e-04 7.237468e-03 -4.396864e-03 2.443314e-03 -1.816981e-02 2.265566e-02 -7.958743e-03 1.710561e-02 -1.153297e-01 -1.260752e-01 -1.557793e-01 -6.210429e-02 -3.694582e-02 -1.546817e-01 -2.160422e-01 5.967469e-02 8.240113e-02 4.100884e-01 4.009067e-01 6.248410e-01 5.057814e-02 1.504336e-01 -1.235658e-01 3.008223e-01 -8.557748e-02 2.419714e-01 -1.446108e-01 1.212718e-01 6.898598e-02 -1.924841e-01 -2.914751e-01 -4.715591e-02 -1.329065e-01 -2.564650e-01
 1.606075e-02 -2.593444e-02 8.643018e-03 -1.126732e-02 -4.313534e-04 -6.170323e-03 4.782537e-03 5.372834e-03 7.303271e-03 1.058672e-03 -2.579118e-03 -2.486629e-04 7.793710e-03 -2.039416e-02 -1.744028e-01 2.132289e-02 1.176815e-02 -2.039118e-04 1.526433e-02 -6.913998e-03 -2.015482e-02 -2.642243e-02 4.281456e-02 -1.446485e-02 -1.269286e-02 6.831019e-01 4.130377e-01 2.810361e-01 -7.134805e-03 1.798371e-01 4.450466e-02 -1.542996e-02 3.629460e-02 -1.812672e-02 2.494156e-02 -2.130103e-02 -5.019562e-03 6.894396e-02 -2.155093e+00
 5.332959e-03 1.762957e-02 8.381112e-03 1.202008e-02 8.489316e-03 -1.367915e-03 9.421431e-03 6.517302e-03 -9.107714e-03 2.278690e-04 -4.253563e-04 -6.927337e-03 -1.133528e-01 -9.562340e-02 -3.890444e-02 -1.566955e-02 -3.544446e-02 7.715925e-03 -3.316374e-03 -3.646548e-03 3.175299e-03 3.811765e-03 4.858174e-03 -1.160688e-02 1.487644e-03 2.962710e-01 8.646137e-02 -8.504135e-03 5.496460e-02 3.856979e-02 3.066395e-02 -4.873803e-04 3.302770e-02 3.277665e-02 -5.448615e-02 2.502691e-02 -1.175091e-02 -3.869629e-02 -3.324318e-01
 5.863217e-03 -3.438429e-03 -1.427562e-03 -1.328187e-03 3.984166e-03 -4.802759e-03 8.389719e-03 -2.384408e-03 -3.211281e-03 -1.048521e-02 -1.643950e-03 3.573700e-03 3.525017e-03 -1.201549e-01 -1.101710e-01 1.941092e-02 2.853155e-02 1.838899e-02 5.239058e-02 2.176832e-02 -1.227274e-02 -3.685362e-02 -1.862656e-03 -1.746891e-04 1.844911e-02 -4.170020e-03 4.080766e-01 3.268672e-01 -4.692406e-02 4.537300e-02 -1.192896e-01 -2.539960e-01 -1.289883e-01 -1.849703e-01 1.517710e-02 -8.868774e-02 1.981880e-02 -1.813629e-02 1.209930e-01
 -1.154589e-03 3.881954e-03 -8.202433e-03 -3.736312e-03 -4.949524e-03 1.068034e-02 2.032624e-03 -3.817282e-03 3.447746e-06 -9.476570e-03 -8.682955e-03 -1.140737e-02 5.172207e-03 7.172256e-02 3.155273e-02 -8.038742e-02 -7.224567e-02 1.134842e-02 2.078008e-02 4.638157e-02 2.636117e-03 1.106655e-02 -2.381934e-02 -1.905097e-02 2.314348e-02 -1.284796e-02 -5.187244e-01 -2.074460e-01 7.400473e-01 1.306984e-01 3.307592e-02 -2.085287e-01 -1.330809e-01 8.187865e-02 -7.125547e-02 8.285134e-03 -7.223438e-02 -1.329399e-01 9.145095e-02
 -1.166588e-02 1.378478e-02 -1.392241e-02 1.373336e-02 -2.337697e-02 1.501077e-02 5.049841e-03 9.570127e-03 -1.356338e-02 8.907648e-03 7.633495e-04 -2.742840e-03 1.427360e-02 -1.022995e-01 6.447778e-02 -3.439048e-02 5.036557e-02 -9.480041e-02 3.433384e-02 3.669363e-02 -1.768295e-02 -4.939881e-02 4.184143e-02 3.984150e-02 -1.016037e-01 1.016111e-01 5.286033e-01 -2.267856e-01 -5.247213e-01 7.433591e-01 -3.575857e-01 -1.954514e-01 2.027879e-01 2.467086e-01 -1.072819e-01 -3.854836e-02 -3.285801e-01 4.567564e-01 -1.021029e-01
 3.790982e-02 -3.315303e-02 4.224177e-02 -5.497615e-02 4.136394e-02 -2.455374e-02 -1.021009e-03 -1.890349e-03 4.899487e-03 -9.059127e-03 -1.620748e-04 1.237380e-02 -5.183433e-02 -3.762954e-02 -3.825017e-02 1.800245e-01 -2.025272e-01 8.749812e-02 6.042151e-02 -5.047723e-02 -3.969574e-02 4.464073e-02 -4.736973e-02 -4.633505e-02 3.987156e-02 -7.078910e-02 3.154819e-01 -1.061796e-01 2.076195e-01 -6.500030e-01 8.495744e-01 -4.638100e-01 -1.961247e-01 4.570399e-01 -8.845988e-02 -4.485254e-01 3.011850e-01 -5.800211e-02 -2.777803e-01
 6.225705e-03 -7.519568e-03 1.771394e-04 1.941404e-03 -2.061845e-03 2.032843e-03 -9.203309e-05 -7.035155e-04 1.692088e-03 4.158776e-04 5.636719e-03 1.101901e-03 -4.524210e-03 -6.727955e-02 -5.186046e-02 -3.573523e-02 -5.990850e-02 -3.464873e-02 -3.073571e-02 -4.076526e-02 -4.848573e-02 -2.625612e-02 -1.747109e-02 -1.698216e-02 -3.698053e-02 -5.614704e-02 4.397486e-01 3.168796e-01 2.577099e-01 2.488689e-01 2.593694e-01 2.640707e-01 2.578121e-01 2.205093e-01 1.678085e-01 2.538954e-01 1.415526e-01 1.246693e-01 1.951714e-01
 -7.434700e-02 7.466956e-02 -8.254354e-02 8.007589e-02 -7.417387e-02 5.859391e-02 -4.037036e-02 2.398092e-02 -1.513557e-02 3.173861e-03 -2.228823e-03 -2.996812e-03 8.342499e-02 -2.128200e-01 2.102624e-01 -2.580943e-01 2.662286e-01 -1.969700e-01 1.226981e-01 -6.090067e-02 -8.627459e-03 1.241035e-01 -2.180675e-01 2.227399e-01 -1.561156e-01 1.714871e-01 2.969293e-01 -2.569071e-01 2.214767e-01 -2.320669e-01 4.030286e-01 -6.262523e-01 7.725048e-01 -7.072675e-01 6.808850e-01 -6.721425e-01 5.820908e-01 -3.520927e-01 -2.341847e-01
 -1.809266e-02 6.884062e-03 -1.182571e-02 1.105048e-02 -5.480440e-03 2.697418e-04 -4.925451e-03 1.115374e-03 5.233122e-03 6.080606e-03 1.034823e-02 1.929900e-02 2.096885e-02 1.057786e-01 -8.318586e-02 7.475070e-02 5.410692e-02 1.354189e-01 1.540242e-02 4.343535e-03 -1.072797e-01 -8.739313e-02 -6.371520e-02 3.712499e-02 1.519226e-01 1.405995e-02 -1.421367e-01 -2.436063e-01 8.810698e-02 -2.519390e-01 -6.021535e-02 -3.093190e-01 3.251836e-02 3.421689e-01 4.751973e-01 3.692481e-01 -3.990633e-02 1.681120e-02 -1.140351e-01
 3.830925e-02 -2.938142e-02 2.893789e-02 -3.164123e-02 4.146429e-02 -4.916095e-02 5.257249e-02 -5.223856e-02 5.331805e-02 -4.164315e-02 2.912495e-02 -2.384181e-02 -4.032941e-02 1.495886e-01 -1.520945e-01 1.788413e-01 -2.017418e-01 1.585183e-01 -1.349005e-01 1.157449e-01 -8.785690e-02 3.038454e-03 3.053831e-02 -7.708614e-02 6.960525e-02 -1.499231e-01 -4.561421e-01 4.900269e-01 -6.861862e-01 8.451280e-01 -3.977707e-01 1.303446e-01 2.042172e-01 -6.099354e-01 1.112818e+00 -1.107883e+00 8.005301e-01 -6.310108e-01 2.668473e-01
 2.257313e-02 1.206242e-01 -3.484231e-03 -8.561195e-03 -8.877371e-03 4.457705e-02 2.605301e-03 -9.863473e-03 6.280731e-02 -7.913004e-03 -5.664063e-02 -2.174742e-04 1.615596e-02 -1.554743e-02 -1.406044e-03 9.649320e-03 -1.134697e-02 1.020011e-02 -2.289236e-03 8.984780e-04 5.949722e-03 -5.343669e-03 7.742080e-03 3.155362e-03 6.795893e-04 6.171601e-02 2.142621e-01 5.763521e-01 -1.249050e-02 -3.854917e-02 -5.304598e-02 2.192693e-01 4.910289e-03 -7.919851e-04 2.863473e-01 4.396026e-02 -2.752814e-01 3.300544e-02 -2.286456e-02
 -1.907262e-02 1.248792e-02 -1.271271e-02 2.287829e-02 -5.214111e-03 -5.544379e-03 2.058338e-02 -8.934344e-03 2.381490e-03 1.072938e-02 6.088837e-04 -2.082650e-02 3.882282e-02 2.292889e-01 -1.181264e-01 -4.391406e-02 9.077973e-02 -2.390363e-02 -6.915896e-02 1.843283e-01 -1.254875e-01 -6.873643e-02 1.353351e-01 -7.297291e-02 2.971091e-02 -9.537490e-02 1.214773e-01 -4.269806e-02 -2.569785e-01 3.604673e-01 -7.216682e-02 -3.311952e-01 4.181884e-01 8.718738e-02 -5.014389e-01 3.214348e-01 4.539861e-01 -7.389805e-01 2.077579e-01
 -1.598156e-02 1.423905e-04 8.954369e-03 -5.742313e-03 1.344363e-02 -4.447028e-03 5.622797e-03 -2.951367e-03 8.441355e-03 -4.435223e-03 1.602273e-02 7.732345e-03 1.964636e-02 3.336458e-02 3.131813e-02 -2.233812e-02 2.720250e-02 -2.279659e-02 2.783312e-02 2.991400e-02 1.465413e-02 7.388943e-02 4.499993e-02 3.452848e-02 1.896876e-02 -2.125879e-02 -2.493201e-01 -4.611186e-02 -1.541696e-01 9.486747e-02 4.843438e-02 -9.628965e-02 -2.224523e-01 -8.023141e-02 1.576060e-01 1.908929e-01 6.329896e-01 5.947867e-01 2.202793e-01
 3.793080e-03 -1.569379e-02 -3.349467e-03 -8.734459e-03 -2.524703e-03 3.510845e-03 -2.549253e-03 -2.871834e-03 5.417516e-03 2.135641e-04 -2.953179e-03 2.159576e-03 5.697389e-02 -2.062245e-02 -4.782020e-02 -5.971757e-02 -3.802746e-02 -6.969190e-03 1.017447e-02 7.286556e-03 -6.328500e-03 1.147552e-02 2.661371e-03 -8.718653e-03 1.687199e-03 3.470867e-01 2.557194e-04 -1.756646e-01 -5.682980e-02 -8.486406e-02 -2.404007e-02 2.961471e-02 -2.089798e-02 -8.357574e-03 1.326799e-02 4.696324e-02 -4.454869e-02 1.418764e-02 9.650976e-01
<VARIANCE> 39
 1.102860e+00 1.964315e+00 1.752889e+00 1.924374e+00 2.299044e+00 2.467505e+00 2.831428e+00 3.704175e+00 2.508066e+00 2.436179e+00 2.752385e+00 2.147215e+00 2.968458e+00 6.462491e-02 7.931110e-02 1.043954e-01 1.142389e-01 1.454481e-01 1.704440e-01 1.762991e-01 1.913145e-01 1.908416e-01 2.006252e-01 1.849434e-01 1.567030e-01 6.940926e-02 1.713218e-02 1.730172e-02 2.044910e-02 2.323098e-02 2.806490e-02 3.483573e-02 3.527186e-02 3.975717e-02 3.858456e-02 3.970185e-02 3.643041e-02 3.145445e-02 1.695505e-02
<XFORMWGTSET>
<CLASSXFORM> 1 1
