~o
<STREAMINFO> 1 15
<VECSIZE> 15<NULLD><USER><DIAGC>
~h "d"
<BEGINHMM>
<NUMSTATES> 5
<STATE> 2
<MEAN> 15
 -8.507033e-02 3.010570e-01 1.056458e-01 -6.816483e-02 4.569532e-02 3.239761e-02 -2.416830e-02 -4.659301e-02 -2.470514e-01 -9.149654e-02 -3.408684e-02 -1.889263e-01 1.109850e-01 1.789560e-01 7.309938e-03
<VARIANCE> 15
 9.946588e-01 1.966841e-01 4.085770e-02 8.356312e-02 9.856363e-02 3.431060e-01 6.597603e-01 3.278016e-01 8.153121e-01 5.182194e-01 2.672436e-01 2.290795e-01 8.279952e-01 7.687718e-02 4.404243e-02
<GCONST> 5.807120e+00
<STATE> 3
<MEAN> 15
 2.441315e-01 5.941597e-01 5.925383e-02 9.255502e-03 1.571501e-02 -2.962350e-02 -9.605566e-02 -1.550156e-01 -1.806078e-01 -4.884215e-02 1.448737e-01 1.551576e-01 1.524472e-01 -2.340059e-03 5.112067e-02
<VARIANCE> 15
 2.673477e+00 1.798254e+00 3.878197e-01 4.546607e-01 9.166628e-01 6.208559e-01 1.673876e-01 2.545994e-01 5.324608e-01 1.268182e-01 1.890357e-01 3.115900e-01 1.767678e-01 6.891932e-01 2.813157e-01
<GCONST> 1.478319e+01
<STATE> 4
<MEAN> 15
 -1.229840e-01 3.631118e-01 -7.674462e-02 7.633987e-02 -1.466293e-01 7.375931e-02 1.144907e-01 -3.453955e-02 2.417412e-01 2.336658e-01 1.620114e-01 1.434622e-01 -1.399903e-01 -1.307394e-01 -3.462261e-05
<VARIANCE> 15
 2.904084e-01 1.557789e-01 1.788591e-02 2.630149e-02 9.729897e-02 2.333000e-01 5.839395e-02 2.176464e-01 1.567035e-01 1.058004e-01 3.339393e-01 1.380044e-01 1.720469e-01 1.170486e-01 1.385820e-02
<GCONST> -6.701224e+00
<TRANSP> 5
 0.000000e+00 1.000000e+00 0.000000e+00 0.000000e+00 0.000000e+00
 0.000000e+00 6.962597e-01 3.037402e-01 0.000000e+00 0.000000e+00
 0.000000e+00 0.000000e+00 8.343753e-01 1.656247e-01 0.000000e+00
 0.000000e+00 0.000000e+00 0.000000e+00 7.325547e-01 2.674453e-01
 0.000000e+00 0.000000e+00 0.000000e+00 0.000000e+00 0.000000e+00
<ENDHMM>
~h "s"
<BEGINHMM>
<NUMSTATES> 5
<STATE> 2
<MEAN> 15
 -1.738039e-01 -1.465690e-01 -9.476662e-02 7.561907e-02 3.498285e-02 -1.945477e-01 -3.926575e-01 -3.253154e-01 1.056512e-01 5.079183e-01 5.104391e-01 5.372955e-01 -2.659538e-01 -3.477240e-01 -4.055847e-02
<VARIANCE> 15
 2.172684e+00 4.115178e-02 1.285066e-02 2.603164e-03 9.651286e-02 7.016592e-02 3.122177e-01 5.069342e-01 1.930212e-01 1.191322e-01 9.398361e-02 6.635075e-02 2.060457e-01 3.171404e-01 5.730440e-03
<GCONST> -8.730103e+00
<STATE> 3
<MEAN> 15
 -1.028389e+00 2.180682e-02 9.934461e-02 -6.433737e-02 -1.466523e-01 -3.533155e-01 -1.928609e-01 -1.600780e-01 -6.403165e-01 -6.580690e-01 4.759416e-02 -2.252322e-01 3.591350e-01 5.231156e-01 1.134882e-01
<VARIANCE> 15
 8.120021e-01 4.349558e-02 1.357721e-02 7.660781e-02 9.240943e-02 2.245468e-01 3.303948e-01 1.873018e-02 1.792316e-01 1.971736e-01 1.347650e-01 1.629033e-01 4.804016e-01 5.015005e-01 3.446874e-03
<GCONST> -5.859032e+00
<STATE> 4
<MEAN> 15
 3.924717e-01 6.339298e-02 5.242858e-02 4.677936e-02 -2.936798e-02 -6.692673e-02 1.347422e-02 -6.761388e-03 1.431544e-01 8.734127e-02 -7.853963e-02 -1.537245e-01 2.542416e-03 2.084391e-01 8.212938e-03
<VARIANCE> 15
 3.804097e+00 4.462872e-02 3.724465e-02 7.933854e-02 1.480178e-01 2.249343e-01 2.379973e-01 2.128606e-01 3.337556e-01 1.566661e-01 3.350759e-01 2.472321e-01 8.856806e-01 6.867289e-01 1.120490e-02
<GCONST> 3.155165e+00
<TRANSP> 5
 0.000000e+00 1.000000e+00 0.000000e+00 0.000000e+00 0.000000e+00
 0.000000e+00 5.163488e-01 4.836512e-01 0.000000e+00 0.000000e+00
 0.000000e+00 0.000000e+00 4.498619e-01 5.501381e-01 0.000000e+00
 0.000000e+00 0.000000e+00 0.000000e+00 8.081371e-01 1.918629e-01
 0.000000e+00 0.000000e+00 0.000000e+00 0.000000e+00 0.000000e+00
<ENDHMM>
~h "t"
<BEGINHMM>
<NUMSTATES> 5
<STATE> 2
<MEAN> 15
 5.474643e-01 1.786674e-01 -1.626914e-01 8.960405e-02 3.624731e-01 2.839465e-01 -4.193340e-01 -3.964460e-01 -2.466851e-01 5.477183e-02 6.622774e-01 5.651394e-01 2.098251e-01 -1.757120e-01 -1.504487e-01
<VARIANCE> 15
 1.930535e+00 2.778017e-01 4.111861e-02 1.238845e-01 2.751316e-02 2.808543e-02 6.233108e-02 3.631518e-01 2.539986e-01 1.482030e-01 5.264481e-01 3.530946e-02 2.998633e-02 7.563503e-02 4.663974e-02
<GCONST> -5.707375e+00
<STATE> 3
<MEAN> 15
 1.142485e-01 -2.750487e-01 9.352331e-03 -7.156569e-03 -6.184076e-02 -1.018432e-01 -6.259909e-02 -6.171516e-03 -1.209080e-02 1.758445e-02 9.871189e-02 4.339191e-02 1.959452e-02 -2.701241e-02 4.020723e-02
<VARIANCE> 15
 1.626415e+00 2.983597e+00 3.507345e-01 4.695106e-01 6.314738e-01 4.393511e-01 3.772325e-01 3.108608e-01 4.932238e-01 2.035729e-01 4.745818e-01 2.456576e-01 5.306205e-01 3.395165e-01 3.034748e-01
<GCONST> 1.656436e+01
<STATE> 4
<MEAN> 15
 -2.670858e-01 6.493668e-02 -3.083223e-02 4.517953e-02 5.566617e-04 -1.608636e-02 3.906926e-03 1.162528e-02 4.001434e-02 -6.299053e-02 -1.118959e-01 1.122044e-02 8.337252e-02 -5.322561e-02 -2.039340e-02
<VARIANCE> 15
 1.173294e+00 1.902285e-01 1.117538e-02 6.800780e-02 1.140091e-01 1.604257e-01 2.232328e-01 3.062840e-01 1.318876e-01 3.362158e-01 2.729262e-01 2.148821e-01 3.580972e-01 2.537737e-01 2.022360e-02
<GCONST> -4.911637e-02
<TRANSP> 5
 0.000000e+00 1.000000e+00 0.000000e+00 0.000000e+00 0.000000e+00
 0.000000e+00 1.760088e-01 8.239913e-01 0.000000e+00 0.000000e+00
 0.000000e+00 0.000000e+00 8.826333e-01 1.173667e-01 0.000000e+00
 0.000000e+00 0.000000e+00 0.000000e+00 8.064994e-01 1.935006e-01
 0.000000e+00 0.000000e+00 0.000000e+00 0.000000e+00 0.000000e+00
<ENDHMM>
~h "ah"
<BEGINHMM>
<NUMSTATES> 5
<STATE> 2
<NUMMIXES> 3
<MIXTURE> 1 2.074078e-01
<MEAN> 15
 1.286227e+00 2.628812e-01 9.884766e-01 8.959106e-01 1.573360e-01 -4.881881e-01 -2.446329e-01 -6.393500e-01 -1.239248e+00 -4.294108e-01 3.391388e-01 4.525862e-01 3.749962e-01 3.311974e-01 6.121453e-01
<VARIANCE> 15
 2.008844e+00 3.024145e-02 8.397598e-02 1.214894e-01 5.289772e-02 3.833233e-02 1.950742e-01 1.707041e-01 2.474592e-01 2.892483e-01 4.701967e-01 2.721076e-01 1.375075e-01 4.138488e-02 5.529211e-02
<GCONST> -2.178215e+00
<MIXTURE> 2 5.165456e-01
<MEAN> 15
 -6.505724e-01 3.849990e-01 -1.498498e-02 3.061388e-02 -1.339135e-01 1.947267e-02 1.203692e-01 -4.718035e-03 1.524970e-02 1.062814e-01 2.405282e-01 2.701159e-02 -2.640750e-01 -1.344835e-01 2.595288e-03
<VARIANCE> 15
 2.126037e+00 8.182365e-02 8.269797e-02 2.878921e-01 9.831900e-02 2.245702e-01 2.616241e-01 1.709586e-01 2.314003e-01 3.402306e-01 1.538810e-01 4.734788e-01 2.241127e-01 3.060642e-01 2.128858e-02
<GCONST> 3.471099e+00
<MIXTURE> 3 2.760466e-01
<MEAN> 15
 -4.675510e-01 3.773738e-01 4.051762e-02 2.992034e-02 -1.455886e-01 -6.658828e-02 3.675592e-02 -1.232899e-01 -5.275303e-02 1.156584e-01 3.052402e-01 2.661063e-01 -9.042191e-02 -1.396315e-01 5.350671e-02
<VARIANCE> 15
 1.665920e+00 8.157492e-02 1.034219e-01 2.850503e-01 1.016361e-01 3.116428e-01 3.519361e-01 1.773441e-01 1.970135e-01 4.183137e-01 1.374310e-01 4.659949e-01 2.430568e-01 2.572362e-01 1.565251e-02
<GCONST> 3.648486e+00
<STATE> 3
<NUMMIXES> 3
<MIXTURE> 1 1.723924e-01
<MEAN> 15
 4.696177e-01 8.993912e-01 7.826416e-02 6.505998e-02 3.228675e-01 2.279539e-01 7.988629e-02 -2.483769e-02 -1.365677e-01 3.217924e-01 4.415069e-01 2.532745e-01 -1.147178e-01 -2.491944e-01 5.620139e-02
<VARIANCE> 15
 1.203495e+00 2.780985e+00 3.268834e-01 3.011332e-01 2.567420e-01 1.614873e-01 2.462544e-01 2.979699e-01 4.488229e-01 3.211668e-01 5.825714e-01 2.476695e-01 3.178265e-01 3.210064e-01 2.422910e-01
<GCONST> 1.308962e+01
<MIXTURE> 2 5.095992e-01
<MEAN> 15
 -1.471168e-01 -1.675912e-02 -4.775409e-02 -1.124025e-01 -1.459357e-01 -9.457617e-02 2.860586e-02 1.450390e-01 3.863376e-02 -1.475834e-01 -1.658032e-01 -1.390633e-01 -2.846666e-02 7.625314e-02 1.815935e-02
<VARIANCE> 15
 1.199027e+00 3.872347e+00 3.090551e-01 3.282666e-01 2.004753e-01 2.675693e-01 2.262191e-01 5.025445e-01 5.620852e-01 4.433452e-01 7.307907e-01 3.590327e-01 2.410198e-01 2.441762e-01 2.720855e-01
<GCONST> 1.485374e+01
<MIXTURE> 3 3.180087e-01
<MEAN> 15
 -2.799734e-01 7.945573e-01 -1.419081e-01 -4.489658e-02 1.018554e-02 1.362905e-01 1.616105e-01 2.120377e-01 1.978201e-01 -3.693546e-02 -1.517336e-01 -1.140093e-01 -6.113317e-02 -6.433894e-02 -9.173830e-02
<VARIANCE> 15
 1.427601e+00 3.903808e+00 4.187024e-01 3.992013e-01 1.788796e-01 2.852629e-01 2.332659e-01 5.355720e-01 8.204048e-01 3.394136e-01 4.287316e-01 2.382520e-01 2.597396e-01 3.359459e-01 3.576302e-01
<GCONST> 1.541486e+01
<STATE> 4
<NUMMIXES> 3
<MIXTURE> 1 2.181346e-01
<MEAN> 15
 2.216733e+00 4.526149e-03 1.173785e-01 -1.938121e-01 4.752850e-01 6.438801e-01 -2.541935e-02 -4.093845e-01 -3.879655e-01 1.531208e-01 -2.951626e-02 2.448921e-01 6.416017e-01 2.078225e-01 1.153274e-01
<VARIANCE> 15
 1.161300e+00 3.427068e-01 7.314427e-03 1.185828e-01 2.066343e-01 8.870567e-02 8.598991e-02 6.353001e-02 2.180212e-02 2.901940e-01 1.121030e+00 1.659666e-01 8.993024e-02 2.269448e-01 9.706678e-03
<GCONST> -4.883625e+00
<MIXTURE> 2 5.108927e-01
<MEAN> 15
 1.520372e-01 1.063418e-01 9.782278e-03 -2.192521e-02 2.697045e-03 -8.967626e-03 -1.488123e-01 -2.894260e-01 -1.968851e-01 1.451273e-01 -1.779108e-01 -1.993731e-01 -5.852361e-02 -1.559692e-01 -2.307671e-01
<VARIANCE> 15
 1.351761e+00 1.088332e-01 4.255151e-02 9.559460e-02 1.280835e-01 4.023355e-02 1.422023e-01 2.860699e-01 6.974526e-02 4.043208e-01 2.247360e-01 2.847332e-01 2.466473e-01 5.999231e-01 6.614789e-02
<GCONST> 7.327006e-01
<MIXTURE> 3 2.709728e-01
<MEAN> 15
 -4.186938e-01 1.651253e-01 1.444133e-01 -3.863396e-02 2.002532e-01 -3.101714e-02 -2.299213e-02 1.415663e-01 -1.451284e-01 4.400102e-02 -2.727424e-01 -1.821851e-01 2.101991e-02 -1.095827e-01 -1.640223e-01
<VARIANCE> 15
 1.361820e+00 1.233998e-01 3.323315e-02 1.020766e-01 8.271773e-02 3.746090e-02 2.345535e-01 1.988553e-01 2.240931e-02 3.380990e-01 3.754528e-01 3.704588e-01 3.595998e-01 1.952227e-01 2.868922e-02
<GCONST> -1.806560e+00
<TRANSP> 5
 0.000000e+00 1.000000e+00 0.000000e+00 0.000000e+00 0.000000e+00
 0.000000e+00 6.033320e-01 3.966680e-01 0.000000e+00 0.000000e+00
 0.000000e+00 0.000000e+00 9.107747e-01 8.922529e-02 0.000000e+00
 0.000000e+00 0.000000e+00 0.000000e+00 5.149093e-01 4.850908e-01
 0.000000e+00 0.000000e+00 0.000000e+00 0.000000e+00 0.000000e+00
<ENDHMM>
~h "uh"
<BEGINHMM>
<NUMSTATES> 5
<STATE> 2
<NUMMIXES> 3
<MIXTURE> 1 2.994437e-01
<MEAN> 15
 6.803260e-01 8.020473e-01 -1.891419e-01 1.894068e-01 3.393695e-01 1.056000e-01 1.695485e-01 9.476607e-02 2.322659e-01 2.993682e-01 3.466046e-01 -2.009741e-02 -1.025001e-01 -2.512645e-01 -1.663569e-01
<VARIANCE> 15
 2.941653e-01 9.642979e-02 3.141319e-02 1.050632e-01 2.711971e-01 4.828574e-02 5.840608e-02 3.875664e-01 2.417633e-01 5.257047e-02 7.936386e-02 4.740335e-02 4.925280e-02 1.784034e-01 1.523668e-02
<GCONST> -8.698567e+00
<MIXTURE> 2 3.980248e-01
<MEAN> 15
 4.082965e-01 6.796830e-01 -1.415908e-01 1.253823e-02 3.647316e-02 -5.629339e-02 6.040481e-02 1.332655e-01 2.900254e-01 -5.563012e-02 -5.613744e-01 -2.182473e-01 -2.404988e-02 1.270633e-01 -1.194364e-01
<VARIANCE> 15
 6.395018e-01 5.521011e-01 8.246767e-02 7.985929e-02 8.880640e-02 2.699439e-01 2.296379e-01 3.297740e-01 4.052492e-01 9.054916e-02 4.543794e-01 5.180699e-02 1.085283e-01 1.796129e-01 6.210425e-02
<GCONST> 1.421984e+00
<MIXTURE> 3 3.025315e-01
<MEAN> 15
 8.629539e-02 9.197073e-01 4.095938e-02 -1.269858e-01 -6.349771e-02 1.157986e-01 9.964249e-02 -7.407476e-02 -1.046613e-01 1.642055e-01 6.454095e-02 -2.000376e-01 -3.630287e-03 9.867223e-02 8.551039e-03
<VARIANCE> 15
 8.083417e-01 1.625485e-01 5.806769e-02 6.360260e-02 1.496106e-01 1.039473e-01 9.371215e-02 2.785200e-01 1.240292e-01 9.840216e-02 3.517582e-01 9.827346e-02 5.216939e-02 2.255647e-01 2.482990e-02
<GCONST> -3.780879e+00
<STATE> 3
<NUMMIXES> 3
<MIXTURE> 1 3.664116e-01
<MEAN> 15
 -1.329774e-01 -7.654374e-01 -4.065328e-02 1.167264e-01 1.616030e-01 4.374735e-01 6.581099e-01 8.032691e-01 5.152436e-01 -3.840227e-02 -5.192395e-01 -3.035461e-01 -7.128668e-01 -5.410507e-01 -1.237098e-01
<VARIANCE> 15
 1.160168e-01 8.061178e-01 1.163219e-01 6.269456e-02 1.090347e-01 2.381115e-01 1.310417e-01 1.288345e-01 2.614417e-01 6.927624e-02 7.301479e-01 1.648069e-01 5.392339e-02 6.797686e-02 1.846688e-01
<GCONST> -8.814930e-01
<MIXTURE> 2 4.103065e-01
<MEAN> 15
 1.927862e-01 -2.348073e+00 -4.493692e-02 -4.980770e-01 -3.669507e-01 -8.238510e-01 -6.672068e-01 -3.068018e-01 -2.342835e-01 -2.407799e-02 2.893063e-01 4.449376e-01 2.637238e-01 -4.482117e-02 2.372185e-01
<VARIANCE> 15
 5.655737e-01 1.146692e+00 1.051447e-02 3.943551e-02 1.081313e-01 3.246582e-01 2.936441e-01 5.505600e-01 4.365335e-01 6.143863e-01 1.683627e+00 3.159024e-01 5.393459e-01 1.499350e-01 1.394460e-01
<GCONST> 7.743011e+00
<MIXTURE> 3 2.232821e-01
<MEAN> 15
 -5.439818e-01 -1.294446e+00 -6.237730e-02 -1.752353e-01 -1.116749e-01 -1.447842e-02 4.530622e-02 5.900080e-01 5.854715e-01 2.811096e-01 1.332965e-01 -4.914367e-03 -7.244931e-01 -4.262719e-01 -2.216986e-01
<VARIANCE> 15
 5.157589e-01 2.294637e+00 3.162159e-02 4.013241e-02 2.039661e-01 1.891546e-01 2.215924e-01 2.468136e-01 4.806350e-01 2.983764e-01 1.509266e+00 2.699124e-01 1.028462e-01 2.103459e-01 1.251055e-01
<GCONST> 6.153898e+00
<STATE> 4
<NUMMIXES> 3
<MIXTURE> 1 1.194527e-01
<MEAN> 15
 -1.948782e+00 -6.128184e-01 3.139028e-01 1.360133e-01 5.755407e-01 1.156234e+00 1.120988e+00 2.771128e-01 -1.858313e-02 1.860787e-01 -4.966648e-01 -7.785991e-01 -3.104327e-01 -1.339426e-02 1.555230e-01
<VARIANCE> 15
 1.618360e-01 6.138302e-02 7.390924e-03 1.361650e-03 2.401996e-02 1.413308e-01 5.899652e-02 2.992431e-03 6.216936e-03 5.620180e-03 6.874690e-03 2.233195e-03 9.284503e-03 5.084504e-02 3.030374e-03
<GCONST> -3.768122e+01
<MIXTURE> 2 4.916750e-01
<MEAN> 15
 -1.692739e+00 1.669004e-01 -1.067873e-01 1.424249e-01 -5.897223e-03 3.057362e-01 -7.147066e-02 -1.461166e-01 4.055459e-01 -1.604104e-01 -3.102980e-01 -1.890599e-01 -6.699150e-01 -1.232762e-01 -2.975088e-02
<VARIANCE> 15
 1.444886e+00 3.067140e-02 7.047968e-03 2.893118e-03 1.401400e-02 1.018919e-01 5.114074e-02 1.767463e-01 2.517506e-01 3.128903e-02 2.951671e-01 2.510890e-01 1.586732e-01 2.218186e-01 1.067042e-03
<GCONST> -1.524206e+01
<MIXTURE> 3 3.888723e-01
<MEAN> 15
 -8.246625e-01 2.717538e-01 -2.945881e-02 2.287406e-01 5.791656e-03 -1.025302e-01 1.283714e-01 5.102924e-02 1.206809e-01 -7.363765e-02 -4.030026e-01 -6.145658e-01 -3.116011e-02 6.361647e-01 -4.618325e-02
<VARIANCE> 15
 1.065573e+00 1.982243e-02 1.868628e-03 2.301962e-03 1.779279e-02 1.112683e-01 4.404061e-02 1.857226e-01 3.352629e-01 1.150494e-02 2.220270e-01 4.411100e-02 3.286532e-02 1.043763e-01 2.231745e-03
<GCONST> -2.164062e+01
<TRANSP> 5
 0.000000e+00 1.000000e+00 0.000000e+00 0.000000e+00 0.000000e+00
 0.000000e+00 7.804013e-01 2.195987e-01 0.000000e+00 0.000000e+00
 0.000000e+00 0.000000e+00 6.374337e-01 3.625663e-01 0.000000e+00
 0.000000e+00 0.000000e+00 0.000000e+00 5.529706e-01 4.470294e-01
 0.000000e+00 0.000000e+00 0.000000e+00 0.000000e+00 0.000000e+00
<ENDHMM>
~h "uw"
<BEGINHMM>
<NUMSTATES> 5
<STATE> 2
<NUMMIXES> 3
<MIXTURE> 1 2.163763e-01
<MEAN> 15
 -1.008317e-01 -2.092196e-01 1.550414e-02 2.649624e-02 7.822490e-02 1.804388e-01 1.669596e-01 1.112700e-01 -1.630640e-03 1.204704e-01 4.289532e-01 2.323245e-01 -6.884555e-02 -1.073641e-01 -2.856893e-02
<VARIANCE> 15
 7.125841e-01 2.745647e-01 1.684866e-02 1.128828e-01 1.561839e-02 8.980810e-02 5.139902e-02 1.298492e-01 4.140946e-02 1.612717e-01 3.180299e-01 2.895718e-01 2.168207e-01 6.237933e-02 6.226427e-03
<GCONST> -8.683095e+00
<MIXTURE> 2 4.356921e-01
<MEAN> 15
 4.165197e-01 -8.747790e-01 -1.765258e-01 -3.856396e-02 -1.069604e-02 -1.615595e-01 -2.421622e-01 -7.764218e-03 2.559476e-02 -7.032116e-03 1.055674e-01 1.916981e-01 1.870094e-01 3.208416e-02 -1.361149e-01
<VARIANCE> 15
 1.053183e+00 2.823533e-01 3.550585e-02 1.127082e-01 6.020941e-02 1.808435e-01 2.202501e-01 6.505743e-02 5.320288e-02 1.387211e-01 4.914325e-01 5.367655e-01 1.348658e-01 2.423707e-01 1.311127e-02
<GCONST> -1.927763e+00
<MIXTURE> 3 3.479318e-01
<MEAN> 15
 -1.716853e-02 -6.136729e-01 -1.471249e-02 3.749815e-02 -2.989728e-04 8.331090e-02 4.411461e-02 4.061422e-03 5.615479e-02 2.435928e-02 -5.975682e-02 -6.007696e-02 -9.068533e-02 3.191893e-03 -4.627099e-02
<VARIANCE> 15
 4.491169e-01 1.473597e-01 1.048682e-02 4.767406e-02 5.393478e-02 4.491996e-02 6.051955e-02 1.360766e-01 4.739290e-02 1.986991e-01 2.118948e-01 6.033991e-02 1.840035e-01 7.508818e-02 1.089014e-02
<GCONST> -1.139684e+01
<STATE> 3
<NUMMIXES> 3
<MIXTURE> 1 2.116757e-01
<MEAN> 15
 1.024428e-01 6.851019e-01 -1.923836e-01 3.352408e-01 4.631905e-01 5.459808e-01 2.753258e-01 1.650963e-01 3.146698e-01 1.499869e-01 -9.773511e-02 -1.794190e-01 -1.525892e-01 1.908743e-01 -2.988991e-01
<VARIANCE> 15
 9.598917e-01 2.030005e+00 2.457943e-01 4.700737e-01 2.130384e-01 3.623313e-01 2.630215e-01 4.905969e-01 4.230230e-01 1.411115e-01 5.239961e-01 5.038254e-01 1.867877e-01 6.697391e-02 1.463243e-01
<GCONST> 1.101451e+01
<MIXTURE> 2 4.975841e-01
<MEAN> 15
 5.957770e-02 -1.726582e-01 1.608725e-01 -1.824473e-01 -1.951924e-01 -2.486420e-01 -1.142104e-01 -7.813447e-02 -1.670986e-01 -7.279679e-02 -5.238419e-02 9.515268e-03 6.994452e-02 -5.464149e-02 1.958001e-01
<VARIANCE> 15
 1.093533e+00 2.497159e+00 3.276563e-01 3.850568e-01 5.113488e-01 5.038487e-01 3.019387e-01 3.448760e-01 4.479710e-01 3.305228e-01 3.451099e-01 3.147526e-01 2.698044e-01 1.375969e-01 2.712280e-01
<GCONST> 1.415603e+01
<MIXTURE> 3 2.907406e-01
<MEAN> 15
 -1.614891e-02 1.182931e-01 -8.977045e-03 -3.671214e-02 7.442720e-03 2.983960e-02 3.472839e-02 8.990916e-02 1.004343e-01 7.956229e-02 -5.452448e-02 -1.061969e-01 4.258837e-04 4.993973e-02 -3.119130e-02
<VARIANCE> 15
 9.732498e-01 2.553470e+00 3.392003e-01 4.952166e-01 5.591965e-01 6.412767e-01 3.231283e-01 4.574505e-01 5.074671e-01 2.306289e-01 3.960818e-01 2.897175e-01 2.391993e-01 1.177446e-01 2.699661e-01
<GCONST> 1.456782e+01
<STATE> 4
<NUMMIXES> 3
<MIXTURE> 1 3.474206e-01
<MEAN> 15
 -4.524728e-01 9.227013e-02 8.032948e-02 8.605561e-02 6.715608e-02 5.075841e-01 2.232825e-01 3.960863e-01 3.492270e-01 2.742117e-02 6.020038e-02 -1.307079e-01 1.507323e-01 2.813943e-01 3.891142e-02
<VARIANCE> 15
 1.940722e-01 3.896310e-02 1.136267e-02 5.755841e-02 3.517348e-02 1.528689e-01 2.656667e-01 3.281840e-02 3.591105e-01 2.831176e-02 3.015180e-01 2.067047e-01 3.282830e-01 1.005628e-01 1.241906e-03
<GCONST> -1.208276e+01
<MIXTURE> 2 3.973488e-01
<MEAN> 15
 -6.070789e-01 -4.514170e-02 -1.674767e-01 -1.543164e-01 2.725363e-02 -1.908065e-01 8.449928e-02 -3.279130e-01 -4.603923e-01 -1.117097e-02 2.191094e-01 1.427345e-01 -3.467994e-01 -3.887888e-01 -6.216500e-02
<VARIANCE> 15
 1.880422e+00 2.638404e-02 1.191771e-02 1.062814e-01 7.452323e-02 3.697027e-02 1.784463e-01 1.869741e-01 2.501838e-01 7.681151e-02 8.433276e-02 1.263668e-01 2.612471e-01 2.452401e-01 1.278166e-02
<GCONST> -7.002339e+00
<MIXTURE> 3 2.552307e-01
<MEAN> 15
 -3.980327e-01 8.121245e-02 -2.210544e-02 -1.508262e-01 1.454912e-01 -8.511919e-02 -1.645527e-01 1.303293e-01 2.690697e-01 2.072348e-01 -1.387333e-01 -1.330585e-01 1.717305e-01 6.113430e-02 -1.078840e-02
<VARIANCE> 15
 2.184385e+00 2.366055e-02 1.529385e-02 1.140812e-01 1.192510e-01 6.843577e-02 2.217380e-01 6.185887e-02 3.375562e-01 9.933385e-02 2.617404e-01 1.830254e-01 1.523532e-01 1.081234e-01 1.023488e-02
<GCONST> -5.964962e+00
<TRANSP> 5
 0.000000e+00 1.000000e+00 0.000000e+00 0.000000e+00 0.000000e+00
 0.000000e+00 8.179690e-01 1.820311e-01 0.000000e+00 0.000000e+00
 0.000000e+00 0.000000e+00 9.392597e-01 6.074027e-02 0.000000e+00
 0.000000e+00 0.000000e+00 0.000000e+00 7.869204e-01 2.130796e-01
 0.000000e+00 0.000000e+00 0.000000e+00 0.000000e+00 0.000000e+00
<ENDHMM>
~h "sil"
<BEGINHMM>
<NUMSTATES> 5
<STATE> 2
<MEAN> 15
 -1.022753e-01 -3.599825e-01 -8.204713e-02 1.290915e-01 1.333868e-01 1.219783e-01 5.441324e-02 -4.570222e-02 2.795533e-02 -2.397281e-01 -8.731869e-02 1.109338e-01 3.941176e-02 1.309422e-01 -7.760759e-02
<VARIANCE> 15
 1.558129e+00 1.071182e-01 1.979570e-02 6.149632e-02 5.205700e-02 4.599948e-02 1.402557e-01 1.867815e-01 1.247529e-01 1.278695e-01 2.627569e-01 7.972568e-02 1.522603e-01 2.181722e-01 8.316899e-03
<GCONST> -6.807849e+00
<STATE> 3
<MEAN> 15
 1.583731e-01 -1.194341e+00 1.941911e-02 -1.009042e-01 -7.855561e-02 -7.287077e-02 -1.994436e-02 3.395573e-02 2.383842e-02 4.231862e-02 8.483274e-03 6.046295e-03 4.490749e-02 2.940396e-03 6.512672e-02
<VARIANCE> 15
 1.331126e+00 1.081457e+00 1.010338e-01 2.077964e-01 2.718395e-01 1.848035e-01 1.789944e-01 3.870980e-01 3.589834e-01 1.348748e-01 3.954766e-01 1.301623e-01 2.140972e-01 2.971459e-01 1.847452e-01
<GCONST> 7.970348e+00
<STATE> 4
<MEAN> 15
 -5.579618e-03 -1.018309e-02 1.207311e-02 6.618414e-03 -1.107614e-02 2.129423e-03 -1.284191e-02 -1.676424e-02 7.706977e-03 2.107283e-02 -5.717634e-03 9.369734e-03 5.593938e-03 -6.652208e-03 4.851654e-03
<VARIANCE> 15
 1.109001e+00 1.821560e-02 1.063847e-02 3.520189e-02 7.360471e-02 1.172410e-01 1.385110e-01 1.423571e-01 1.483530e-01 1.762550e-01 1.921828e-01 2.699192e-01 3.361010e-01 2.047629e-01 3.730790e-03
<GCONST> -7.772892e+00
<TRANSP> 5
 0.000000e+00 1.000000e+00 0.000000e+00 0.000000e+00 0.000000e+00
 0.000000e+00 6.947134e-01 1.037412e-01 2.015454e-01 0.000000e+00
 0.000000e+00 0.000000e+00 8.873556e-01 1.126445e-01 0.000000e+00
 0.000000e+00 1.767190e-02 0.000000e+00 9.563695e-01 2.595863e-02
 0.000000e+00 0.000000e+00 0.000000e+00 0.000000e+00 0.000000e+00
<ENDHMM>
