~o
<STREAMINFO> 1 39
<VECSIZE> 39<NULLD><MFCC_D_A_0><DIAGC>
~h "au"
<BEGINHMM>
<NUMSTATES> 6
<STATE> 2
<MEAN> 39
 -5.164295e+00 -6.476934e+00 -1.038257e+01 -1.566433e+01 -8.170547e+00 -7.588667e-01 -1.462519e+01 3.509802e+00 1.764720e+00 3.106481e+00 -8.276198e+00 -2.027018e+01 6.818877e+01 4.216827e-01 6.092665e-01 1.539691e-01 -1.283820e+00 -2.553850e-01 2.316123e+00 -1.091947e+00 -2.457379e+00 -1.983336e-01 1.394218e+00 1.843132e+00 -7.530169e-02 -4.045904e-01 3.583008e-02 4.231494e-01 2.419444e-01 -7.727960e-02 -4.409733e-01 9.567397e-02 8.045325e-02 -3.533115e-01 -4.144813e-01 -1.493791e-01 4.817433e-01 1.168367e+00 -5.061439e-02
<VARIANCE> 39
 3.595937e+00 5.410502e+00 2.737208e+01 3.419709e+01 4.227137e+01 3.270395e+01 4.081277e+01 1.229749e+02 6.982603e+01 3.479058e+01 2.139827e+01 5.177346e+01 2.860926e+01 2.007845e-01 1.064630e+00 3.653047e-01 2.262159e+00 3.661296e+00 9.770740e-01 8.731265e-01 1.564229e+00 2.268302e+00 1.500441e+00 6.076049e-01 6.941944e+00 9.758398e-02 3.007935e-02 5.564589e-02 2.842040e-01 4.253273e-01 3.341311e-01 2.242775e-01 3.671479e-01 4.611591e-01 3.806583e-01 5.755174e-01 1.424502e-01 4.065892e-01 3.918140e-03
<GCONST> 9.280682e+01
<STATE> 3
<MEAN> 39
 -3.353271e+00 7.235001e+00 -1.200805e+01 -2.216753e+01 -1.386147e+01 2.738032e+00 -8.789824e+00 -1.261654e+01 -8.960852e+00 -3.528152e-01 7.579561e-01 -2.942975e+00 6.533963e+01 1.812563e-01 1.268537e+00 4.226677e-01 4.244067e-01 -4.239598e-01 3.446636e-02 -8.265218e-02 -1.479102e+00 -1.170333e+00 -5.274078e-01 1.107730e+00 2.080084e+00 -4.665186e-01 -1.064823e-01 -4.027512e-01 7.164922e-02 4.088661e-01 1.097877e-01 -2.087486e-01 -2.359923e-01 3.350919e-02 4.334046e-01 1.765150e-01 -3.413984e-01 -4.792756e-01 1.257278e-01
<VARIANCE> 39
 6.055147e+00 3.465369e+01 2.060914e+01 1.390656e+01 1.658171e+01 8.824516e+01 1.513235e+02 7.718790e+01 9.509997e+01 5.240100e+01 5.605861e+01 4.797367e+01 2.661548e+01 3.621569e-01 2.860322e+00 1.438470e+00 3.019204e+00 2.328484e+00 1.224345e+00 1.124074e+00 3.514261e+00 4.590774e+00 4.345634e+00 1.525426e+00 5.261357e+00 4.587600e-01 7.116708e-02 2.541789e-01 2.501071e-01 4.724860e-01 5.032845e-01 3.226058e-01 3.547045e-01 6.678542e-01 1.083596e+00 7.125399e-01 2.408339e-01 8.545669e-01 5.991511e-02
<GCONST> 1.131896e+02
<STATE> 4
<MEAN> 39
 -4.433132e+00 3.851421e+00 -6.585603e+00 -9.332217e+00 -1.675493e+01 4.484198e+00 -1.984781e+01 -2.003164e+01 -4.878852e+00 1.139335e+00 5.355440e+00 -1.093501e+00 6.395129e+01 -3.440697e-01 -1.249105e+00 1.328237e+00 4.151003e+00 9.562061e-01 -3.345125e+00 -1.680399e+00 4.675961e-01 2.954997e+00 -3.624966e-02 -3.301699e+00 -1.509154e+00 -7.967981e-01 1.442127e-01 7.618154e-01 4.040024e-01 1.514510e-01 1.206973e+00 -9.961561e-01 9.643274e-01 1.378368e+00 -4.416201e-01 -8.855174e-01 -1.051855e+00 -1.056183e-02 -1.006457e+00
<VARIANCE> 39
 4.175030e+00 1.036817e+01 4.229918e+01 7.846521e+01 2.575492e+01 8.087807e+01 1.104661e+02 1.061849e+02 8.223608e+01 4.202078e+01 9.557860e+01 1.324183e+01 3.529263e+01 6.153811e-01 1.734366e+00 9.949721e-01 4.022738e+00 7.612555e+00 8.177740e+00 7.355923e+00 8.610471e+00 6.401568e+00 5.666996e+00 6.663952e+00 1.306113e+00 3.546232e+00 7.829833e-02 6.752044e-01 4.017741e-01 8.721064e-01 4.831273e-01 9.473075e-01 1.469786e+00 1.208729e+00 1.195456e+00 6.280965e-01 1.284692e+00 3.769214e-01 3.284833e-01
<GCONST> 1.298507e+02
<STATE> 5
<MEAN> 39
 -4.196769e+00 3.959152e+00 -6.756222e+00 -2.183076e+00 -6.411522e+00 -1.247699e+01 -1.905235e+01 -1.418556e+01 1.063388e-01 -1.566468e+00 -8.142473e+00 -2.301676e+00 5.944043e+01 -2.144606e-02 2.433707e+00 2.473321e+00 2.188091e+00 4.137141e+00 -4.029644e+00 2.070071e+00 2.548133e+00 -2.972522e-02 -2.075845e+00 -4.052171e+00 -4.033310e-01 -3.837574e+00 -3.478418e-01 8.098063e-01 7.330004e-01 -4.134749e-01 5.710956e-03 2.047046e+00 1.314804e+00 -2.148686e-01 -1.404063e+00 -2.417944e-01 9.762508e-01 1.928427e-01 -8.461987e-01
<VARIANCE> 39
 1.151207e+01 7.843569e+00 4.627562e+01 9.531212e+01 1.996056e+01 4.524515e+01 5.944012e+01 8.180178e+01 2.938525e+01 5.733997e+01 3.785131e+01 2.609161e+01 1.933489e+01 1.966521e-01 6.040590e-01 3.870936e+00 3.570393e+00 3.361018e+00 4.641927e-01 1.604605e+01 8.139639e+00 6.980911e-01 7.318147e-01 1.156258e+01 8.334553e-01 3.669486e+00 8.562149e-02 4.586810e-02 4.701518e-01 1.780212e+00 6.939034e-01 1.320548e-01 3.918284e-01 1.415264e+00 1.395298e+00 7.161505e-01 2.582420e-01 2.826152e-01 5.027524e-01
<GCONST> 1.138574e+02
<TRANSP> 6
 0.000000e+00 1.000000e+00 0.000000e+00 0.000000e+00 0.000000e+00 0.000000e+00
 0.000000e+00 7.694702e-01 2.305298e-01 0.000000e+00 0.000000e+00 0.000000e+00
 0.000000e+00 0.000000e+00 8.888547e-01 1.111453e-01 0.000000e+00 0.000000e+00
 0.000000e+00 0.000000e+00 0.000000e+00 6.998456e-01 3.001544e-01 0.000000e+00
 0.000000e+00 0.000000e+00 0.000000e+00 0.000000e+00 0.000000e+00 1.000000e+00
 0.000000e+00 0.000000e+00 0.000000e+00 0.000000e+00 0.000000e+00 0.000000e+00
<ENDHMM>
