~o
<STREAMINFO> 1 39
<VECSIZE> 39<NULLD><MFCC_D_A_0><DIAGC>
~h "b"
<BEGINHMM>
<NUMSTATES> 6
<STATE> 2
<MEAN> 39
 9.723255e-01 7.442883e+00 1.324780e+00 -2.516563e+00 -4.331284e+00 -3.076316e+00 -6.512496e+00 -9.728477e+00 -1.256507e+01 -1.958260e+00 -2.381266e+00 -7.045276e+00 5.882694e+01 1.012211e-01 3.376703e+00 2.073016e+00 2.152901e+00 1.050151e+00 1.524521e+00 9.146696e-01 -6.112801e-01 -2.437681e+00 -1.880847e+00 3.512482e-01 2.865092e-01 -3.341693e+00 -5.615545e-01 -6.458529e-01 -3.688290e-01 -3.036979e-01 -2.310248e-01 -5.847787e-01 -2.047265e-01 3.099027e-01 9.968674e-01 4.405939e-01 -4.173401e-01 1.645929e-02 1.001150e+00
<VARIANCE> 39
 3.490917e+00 2.551540e+01 1.145792e+01 1.673854e+01 2.492613e+01 3.543740e+01 3.738429e+01 4.454802e+01 2.231637e+01 5.065636e+01 5.076450e+01 2.555565e+01 8.002750e+01 1.464229e+00 1.836976e+00 3.113106e+00 2.952168e+00 3.867388e+00 2.489261e+00 5.080135e+00 9.445284e+00 3.841257e+00 5.894642e+00 3.451911e+00 5.650690e+00 2.819229e+00 1.396048e-01 3.672177e-01 4.952909e-01 3.557054e-01 5.232166e-01 3.549471e-01 8.645170e-01 6.736224e-01 4.953317e-01 8.090076e-01 4.172440e-01 5.466615e-01 2.949333e-01
<GCONST> 1.201307e+02
<STATE> 3
<MEAN> 39
 3.255100e-01 1.050478e+01 3.602434e+00 5.627089e-01 -3.906703e+00 -2.568569e+00 -5.595397e+00 -1.119610e+01 -1.201439e+01 -7.585812e-01 -3.377423e+00 -7.882632e+00 5.715816e+01 -5.534673e-01 3.098469e-01 5.209495e-02 1.204542e-01 8.220076e-01 3.006534e-01 1.094288e-01 1.178047e-01 1.820597e-01 3.284891e-02 3.517504e-01 3.481007e-01 6.287289e-02 -2.777719e-01 -1.365294e+00 -7.839347e-01 -5.978305e-01 -2.611353e-01 -6.664036e-01 -5.994357e-01 9.520344e-02 7.832240e-01 3.528565e-01 1.000995e-01 3.890118e-01 1.465556e+00
<VARIANCE> 39
 3.518996e+00 7.951916e+00 3.437681e+00 1.598539e+01 2.713784e+01 3.442505e+01 2.861999e+01 4.174387e+01 4.615944e+01 2.998316e+01 2.973836e+01 2.767459e+01 6.730047e+01 4.626660e-01 2.642047e+00 1.676916e+00 1.551282e+00 1.477418e+00 1.335913e+00 1.461660e+00 1.655741e+00 2.694388e+00 2.404299e+00 1.837368e+00 1.616708e+00 2.080069e+00 2.196140e-01 3.428091e-01 5.617369e-01 6.654485e-01 6.002357e-01 4.776824e-01 6.816890e-01 7.974663e-01 1.215154e+00 8.367487e-01 5.724379e-01 5.535826e-01 3.499974e-01
<GCONST> 1.098940e+02
<STATE> 4
<MEAN> 39
 -1.385130e+00 9.475142e+00 1.798812e+00 -5.821351e-01 -3.985873e-01 -1.557069e+00 -5.380521e+00 -1.000372e+01 -1.203590e+01 -3.767430e+00 -2.445809e+00 -4.287662e+00 5.824607e+01 -1.423873e+00 -3.385097e+00 -1.482934e+00 -1.111662e+00 -3.069584e-02 -2.129340e+00 -1.972244e+00 5.488822e-01 1.865882e+00 1.033299e+00 3.270826e-01 8.450284e-01 4.303792e+00 2.099005e-02 -8.031422e-01 -1.412252e-01 -4.874730e-01 -7.133950e-01 -6.445870e-01 -6.619667e-01 2.107615e-01 5.582804e-01 7.626943e-01 -1.271020e-01 -1.458548e-01 9.480574e-01
<VARIANCE> 39
 1.113782e+01 1.294407e+01 1.026707e+01 1.260241e+01 1.240279e+01 3.507830e+01 2.572596e+01 2.416432e+01 2.753251e+01 2.637878e+01 1.903454e+01 7.625265e+00 5.641126e+01 1.235870e+00 8.508032e-01 1.766821e+00 2.741446e+00 4.246330e+00 1.495065e+00 5.693265e+00 4.941075e+00 4.099957e+00 6.204238e+00 2.711819e+00 1.889937e+00 7.596460e-01 2.246349e-01 2.463517e-01 6.907225e-01 2.450285e-01 6.530622e-01 3.365319e-01 1.012047e+00 8.274094e-01 4.895732e-01 8.268925e-01 4.266833e-01 4.608419e-01 3.388685e-01
<GCONST> 1.110495e+02
<STATE> 5
<MEAN> 39
 -5.391009e+00 -2.013537e-01 -2.826322e+00 -4.966641e+00 -3.717586e+00 -8.223893e+00 -1.092280e+01 -8.628878e+00 -4.868364e+00 1.357068e+00 -1.630052e+00 -4.079632e+00 7.363500e+01 -4.050177e-01 -2.514102e+00 -7.652727e-01 -1.590439e+00 -1.726538e+00 -2.180372e+00 -1.863724e+00 5.263635e-01 2.276718e+00 1.680913e+00 -4.240942e-01 1.236448e-01 3.623479e+00 4.038898e-01 7.284702e-01 4.347886e-01 3.111232e-01 -2.102126e-01 2.349163e-01 5.160801e-01 -2.296399e-01 -3.370680e-01 -1.019953e-01 -4.560400e-01 -2.877169e-01 -9.823419e-01
<VARIANCE> 39
 2.143171e+01 9.251523e+00 3.665257e+01 2.019861e+01 4.779374e+01 4.471064e+01 5.388261e+01 3.074860e+01 3.605235e+01 5.704429e+01 2.324885e+01 1.862592e+01 8.251527e+01 8.071435e-01 3.541669e+00 6.197715e+00 2.786408e+00 4.721587e+00 2.839812e+00 1.109540e+01 7.369777e+00 5.820090e+00 6.373759e+00 3.493989e+00 4.485670e+00 2.778704e+00 2.903168e-01 1.939409e-01 4.760785e-01 6.163589e-01 1.133176e+00 4.697915e-01 1.005652e+00 1.126675e+00 6.506354e-01 1.329660e+00 5.800423e-01 1.700040e-01 2.966618e-01
<GCONST> 1.267676e+02
<TRANSP> 6
 0.000000e+00 1.000000e+00 0.000000e+00 0.000000e+00 0.000000e+00 0.000000e+00
 0.000000e+00 3.721887e-01 6.278113e-01 0.000000e+00 0.000000e+00 0.000000e+00
 0.000000e+00 0.000000e+00 6.653019e-01 3.346982e-01 0.000000e+00 0.000000e+00
 0.000000e+00 0.000000e+00 0.000000e+00 3.693990e-01 6.306010e-01 0.000000e+00
 0.000000e+00 0.000000e+00 0.000000e+00 0.000000e+00 4.783363e-01 5.216637e-01
 0.000000e+00 0.000000e+00 0.000000e+00 0.000000e+00 0.000000e+00 0.000000e+00
<ENDHMM>
