~o
<STREAMINFO> 1 39
<VECSIZE> 39<NULLD><MFCC_D_A_0><DIAGC>
~h "d"
<BEGINHMM>
<NUMSTATES> 6
<STATE> 2
<MEAN> 39
 -2.814206e+00 1.114959e+00 3.043772e+00 -2.091590e+00 -4.475490e+00 -8.082527e+00 -1.322848e+01 -6.236930e+00 -6.252703e+00 -4.945609e+00 -1.537397e+01 -6.317243e+00 6.090342e+01 1.736212e+00 3.171451e+00 2.594860e+00 2.267543e+00 1.934614e+00 6.019979e-01 -9.219365e-01 -9.115036e-01 -1.764827e+00 -2.173086e+00 -2.417631e+00 -1.887889e+00 -2.735876e+00 -3.741554e-01 1.578938e-01 -5.060744e-01 -2.715114e-01 9.460492e-02 6.724331e-02 9.307554e-01 7.166868e-01 4.769291e-01 3.637822e-01 7.704591e-01 -2.441286e-01 4.720638e-01
<VARIANCE> 39
 2.379185e+01 4.001792e+01 2.290542e+01 9.845380e+01 3.567702e+01 6.460757e+01 2.825809e+01 5.428428e+01 3.293769e+01 6.125163e+01 9.058781e+01 2.980415e+01 4.613739e+01 1.252500e+00 1.587862e+00 1.240408e+00 1.761908e+00 6.676111e+00 5.850352e+00 2.462509e+00 1.052012e+01 2.737990e+00 1.023125e+01 2.940028e+00 4.443460e+00 8.005332e+00 3.752893e-01 1.126169e+00 2.641726e-01 1.692236e+00 2.101438e-01 8.146546e-01 3.644327e-01 3.289288e+00 2.833701e-01 3.283038e-01 1.033627e+00 1.011432e+00 6.152631e-01
<GCONST> 1.309829e+02
<STATE> 3
<MEAN> 39
 -2.776488e+00 8.573062e+00 4.076202e+00 2.100657e+00 -2.774893e+00 -9.510338e+00 -1.178221e+01 -4.968608e+00 -2.850212e+00 -8.339532e+00 -1.274985e+01 -8.005336e+00 5.648132e+01 6.967399e-03 1.318620e+00 9.362186e-01 8.272843e-01 5.265702e-01 5.687525e-01 6.475274e-01 9.923267e-02 3.555500e-01 -1.999128e-01 5.305991e-01 -6.090302e-01 2.706709e-01 -8.445045e-01 -1.499659e+00 -8.893952e-01 -1.339316e+00 -1.041873e+00 -4.448151e-01 1.550007e-01 2.801119e-01 4.815857e-01 1.045120e+00 1.104749e+00 7.660869e-01 1.948529e+00
<VARIANCE> 39
 9.771791e+00 2.004997e+01 1.816871e+01 3.617956e+01 1.769187e+01 2.127942e+01 9.129605e+00 3.146285e+01 4.089682e+01 4.325320e+01 3.914248e+01 2.820093e+01 8.169857e+01 3.452271e+00 7.763862e+00 2.084167e+00 1.136871e+01 3.287075e+00 3.173186e+00 2.936524e+00 7.625155e+00 1.508650e+00 5.392949e+00 4.206389e+00 2.266402e+00 8.630931e+00 5.861358e-01 1.246476e+00 3.248292e-01 1.701212e+00 9.802296e-01 9.442179e-01 9.924763e-01 3.360820e+00 4.527270e-01 1.312440e+00 8.585358e-01 7.224525e-01 9.745510e-01
<GCONST> 1.315319e+02
<STATE> 4
<MEAN> 39
 -5.958964e+00 4.984671e+00 5.825792e+00 5.059379e-01 -4.794979e+00 -4.264330e+00 -9.642623e+00 -5.953495e+00 -3.657108e+00 -4.715905e+00 -7.577215e+00 -5.541445e+00 6.526904e+01 -2.313513e+00 -1.500848e+00 -5.276560e-01 -1.888498e+00 -2.381335e+00 -1.919224e+00 -6.967632e-01 4.116472e-02 4.756447e-01 9.604706e-01 1.357313e+00 1.254346e+00 4.411548e+00 9.975883e-02 -4.302747e-01 -2.008905e-01 -6.277713e-01 -8.950528e-01 -9.306476e-01 -3.102127e-01 1.458693e-01 -1.407199e-01 2.156082e-01 -2.681057e-01 1.632187e-01 6.410719e-01
<VARIANCE> 39
 4.937915e+01 1.346917e+01 1.659973e+01 1.877830e+01 2.880357e+01 2.447780e+01 2.108956e+01 3.091223e+01 3.248524e+01 2.378250e+01 4.994293e+01 5.243789e+01 1.483429e+02 2.519809e+00 7.037319e+00 3.468138e+00 7.467748e+00 5.455289e+00 3.344040e+00 4.202308e+00 1.153657e+01 2.478693e+00 4.064915e+00 6.633231e+00 1.378051e+00 6.767131e+00 6.911665e-01 5.464590e-01 6.567059e-01 2.984127e-01 7.795792e-01 4.440925e-01 4.657161e-01 9.614590e-01 3.688148e-01 3.026272e-01 1.906577e+00 3.723367e-01 8.668701e-01
<GCONST> 1.286808e+02
<STATE> 5
<MEAN> 39
 -8.985728e+00 9.125592e-01 2.675985e+00 -6.870728e+00 -1.417502e+01 -1.483238e+01 -1.388943e+01 -5.881899e+00 -2.930343e+00 -3.249012e+00 -5.785014e+00 -3.113045e+00 7.615154e+01 -4.227250e-01 -2.547135e+00 -1.244866e+00 -3.204722e+00 -4.064406e+00 -3.290902e+00 -3.116755e-01 9.067250e-01 1.375016e-01 2.067346e+00 2.426499e-01 1.186352e+00 4.669406e+00 8.989633e-01 2.082206e-01 -1.957974e-01 4.008785e-01 5.978116e-01 6.302831e-02 6.732125e-01 3.712916e-01 -1.412058e-01 -8.852579e-03 -6.597543e-01 -3.504270e-01 -1.262808e+00
<VARIANCE> 39
 2.203336e+01 2.254873e+01 3.529587e+01 3.041276e+01 7.891393e+01 2.163121e+01 3.499437e+01 9.403584e+01 6.951607e+01 1.868107e+01 1.575309e+01 1.292963e+01 1.077099e+02 1.682061e+00 5.953327e+00 4.006506e+00 5.602751e+00 1.620001e+00 1.915859e+00 3.441920e+00 9.642692e+00 1.985053e+00 5.563718e+00 9.816730e+00 1.608710e+00 3.915378e+00 3.455922e-01 4.850667e-01 5.671154e-01 4.111989e-01 1.135604e+00 4.333127e-01 6.282777e-01 1.123818e+00 7.696871e-01 6.853243e-01 1.007334e+00 1.922388e-01 2.743664e-01
<GCONST> 1.262732e+02
<TRANSP> 6
 0.000000e+00 1.000000e+00 0.000000e+00 0.000000e+00 0.000000e+00 0.000000e+00
 0.000000e+00 6.843598e-29 1.000000e+00 0.000000e+00 0.000000e+00 0.000000e+00
 0.000000e+00 0.000000e+00 6.248177e-01 3.751823e-01 0.000000e+00 0.000000e+00
 0.000000e+00 0.000000e+00 0.000000e+00 5.387376e-01 4.612624e-01 0.000000e+00
 0.000000e+00 0.000000e+00 0.000000e+00 0.000000e+00 6.192338e-42 1.000000e+00
 0.000000e+00 0.000000e+00 0.000000e+00 0.000000e+00 0.000000e+00 0.000000e+00
<ENDHMM>
