~o
<STREAMINFO> 1 39
<VECSIZE> 39<NULLD><MFCC_D_A_0><DIAGC>
~h "e"
<BEGINHMM>
<NUMSTATES> 6
<STATE> 2
<MEAN> 39
 -6.631714e+00 -2.813587e+00 -2.846119e+00 -1.021377e+01 -1.254698e+01 -1.598986e+01 -9.763328e+00 -3.396651e+00 -2.965510e+00 2.888689e+00 -8.729088e+00 -3.979704e+00 7.614278e+01 2.001464e+00 -2.245750e+00 -2.499968e-01 -1.204946e+00 -1.939758e+00 -1.503734e+00 -8.135033e-01 1.831020e+00 5.224348e-01 5.619578e-01 -1.565206e+00 -1.119725e+00 2.379992e+00 -6.072023e-01 1.108702e-01 6.605523e-02 4.617042e-01 5.005329e-01 8.083093e-01 6.309187e-01 -1.556351e-01 -2.423839e-02 -7.161725e-02 2.617674e-01 5.065204e-02 -9.360400e-01
<VARIANCE> 39
 2.159100e+01 3.680903e+01 6.287548e+01 1.425969e+01 6.034478e+01 3.291765e+01 4.738664e+01 4.978423e+01 3.742574e+01 3.826751e+01 3.071572e+01 5.023749e+01 8.523809e+01 6.412143e+00 2.137303e+00 6.520156e+00 2.423216e+00 6.094086e+00 3.714554e+00 1.117731e+01 4.835517e+00 3.812995e+00 4.086796e+00 3.381827e+00 3.719457e+00 2.857113e+00 6.515625e-01 4.672958e-01 1.153689e+00 5.994812e-01 1.077546e+00 4.133754e-01 1.142162e+00 1.097756e+00 4.768064e-01 2.835734e-01 8.880987e-01 5.941173e-01 7.165722e-01
<GCONST> 1.332691e+02
<STATE> 3
<MEAN> 39
 -7.430029e+00 -5.679216e+00 -5.491621e+00 -1.120850e+01 -1.638779e+01 -1.716424e+01 -4.565800e+00 7.927200e-01 -3.381122e+00 1.915760e+00 -1.112243e+01 -8.711806e+00 8.087998e+01 4.740009e-01 -3.802308e-01 -3.637778e-01 3.340206e-01 2.621176e-01 1.614857e-01 3.897508e-01 1.666266e-02 2.059751e-01 -3.941116e-01 -6.156383e-01 -2.134610e-01 -9.493390e-02 -4.633163e-02 4.842159e-01 3.668799e-01 5.295817e-01 4.079411e-01 5.920018e-01 -2.065051e-01 -8.187217e-01 -2.594767e-01 -8.642260e-02 3.391175e-01 2.341643e-01 -7.572262e-01
<VARIANCE> 39
 1.638819e+01 2.054731e+01 4.410318e+01 1.359700e+01 4.620684e+01 2.550354e+01 6.612096e+01 5.190457e+01 5.562341e+01 5.658024e+01 2.392808e+01 3.565494e+01 7.555271e+01 8.535140e-01 1.037361e+00 2.005552e+00 1.835429e+00 2.068595e+00 2.166790e+00 2.971780e+00 4.875164e+00 2.617025e+00 1.929285e+00 3.155755e+00 1.460268e+00 1.228660e+00 2.901480e-01 3.745594e-01 8.135332e-01 3.303323e-01 4.724073e-01 4.603520e-01 9.833215e-01 5.590721e-01 7.034179e-01 5.953220e-01 5.496570e-01 6.330607e-01 5.887027e-01
<GCONST> 1.188283e+02
<STATE> 4
<MEAN> 39
 -2.113782e+00 -1.033532e+01 -1.122555e+00 -1.252744e+01 -7.752940e+00 -1.396046e+01 -8.825895e+00 4.673288e+00 -1.769629e+00 4.136955e+00 -1.074574e+01 -5.944417e+00 7.353005e+01 7.348223e-02 8.370004e-01 2.558407e-01 1.222613e+00 8.371922e-01 9.942642e-01 6.360785e-01 -1.469698e+00 -5.061124e-01 -2.174890e-01 5.606797e-01 2.331254e-01 -1.181914e+00 -2.076437e-01 4.998554e-01 8.600432e-02 3.646509e-01 9.964736e-02 3.836359e-01 9.797221e-02 -4.600199e-01 -1.553990e-01 -9.941897e-02 4.558306e-01 1.556079e-01 -3.854139e-01
<VARIANCE> 39
 2.064593e+01 4.229511e+01 5.057192e+01 2.683525e+01 6.221951e+01 2.150342e+01 5.750493e+01 1.089082e+02 5.162664e+01 3.848574e+01 2.610130e+01 2.632512e+01 5.494859e+01 1.557446e+00 2.651806e+00 4.259245e+00 1.881836e+00 1.791339e+00 2.919978e+00 3.175936e+00 3.051429e+00 4.163390e+00 1.843107e+00 3.154998e+00 4.967511e+00 2.124767e+00 2.277445e-01 5.089611e-01 6.106005e-01 3.490337e-01 3.799335e-01 1.477030e-01 5.193946e-01 5.298360e-01 5.998566e-01 5.747744e-01 4.327840e-01 2.823661e-01 2.678141e-01
<GCONST> 1.203500e+02
<STATE> 5
<MEAN> 39
 -4.872189e+00 -1.696038e+00 -2.396878e+00 -3.676602e+00 -8.360858e+00 -1.016635e+01 -5.907349e+00 -6.914910e+00 -5.131082e+00 9.093207e-01 -1.006866e+01 -4.921802e+00 7.080618e+01 -8.661720e-02 1.202592e+00 1.179628e+00 1.415067e+00 1.315477e+00 1.712516e+00 -3.526165e-01 -8.945455e-01 -5.024962e-01 -6.087857e-01 1.017701e+00 2.652864e-01 -2.019664e+00 -8.306927e-02 -1.954255e-01 -1.634318e-01 -3.400113e-01 -1.040041e-01 -3.036736e-01 -1.113996e-01 5.170839e-01 8.272929e-02 3.251789e-02 -1.357323e-02 -1.145603e-01 2.957785e-01
<VARIANCE> 39
 2.253919e+01 2.650378e+01 4.294281e+01 2.792398e+01 7.530092e+01 3.230596e+01 5.306396e+01 8.331042e+01 5.799623e+01 3.612703e+01 4.809508e+01 5.171564e+01 1.140190e+02 2.342854e+00 2.875524e+00 5.054975e+00 2.398635e+00 2.922067e+00 2.465291e+00 4.765209e+00 3.061621e+00 4.100442e+00 4.174592e+00 3.889937e+00 4.305561e+00 2.493199e+00 3.131303e-01 3.384257e-01 6.867151e-01 4.170708e-01 2.833911e-01 4.056476e-01 4.934618e-01 5.546938e-01 6.661048e-01 4.471975e-01 6.153178e-01 6.161698e-01 3.885049e-01
<GCONST> 1.271023e+02
<TRANSP> 6
 0.000000e+00 1.000000e+00 0.000000e+00 0.000000e+00 0.000000e+00 0.000000e+00
 0.000000e+00 4.187035e-01 5.812965e-01 0.000000e+00 0.000000e+00 0.000000e+00
 0.000000e+00 0.000000e+00 6.196854e-01 3.803146e-01 0.000000e+00 0.000000e+00
 0.000000e+00 0.000000e+00 0.000000e+00 5.001208e-01 4.998792e-01 0.000000e+00
 0.000000e+00 0.000000e+00 0.000000e+00 0.000000e+00 5.214900e-01 4.785100e-01
 0.000000e+00 0.000000e+00 0.000000e+00 0.000000e+00 0.000000e+00 0.000000e+00
<ENDHMM>
