~o
<STREAMINFO> 1 39
<VECSIZE> 39<NULLD><MFCC_D_A_0><DIAGC>
~h "k"
<BEGINHMM>
<NUMSTATES> 6
<STATE> 2
<MEAN> 39
 -9.480194e+00 4.989454e+00 -3.614850e+00 1.974273e+00 4.090304e+00 -6.198193e+00 -8.125006e+00 -3.520951e+00 -4.667148e-01 -2.570107e+00 -7.835695e+00 -5.504692e+00 5.000839e+01 -3.507684e+00 1.987105e+00 1.622948e+00 2.396924e+00 5.092474e-01 4.191833e+00 9.258769e-01 1.671448e-01 4.636041e-01 -1.058480e+00 -5.682976e-01 1.548264e+00 -6.629150e+00 1.740694e-01 -1.380127e+00 -5.275813e-01 -8.687183e-01 -6.124504e-01 -6.328093e-02 4.979786e-01 4.109652e-01 2.163229e-01 3.236182e-01 6.053827e-01 2.688785e-01 1.584571e+00
<VARIANCE> 39
 4.179917e-01 1.208510e+01 1.685359e+01 1.759633e+01 4.284359e+00 2.326388e+01 7.590437e+00 1.533881e+01 4.928718e+01 3.009973e+01 2.181701e+00 2.502083e+01 1.289918e+01 2.375587e+00 1.383510e+00 2.669310e+00 1.537863e-01 3.660956e+00 2.062718e+00 1.448431e+00 2.231309e+00 5.917212e+00 1.717323e+00 5.419773e-01 2.100249e+00 2.753833e+00 9.124102e-02 1.212187e-01 2.499088e-04 1.656498e-01 6.265268e-01 1.105368e-01 9.683390e-02 4.596858e-01 2.478114e-01 1.355381e-01 2.228427e-01 3.114755e-01 7.006883e-02
<GCONST> 8.006467e+01
<STATE> 3
<MEAN> 39
 -1.489741e+01 -6.209713e-01 -5.713848e+00 9.452589e-01 2.162555e+00 -6.107618e+00 -5.861947e+00 -8.409178e-01 5.245096e-01 1.453215e+00 -5.305069e+00 -3.341932e-01 5.206450e+01 -2.301405e-01 -7.815564e-01 -1.434198e+00 -5.591223e-01 2.097388e-03 -1.246267e+00 -1.064406e-01 8.389508e-01 3.043392e-01 1.264776e-01 -3.232207e-01 4.626840e-01 1.765351e+00 8.381990e-01 -1.357551e-02 -5.510873e-02 -2.935735e-01 -2.307119e-02 -5.605726e-01 1.625337e-01 7.285040e-02 -3.192068e-01 -1.735090e-01 2.869305e-02 -7.004507e-01 1.018738e+00
<VARIANCE> 39
 1.357057e+01 3.066902e+01 5.327726e+01 1.947747e+01 1.899048e+01 6.166294e+01 3.840595e+01 1.524996e+01 2.748173e+01 2.290969e+01 1.211852e+01 3.203205e+01 9.288258e+01 4.343702e+00 5.494941e+00 7.765837e+00 1.980958e+00 2.950062e+00 7.948412e+00 4.449076e+00 4.538411e+00 3.844020e+00 5.291312e+00 1.730672e+00 4.421178e+00 1.387843e+01 5.486430e-01 1.605901e+00 2.665223e+00 6.440374e-01 8.351505e-01 2.496230e+00 1.375139e+00 7.425197e-01 7.863578e-01 1.074971e+00 4.186422e-01 4.495496e-01 4.121816e+00
<GCONST> 1.355203e+02
<STATE> 4
<MEAN> 39
 -1.143158e+01 4.418520e+00 -4.928052e+00 1.386753e+00 4.408063e+00 -7.156133e+00 -3.430279e+00 3.780118e+00 -9.777016e-01 -2.991885e+00 -9.314369e+00 -4.172263e+00 5.626732e+01 3.187212e+00 3.408100e-01 2.178230e+00 -7.907830e-01 7.485432e-02 -4.141816e-01 1.760074e+00 8.815335e-03 -1.440792e+00 -1.191964e+00 5.629320e-01 -2.135666e+00 2.052521e+00 3.740729e-01 -1.185795e+00 -2.780966e-01 -8.772759e-01 -5.793017e-01 -2.342435e-01 8.368957e-02 -6.228445e-01 -2.500823e-01 6.779563e-01 4.724360e-01 -3.989337e-02 8.796271e-01
<VARIANCE> 39
 3.561233e+01 1.572081e+01 1.836996e+01 8.860434e+00 7.611979e+01 3.943384e+00 4.579893e+01 5.972054e+01 1.367795e+01 7.324269e+01 2.948915e+01 3.537403e+01 1.176762e+01 6.990115e-01 2.864956e+00 8.169572e+00 2.386817e+00 1.409817e+00 9.940635e+00 1.167514e+01 3.811491e+00 3.158190e+00 1.061918e+00 1.842201e+00 1.465942e+00 3.098940e+00 7.573414e-01 5.107623e-02 7.289701e-01 3.760886e-02 8.447742e-01 1.024816e-01 1.244485e+00 5.455495e-01 1.186387e-01 4.128926e-01 1.451005e-01 3.373048e-01 5.290655e-01
<GCONST> 1.101224e+02
<STATE> 5
<MEAN> 39
 -4.194942e+00 -1.328704e+00 -8.756788e+00 -3.885205e+00 2.832545e+00 -1.681000e+01 -2.050288e+00 7.944906e-01 -3.187803e+00 -2.011345e+00 -5.299819e+00 -6.048717e+00 6.457460e+01 2.925796e+00 -1.869615e+00 6.396242e-02 -2.212158e+00 -1.829083e+00 -2.027571e+00 1.841453e+00 -8.454384e-01 -2.102038e+00 2.010491e-01 9.731030e-01 -2.315793e+00 3.884472e+00 -6.392638e-01 -6.112542e-01 -6.262619e-01 -5.001557e-01 -2.536074e-01 4.490206e-01 -4.225647e-01 -1.149803e-01 3.323311e-01 1.029873e+00 3.552008e-01 2.853892e-01 1.189872e-01
<VARIANCE> 39
 4.507089e+01 3.477503e+01 6.235117e+01 3.608792e+01 2.357714e+01 2.756813e+01 2.895847e+01 1.067724e+02 1.565174e+01 5.327061e+01 8.660048e+00 2.906600e+01 1.091864e+01 2.252297e+00 1.113515e+00 5.222589e+00 1.114095e+00 2.606079e+00 2.732623e+00 1.332252e+01 2.098223e+00 1.888154e+00 4.175385e-01 1.700881e-01 3.161451e+00 1.878446e+00 3.130216e-01 5.368158e-01 1.373930e+00 3.912167e-01 1.676202e-01 1.176149e+00 2.846853e-01 8.574933e-01 2.708488e-01 3.448115e-01 1.564761e-01 1.117811e-01 6.695041e-01
<GCONST> 1.114012e+02
<TRANSP> 6
 0.000000e+00 1.000000e+00 0.000000e+00 0.000000e+00 0.000000e+00 0.000000e+00
 0.000000e+00 0.000000e+00 1.000000e+00 0.000000e+00 0.000000e+00 0.000000e+00
 0.000000e+00 0.000000e+00 8.333332e-01 1.666668e-01 0.000000e+00 0.000000e+00
 0.000000e+00 0.000000e+00 0.000000e+00 2.499996e-01 7.500004e-01 0.000000e+00
 0.000000e+00 0.000000e+00 0.000000e+00 0.000000e+00 0.000000e+00 1.000000e+00
 0.000000e+00 0.000000e+00 0.000000e+00 0.000000e+00 0.000000e+00 0.000000e+00
<ENDHMM>
