~o
<STREAMINFO> 1 39
<VECSIZE> 39<NULLD><MFCC_D_A_0><DIAGC>
~h "NNN"
<BEGINHMM>
<NUMSTATES> 6
<STATE> 2
<MEAN> 39
 -2.021966e+01 7.244247e-01 -1.536049e+00 -1.838919e+00 -3.915940e-01 -2.825189e+00 3.421830e-01 -1.190153e+00 -2.418534e+00 3.618414e-01 -2.399628e+00 8.124942e-01 4.323670e+01 -1.654392e-02 2.431950e-02 2.866155e-01 -3.898632e-01 2.695270e-01 -2.093138e-01 -1.652912e-01 2.556258e-01 -4.733018e-01 1.361005e-01 1.877183e-01 -1.423537e-02 1.576703e-01 2.480703e-02 4.846292e-03 -4.422614e-02 1.698647e-02 1.341829e-01 2.175376e-01 -2.178639e-01 8.649512e-02 7.652042e-02 -4.714166e-02 1.471502e-01 3.526665e-02 -7.052696e-02
<VARIANCE> 39
 7.116482e+00 8.072721e+00 8.055438e+00 1.300864e+01 1.317962e+01 2.801991e+01 2.853981e+01 1.274997e+01 2.238333e+01 3.851647e+01 1.298550e+01 1.182285e+01 8.381436e+00 6.208596e-01 6.704482e-01 7.778200e-01 1.018627e+00 1.356182e+00 2.972467e+00 1.125561e+00 1.529633e+00 1.436660e+00 4.185994e+00 8.591334e-01 1.311751e+00 5.656307e-01 1.376912e-01 1.495562e-01 3.598437e-01 1.651648e-01 3.773554e-01 5.325459e-01 2.881349e-01 2.978844e-01 3.880143e-01 8.197248e-01 1.446470e-01 3.354930e-01 1.900718e-01
<GCONST> 9.168244e+01
<STATE> 3
<MEAN> 39
 -2.089116e+01 4.278468e-01 -3.263240e+00 -4.636303e+00 1.117324e+00 -2.697330e+00 -1.278723e+00 1.443087e-01 -3.620753e+00 5.729825e+00 2.548429e+00 -7.411056e-01 4.551340e+01 -2.691898e-01 1.413131e-01 -3.073863e-01 -3.940764e-01 4.431777e-01 2.420259e-01 -2.364814e-01 6.338347e-01 2.387035e-01 3.930959e-01 2.874297e-01 -5.331471e-01 3.949891e-01 4.896508e-01 2.412313e-01 3.596215e-01 3.610640e-01 -2.063149e-01 1.606568e-01 4.285423e-02 -6.080713e-03 1.317981e-01 -4.098664e-01 -2.898042e-01 -1.558032e-02 -6.970525e-02
<VARIANCE> 39
 1.373378e+01 8.014337e+00 7.105425e+00 3.022812e+01 6.158733e+00 3.056952e+01 2.786435e+01 5.266514e+00 2.557025e+01 2.047370e+01 9.384322e+00 1.718383e+01 2.517327e+01 9.514422e-01 6.135865e-02 1.488485e+00 7.213740e-01 1.674929e+00 1.927284e+00 6.426125e-01 2.763946e+00 1.490505e+00 7.188188e-01 8.711842e-01 6.300383e-01 1.175677e+00 7.566057e-01 4.194106e-02 3.576385e-01 6.057476e-01 3.371702e-01 1.078404e+00 1.990627e-01 5.701408e-02 2.592650e-01 8.310425e-01 9.356786e-02 2.979935e-01 7.435727e-01
<GCONST> 8.927029e+01
<STATE> 4
<MEAN> 39
 -2.049962e+01 1.273611e+00 -2.806823e+00 -2.803121e+00 2.676013e+00 -9.566738e-01 2.095458e+00 4.509793e+00 -2.877513e+00 7.061752e-01 -1.041123e+00 5.566880e-01 4.516454e+01 1.006782e+00 2.867886e-02 -1.798752e-01 -2.181356e-01 -3.536069e-01 9.580334e-02 -1.930262e-01 9.995434e-02 -3.492303e-01 -1.009074e+00 -4.272520e-01 7.256078e-02 2.017664e-01 5.786608e-01 -2.034364e-01 1.002189e-01 1.035091e-01 -2.640637e-01 -1.171442e-01 -5.024039e-02 -2.872431e-01 8.154763e-02 -2.735396e-02 -1.580489e-01 3.206350e-01 2.545832e-02
<VARIANCE> 39
 2.771695e+01 4.243401e+00 2.072293e+01 2.163828e+01 2.767138e+01 1.583337e+01 2.313314e+01 2.023129e+01 3.238358e+01 2.431737e+01 1.067795e+01 1.673154e+01 7.921510e+00 3.432127e+00 1.623885e+00 3.231058e+00 2.021549e+00 3.084636e+00 2.648002e+00 4.828691e-01 1.032770e+00 1.557159e+00 3.420678e+00 6.817992e-01 2.289563e+00 3.217591e+00 5.626680e-01 2.004354e-01 5.455937e-01 2.542597e-01 4.548552e-01 3.407111e-01 1.953445e-01 3.737628e-01 4.331566e-01 2.647886e-01 1.498889e-01 1.673082e-01 5.343553e-01
<GCONST> 1.018739e+02
<STATE> 5
<MEAN> 39
 -1.920872e+01 2.077192e+00 2.308164e-01 -5.467436e+00 9.803286e-01 -5.204318e+00 -4.906857e+00 -1.322153e+00 -3.968540e+00 3.800551e-01 -2.471914e+00 9.562849e-01 4.498772e+01 8.037504e-01 1.175229e-02 3.141292e-01 6.237232e-01 -2.257769e-01 1.226162e-02 -7.990493e-02 -2.033928e-01 -9.811319e-02 5.292754e-02 -4.989007e-02 5.458900e-01 -1.472952e-02 -1.569277e-02 3.888903e-02 1.569050e-01 4.115908e-02 1.608813e-02 1.675070e-01 8.400536e-02 3.829872e-02 1.311586e-02 1.334535e-01 1.882862e-01 -1.683673e-02 3.479813e-02
<VARIANCE> 39
 1.164817e+01 8.426328e+00 1.733298e+01 3.372997e+01 1.231662e+01 8.435204e+00 2.281738e+01 1.744320e+01 8.608068e+00 2.135812e+01 1.015006e+01 1.773887e+01 5.720301e+00 1.892046e+00 4.967067e-01 1.845352e+00 2.064193e+00 1.437924e+00 2.453932e+00 2.538726e+00 1.615480e+00 1.040523e+00 1.321064e+00 9.533275e-01 8.758480e-01 8.882093e-01 1.270457e-01 2.771857e-02 2.294458e-01 4.001594e-01 3.780292e-01 3.446843e-01 4.275123e-01 2.425551e-01 2.032572e-01 4.090703e-01 1.830260e-01 2.274515e-01 3.507749e-01
<GCONST> 9.032793e+01
<TRANSP> 6
 0.000000e+00 1.000000e+00 0.000000e+00 0.000000e+00 0.000000e+00 0.000000e+00
 0.000000e+00 7.999790e-01 2.000210e-01 0.000000e+00 0.000000e+00 0.000000e+00
 0.000000e+00 0.000000e+00 8.609938e-09 1.000000e+00 0.000000e+00 0.000000e+00
 0.000000e+00 0.000000e+00 0.000000e+00 5.715213e-01 4.284787e-01 0.000000e+00
 0.000000e+00 0.000000e+00 0.000000e+00 0.000000e+00 7.142806e-01 2.857194e-01
 0.000000e+00 0.000000e+00 0.000000e+00 0.000000e+00 0.000000e+00 0.000000e+00
<ENDHMM>
