~o
<STREAMINFO> 1 39
<VECSIZE> 39<NULLD><MFCC_D_A_0><DIAGC>
~h "ny"
<BEGINHMM>
<NUMSTATES> 6
<STATE> 2
<MEAN> 39
 -1.218483e+00 -3.061690e-01 3.196607e+00 -3.871778e+00 -7.563002e+00 -8.498517e+00 -1.401620e+01 -6.742115e+00 -6.776514e+00 -1.639323e+00 -3.295473e+00 -7.710191e+00 6.707009e+01 -1.052066e+00 -3.527315e-01 -5.141257e-01 -8.819412e-01 -4.794844e-01 -1.585918e-02 6.974427e-01 1.895653e-01 6.592587e-01 9.384266e-01 4.589508e-01 4.998399e-01 1.196344e+00 -5.557120e-01 -3.007368e-02 -1.158231e-01 -5.743040e-01 -1.186527e+00 -7.139439e-03 -7.116000e-02 -2.127949e-02 2.034088e-01 3.857442e-01 -5.997197e-02 1.521946e-01 6.814684e-01
<VARIANCE> 39
 2.058268e+01 2.899469e+01 2.593308e+01 2.810573e+00 9.257646e+00 2.680463e+01 2.699769e+01 3.062916e+01 5.099029e+01 7.231824e+00 4.525818e+01 6.946960e+00 1.578581e+02 9.593575e-02 3.135831e+00 4.211223e-02 1.597621e-01 1.500310e-01 6.719966e-01 2.134880e+00 6.445408e-01 2.277333e+00 1.143172e+00 1.163134e+00 1.566835e+00 4.986781e-01 8.319828e-02 2.636128e-01 5.388263e-02 6.993428e-02 3.280579e-01 6.454465e-02 2.832815e-02 6.144961e-01 8.344983e-01 1.662731e-01 3.952884e-01 1.023957e+00 3.789233e-01
<GCONST> 8.283852e+01
<STATE> 3
<MEAN> 39
 -7.775551e+00 -6.773214e-01 4.447854e+00 -9.717289e+00 -1.801620e+01 -1.216166e+01 -1.175674e+01 -6.722541e+00 -5.109477e+00 -5.367864e-01 -1.053192e+01 -1.312082e+01 7.954079e+01 -1.248513e+00 -5.716876e-01 -1.391056e+00 -1.214555e+00 -1.141806e+00 -5.320554e-01 1.017642e+00 1.873326e+00 1.976529e-01 -3.197006e-01 -5.925387e-01 -8.314909e-02 1.692614e+00 8.484553e-02 -2.644489e-01 -3.609826e-01 1.086432e-01 2.912713e-01 2.225907e-01 3.610491e-02 3.917182e-01 2.406949e-02 -6.816093e-01 -1.815654e-01 7.357307e-01 1.217931e-01
<VARIANCE> 39
 2.556426e+01 1.126239e+01 1.584687e+01 8.330465e+00 7.735723e+01 1.508426e+01 4.423315e+00 1.617615e+01 5.021054e+00 4.154020e+01 3.857188e+01 1.402805e+01 1.525490e+02 8.951132e-01 2.372978e+00 1.491484e+00 7.210361e-01 4.797861e+00 1.588120e+00 8.585694e-01 1.219262e+00 1.496017e+00 2.040426e+00 1.160787e+00 4.649030e+00 6.112227e-01 2.051268e-01 1.670522e-01 7.166391e-02 1.273911e-01 1.254447e+00 2.274299e-01 2.239795e-01 5.665074e-01 1.778926e-01 6.215101e-01 1.837616e-01 6.543248e-01 1.609690e-01
<GCONST> 9.789310e+01
<STATE> 4
<MEAN> 39
 -5.083244e+00 -2.990628e+00 1.456223e+00 -9.455047e+00 -1.006771e+01 -5.221540e+00 -1.344276e+01 3.269426e+00 -7.236803e+00 1.524337e-01 -6.358054e-01 -3.328774e+00 7.115997e+01 -7.747844e-01 -8.523559e-01 -5.558112e-01 -1.029405e+00 -1.239592e+00 6.780732e-01 3.833419e-01 3.888980e+00 -6.561754e-01 -1.574468e+00 1.344316e-01 3.023489e+00 1.547398e+00 3.649388e-01 -1.608675e-01 9.763763e-02 1.395853e-01 -8.818182e-02 -1.162808e-01 1.714105e-01 9.583239e-02 -2.512526e-01 -1.161620e-01 -2.887538e-01 -3.763949e-02 -2.081406e-01
<VARIANCE> 39
 1.016356e+01 2.613344e+00 1.906312e+01 1.600733e+01 3.222417e+01 6.353893e+01 2.102338e+01 7.835146e+01 9.165086e+00 3.047177e+01 8.297448e+01 3.758534e+01 1.063899e+02 2.455647e+00 7.322550e-01 1.548382e+00 2.990691e-01 7.047652e+00 2.498721e+00 2.468273e+00 4.593800e+00 2.578832e+00 4.282263e+00 1.280487e+00 6.389143e-01 1.089234e+00 1.403421e-01 3.975473e-01 5.864119e-02 2.435433e-01 1.789069e-01 7.126304e-02 3.054133e-01 9.509155e-01 1.762903e-01 3.680118e-01 2.052533e-01 3.121910e-01 4.328130e-02
<GCONST> 1.000967e+02
<STATE> 5
<MEAN> 39
 -6.771177e+00 -4.562747e+00 1.643079e-01 -1.001490e+01 -1.555082e+01 -9.147756e+00 -9.305389e+00 3.881268e+00 -8.163918e+00 -3.095811e+00 -5.863709e+00 -2.500939e-01 7.533963e+01 -6.184132e-01 -7.783913e-01 -1.235999e+00 -6.080423e-01 -1.102221e+00 -4.702305e-01 1.379872e+00 1.468390e+00 -4.718526e-01 -8.908434e-01 -9.680172e-01 1.963801e+00 1.142848e+00 1.684953e-01 3.289880e-01 -1.666625e-01 -3.639158e-02 3.295473e-01 -1.224559e-01 1.754068e-01 -4.851964e-01 -1.040725e-01 1.760091e-01 -1.682262e-02 -1.010427e+00 -3.087676e-01
<VARIANCE> 39
 1.623749e+01 1.538760e+01 3.530980e+01 1.204845e+01 1.470574e+01 1.208944e+02 5.655279e+01 1.515959e+02 9.719202e+00 2.421664e+01 1.118885e+02 1.281783e+01 1.323017e+02 2.898571e+00 2.875689e-01 9.761225e-01 1.307573e+00 1.013315e+01 9.158419e-01 8.818461e-01 4.639234e-01 1.194662e+00 8.575140e+00 2.972124e+00 6.943858e-01 1.794244e+00 8.537683e-02 5.399036e-03 2.615573e-01 1.920663e-01 4.301420e-01 5.212372e-01 4.223863e-01 7.935219e-01 1.812207e-01 2.685967e-01 2.998737e-01 6.323780e-03 7.893377e-04
<GCONST> 9.274095e+01
<TRANSP> 6
 0.000000e+00 1.000000e+00 0.000000e+00 0.000000e+00 0.000000e+00 0.000000e+00
 0.000000e+00 0.000000e+00 1.000000e+00 0.000000e+00 0.000000e+00 0.000000e+00
 0.000000e+00 0.000000e+00 5.714320e-01 4.285680e-01 0.000000e+00 0.000000e+00
 0.000000e+00 0.000000e+00 0.000000e+00 3.999983e-01 6.000016e-01 0.000000e+00
 0.000000e+00 0.000000e+00 0.000000e+00 0.000000e+00 0.000000e+00 1.000000e+00
 0.000000e+00 0.000000e+00 0.000000e+00 0.000000e+00 0.000000e+00 0.000000e+00
<ENDHMM>
