~o
<STREAMINFO> 1 39
<VECSIZE> 39<NULLD><MFCC_D_A_0><DIAGC>
~h "oi"
<BEGINHMM>
<NUMSTATES> 6
<STATE> 2
<MEAN> 39
 -6.274071e+00 -6.313214e+00 -6.214729e+00 -1.147569e+01 -1.255700e+01 -5.365803e+00 -1.042855e+01 -5.239086e+00 -3.538378e+00 -1.857438e+00 -1.562218e+00 -1.081114e+01 6.794721e+01 4.762817e+00 -2.546308e+00 -2.827791e+00 -2.529011e+00 7.904853e-01 1.477162e+00 -5.516410e-01 -1.474174e+00 -9.062046e-01 9.489616e-01 1.068244e+00 -2.329062e+00 1.317643e+00 -1.519526e+00 4.848933e-01 2.132044e-01 -7.373965e-01 6.282901e-01 8.098103e-01 7.970266e-01 -2.671791e-02 5.378661e-01 2.500838e-01 5.780487e-01 9.056167e-01 -2.701471e-01
<VARIANCE> 39
 2.072863e+01 4.618847e+01 5.778087e+01 5.127434e+01 7.863406e+01 2.710637e+00 1.393404e+02 8.158043e+01 1.207348e+01 1.449816e+01 1.326422e+01 4.182598e+00 5.780411e+00 9.408135e+00 5.734596e+00 2.367594e+00 1.105917e+01 2.309351e+00 3.421148e-01 2.292486e+01 5.101901e+00 2.967128e-01 2.154918e+00 8.892553e-02 9.034906e+00 1.789592e-01 8.506241e-02 7.471370e-01 6.041473e-01 1.171627e+00 4.143278e-01 1.334459e-01 6.371796e-01 1.360756e+00 3.738036e-01 3.233846e-01 3.411640e-01 2.243569e-01 3.093485e-02
<GCONST> 1.072661e+02
<STATE> 3
<MEAN> 39
 -7.378675e+00 -1.116649e-01 -4.058176e+00 -1.149598e+01 -1.965287e+01 -1.247944e+01 -8.224313e+00 -9.278034e+00 -6.230160e+00 -4.319540e-01 -4.464390e+00 -1.199614e+01 6.970847e+01 -1.271154e-01 1.990853e-01 7.680095e-01 -1.136886e-01 -3.818616e-01 -8.316673e-01 3.785985e-01 2.356739e-02 -7.659805e-01 -1.347913e-01 -4.541918e-01 1.945669e-01 -1.737519e-01 -8.075301e-02 7.235882e-02 7.415467e-02 9.765830e-02 6.940917e-02 -7.473008e-02 -1.153510e-01 1.513568e-01 5.130573e-02 -1.200698e-01 -1.103601e-01 2.198684e-01 -1.773686e-01
<VARIANCE> 39
 2.700501e+01 3.293349e+01 1.133920e+02 1.074563e+01 6.528618e+01 5.737999e+01 1.306465e+02 5.459322e+01 4.883066e+01 1.617811e+01 2.510307e+01 5.951107e+01 4.894171e+00 2.646199e+00 2.614526e+00 6.858966e+00 4.087269e+00 5.177238e+00 4.250595e+00 4.262187e+00 6.003486e+00 3.270693e+00 2.809896e+00 4.957821e+00 5.957551e+00 6.004094e-01 6.168193e-01 5.060095e-01 9.265503e-01 3.482131e-01 8.980834e-01 9.092135e-01 1.555741e+00 1.566893e+00 4.743072e-01 5.306522e-01 1.317644e+00 1.159453e+00 7.727917e-02
<GCONST> 1.298145e+02
<STATE> 4
<MEAN> 39
 -7.740458e+00 -1.033325e+01 -2.099122e+00 -2.375996e+01 -1.319498e+00 -3.122850e+00 -1.030822e+00 -2.495071e-01 -1.149857e+01 4.286434e+00 2.786022e+00 -1.295395e+00 6.303445e+01 -8.431373e-02 7.505319e-01 -3.830486e-01 1.398053e-01 6.170918e-01 -1.944102e-01 -1.009815e+00 9.254654e-03 -1.567544e-01 5.971912e-01 -2.575025e-01 -2.309721e-01 -1.314602e+00 -3.866557e-01 4.468295e-01 2.107619e-01 8.014109e-01 -2.566532e-01 -1.938063e-02 -2.192506e-01 -1.410334e-01 2.858205e-01 -1.541379e-01 -2.570517e-01 -1.884755e-01 -3.611872e-01
<VARIANCE> 39
 1.123087e+01 3.613951e+01 9.749022e+00 3.925320e+01 8.652934e+01 8.564260e+01 4.392244e+01 2.123069e+01 3.488169e+01 3.640955e+01 5.592900e+01 3.278374e+01 9.480728e+00 2.455239e+00 8.406199e-01 3.114483e+00 4.916266e+00 1.452004e+00 2.547907e+00 7.989808e+00 9.660181e-01 2.404382e+00 2.166597e+00 6.921834e+00 3.383540e+00 8.680096e-01 3.451709e-01 3.705152e-01 2.936936e-01 5.213535e-01 4.667135e-01 5.870435e-01 1.456149e+00 1.059888e-01 3.619423e-01 4.699990e-01 6.504017e-01 3.629636e-01 6.373079e-02
<GCONST> 1.146921e+02
<STATE> 5
<MEAN> 39
 -6.083294e+00 -1.283584e+00 -3.722169e-01 -1.205788e+01 -1.082717e+01 -1.681743e+01 -1.021996e+01 -5.181567e+00 -1.142833e+01 -7.988567e-01 -8.788369e+00 -8.613892e+00 5.886505e+01 1.048149e+00 1.628439e+00 -1.287234e+00 2.804915e+00 3.587765e-02 1.379969e+00 -1.959246e+00 1.272606e-01 2.265228e+00 -1.270177e+00 -8.344099e-01 3.322372e-01 -3.282716e+00 -5.486453e-01 3.822788e-01 9.701755e-01 -1.892138e-01 -6.058734e-01 1.065154e+00 8.001556e-01 -4.511124e-01 -6.218929e-01 7.675865e-02 4.358081e-01 -4.314525e-02 4.281507e-01
<VARIANCE> 39
 3.374238e+01 4.784538e+01 1.092913e+01 3.956890e+01 7.430161e+01 1.166938e+02 7.277126e+01 1.065215e+01 6.486692e+01 1.253772e+02 3.028920e+01 6.529435e+00 1.184902e+01 2.106230e+00 6.246843e-01 1.315264e-01 8.905738e+00 5.920549e+00 1.713076e+00 4.181842e+00 3.978283e-02 2.309532e+00 2.140553e+00 5.946430e+00 2.862119e+00 1.263431e+00 1.448596e-01 1.685407e-01 1.082767e-01 1.535315e-02 2.371372e-01 5.610934e-01 2.277822e+00 5.490854e-01 1.485709e+00 6.101077e-01 6.526475e-01 4.645566e-01 4.297359e-02
<GCONST> 1.068951e+02
<TRANSP> 6
 0.000000e+00 1.000000e+00 0.000000e+00 0.000000e+00 0.000000e+00 0.000000e+00
 0.000000e+00 0.000000e+00 1.000000e+00 0.000000e+00 0.000000e+00 0.000000e+00
 0.000000e+00 0.000000e+00 9.090937e-01 9.090629e-02 0.000000e+00 0.000000e+00
 0.000000e+00 0.000000e+00 0.000000e+00 7.692188e-01 2.307812e-01 0.000000e+00
 0.000000e+00 0.000000e+00 0.000000e+00 0.000000e+00 0.000000e+00 1.000000e+00
 0.000000e+00 0.000000e+00 0.000000e+00 0.000000e+00 0.000000e+00 0.000000e+00
<ENDHMM>
