~o
<STREAMINFO> 1 39
<VECSIZE> 39<NULLD><MFCC_D_A_0><DIAGC>
~h "sil"
<BEGINHMM>
<NUMSTATES> 6
<STATE> 2
<MEAN> 39
 -1.721295e+01 -4.152602e-01 -3.733093e+00 4.234054e-01 1.243449e+00 6.200684e-01 -9.639934e-03 5.824153e-01 -3.369212e-01 4.926653e-01 7.112426e-01 2.514802e+00 4.889603e+01 -2.223990e-01 -2.115615e-01 -1.142495e-01 -7.541850e-02 -2.269547e-02 -3.474121e-02 9.040555e-02 2.484488e-01 1.435914e-01 7.948575e-02 2.607869e-01 1.332818e-01 -2.059558e-01 6.211796e-02 5.405611e-02 4.601213e-02 -2.187407e-02 -2.795460e-02 -1.034844e-02 -4.318510e-02 -6.032027e-02 -5.106508e-02 1.017975e-02 -7.359686e-02 -5.400667e-02 8.944848e-02
<VARIANCE> 39
 4.634254e+00 1.018791e+01 8.979806e+00 6.986053e+00 8.853784e+00 1.531811e+01 1.420946e+01 1.578368e+01 1.512356e+01 1.405268e+01 1.689274e+01 1.155987e+01 6.947588e+01 5.847846e-01 5.471522e-01 7.392750e-01 6.883667e-01 1.192246e+00 1.256795e+00 1.354935e+00 1.544286e+00 1.650280e+00 1.618837e+00 1.921321e+00 1.278865e+00 4.278847e-01 7.339917e-02 8.368693e-02 1.500947e-01 1.344734e-01 1.874278e-01 2.201118e-01 2.136307e-01 2.762984e-01 3.210051e-01 3.231031e-01 3.580448e-01 2.492453e-01 5.429688e-02
<GCONST> 8.261948e+01
<STATE> 3
<MEAN> 39
 -1.789265e+01 4.867416e-02 -2.796146e+00 -1.117282e+00 -7.279540e-01 2.346394e-01 -2.280762e-01 -3.220410e-01 7.317345e-01 2.002550e+00 4.268711e-01 2.564167e+00 4.709163e+01 1.738519e-01 5.252480e-01 4.928149e-01 5.721400e-01 2.486416e-01 4.977869e-01 7.386971e-02 -4.141527e-01 -4.320724e-01 -2.982246e-01 -5.442267e-01 -5.207298e-01 1.432098e-02 2.297780e-01 1.588760e-01 1.597982e-01 -5.632176e-02 -5.277428e-02 -1.823778e-01 -3.590712e-01 -2.342369e-01 -3.932198e-01 -3.124878e-01 -2.335966e-01 -1.912307e-01 3.648023e-01
<VARIANCE> 39
 1.206628e+01 7.306808e+00 7.324504e+00 8.086845e+00 1.740275e+01 1.969927e+01 1.507069e+01 2.083859e+01 3.079102e+01 1.671037e+01 2.408170e+01 1.548722e+01 6.401392e+01 7.537972e-01 6.019645e-01 7.456442e-01 1.179341e+00 1.121943e+00 2.045220e+00 1.544154e+00 3.008400e+00 3.083068e+00 1.702917e+00 1.698314e+00 1.486987e+00 3.068159e-01 2.178874e-01 1.527824e-01 1.603238e-01 3.174899e-01 4.818894e-01 5.599051e-01 5.315550e-01 5.128188e-01 6.048284e-01 3.339255e-01 3.405141e-01 4.382161e-01 1.763641e-01
<GCONST> 9.677196e+01
<STATE> 4
<MEAN> 39
 -1.441604e+01 4.531724e+00 -1.646805e-01 5.385927e-01 -1.167630e+00 -1.160337e+00 -3.446353e+00 -4.183662e+00 -5.064249e+00 -2.629948e+00 -1.546163e+00 -2.518417e-01 4.703297e+01 6.773054e-01 3.403256e-01 4.439032e-01 -5.727944e-01 -4.187769e-01 -3.671972e-01 -7.786683e-01 -5.115618e-01 -5.835230e-01 -3.709936e-01 -7.174301e-01 -7.527375e-01 1.305098e+00 1.026035e-01 -1.816819e-01 -3.248849e-02 -2.992907e-01 -1.669199e-01 -1.534385e-01 1.591663e-02 -4.398016e-02 1.143768e-01 1.361617e-01 -1.079096e-01 -9.280918e-02 3.928835e-01
<VARIANCE> 39
 2.918862e+01 2.275264e+01 2.058505e+01 2.202179e+01 3.459568e+01 3.053452e+01 3.664327e+01 3.716120e+01 3.031642e+01 2.190999e+01 2.605866e+01 1.200422e+01 7.378750e+01 4.399653e+00 2.994490e+00 2.136520e+00 3.863720e+00 5.094366e+00 3.824769e+00 4.116351e+00 5.669600e+00 3.980410e+00 2.498883e+00 2.842848e+00 2.819328e+00 4.601383e+00 6.920511e-01 3.091221e-01 2.382917e-01 5.470951e-01 5.990098e-01 6.808726e-01 3.659807e-01 7.468508e-01 7.155035e-01 4.935889e-01 5.618611e-01 3.001303e-01 5.499118e-01
<GCONST> 1.225382e+02
<STATE> 5
<MEAN> 39
 -1.704063e+01 8.484895e-01 -1.899198e+00 -5.712840e-02 6.506834e-02 1.504511e-01 -8.604097e-01 -1.404669e+00 -2.747303e+00 -2.420369e-01 -1.743787e-01 6.831498e-01 4.405120e+01 6.446542e-02 -1.202576e-01 -2.963587e-02 -3.146181e-01 -1.417622e-01 -3.018985e-01 -1.264444e-01 -2.348390e-02 5.422302e-02 1.496933e-01 -1.327641e-01 -1.718258e-01 4.004834e-01 -6.145419e-02 -1.327540e-02 -4.950374e-02 3.376292e-02 5.525326e-02 -5.849827e-02 -1.056178e-02 2.474980e-02 6.036386e-02 4.273411e-02 4.468841e-02 1.763999e-02 1.908151e-02
<VARIANCE> 39
 1.594670e+01 1.259953e+01 8.417781e+00 1.341238e+01 1.867908e+01 1.782475e+01 3.377491e+01 2.956905e+01 2.269057e+01 2.013112e+01 2.197690e+01 1.848796e+01 6.399756e+01 8.667663e-01 5.765223e-01 5.707822e-01 9.246387e-01 1.398926e+00 1.578503e+00 2.026902e+00 1.476738e+00 1.742731e+00 1.891896e+00 1.362434e+00 1.687879e+00 1.718952e+00 1.412593e-01 1.194530e-01 1.046968e-01 1.461650e-01 2.253270e-01 2.990223e-01 4.258941e-01 3.786087e-01 4.178132e-01 2.992156e-01 2.619160e-01 2.935896e-01 6.948089e-02
<GCONST> 9.373918e+01
<TRANSP> 6
 0.000000e+00 1.000000e+00 0.000000e+00 0.000000e+00 0.000000e+00 0.000000e+00
 0.000000e+00 9.374938e-01 6.250622e-02 0.000000e+00 0.000000e+00 0.000000e+00
 0.000000e+00 0.000000e+00 5.704321e-01 4.295679e-01 0.000000e+00 0.000000e+00
 0.000000e+00 0.000000e+00 0.000000e+00 6.676863e-01 3.323137e-01 0.000000e+00
 0.000000e+00 0.000000e+00 0.000000e+00 0.000000e+00 8.337628e-01 1.662373e-01
 0.000000e+00 0.000000e+00 0.000000e+00 0.000000e+00 0.000000e+00 0.000000e+00
<ENDHMM>
