~o
<STREAMINFO> 1 39
<VECSIZE> 39<NULLD><MFCC_D_A_0><DIAGC>
~h "y"
<BEGINHMM>
<NUMSTATES> 6
<STATE> 2
<MEAN> 39
 -1.336635e+01 8.016117e+00 7.422581e+00 -2.816192e+00 -1.402995e+01 -1.159042e+01 -4.798727e+00 -9.436393e+00 -1.488095e+01 -2.987488e+00 -9.268569e+00 -5.317548e+00 5.882031e+01 1.299238e+00 3.716395e+00 2.861922e+00 9.899496e-01 -4.707447e+00 1.639918e-02 4.179118e-01 -4.906738e+00 -8.044047e-01 -9.770378e-01 -2.421040e+00 -1.649625e+00 -1.708403e-01 -9.882147e-01 -8.742223e-01 -8.806350e-01 -5.530932e-01 7.553152e-01 3.810881e-01 -9.486984e-02 7.663789e-01 1.173947e+00 6.624693e-01 7.939004e-01 2.359576e-01 1.695950e-01
<VARIANCE> 39
 1.763913e+01 6.162400e-01 5.751633e+01 1.704167e+01 9.786569e+01 1.267484e+01 2.782594e+01 7.062770e+01 3.381063e+01 4.882894e+01 2.474290e+01 1.667111e+01 3.599963e+00 1.570008e+01 1.172936e+00 4.462944e-01 3.366315e+01 2.114553e+01 2.616215e+00 7.877343e-01 2.413038e+00 2.026639e+01 2.673054e+00 2.421862e+00 3.611881e+00 5.122303e+00 2.370251e-01 2.901712e-01 7.283649e-01 3.707718e-02 1.112092e-01 9.389012e-02 2.504850e-01 9.109352e-01 1.034616e+00 5.252843e-01 4.279096e-01 1.726972e-02 1.609430e-01
<GCONST> 1.087702e+02
<STATE> 3
<MEAN> 39
 -1.327244e+01 9.122902e+00 9.216278e+00 -6.256294e+00 -2.430528e+01 -1.034372e+01 -6.947296e+00 -1.335502e+01 -1.218964e+01 -1.076904e-02 -9.649421e+00 -9.020514e+00 6.340379e+01 3.709196e-01 -7.612621e-01 -1.222729e+00 -7.763356e-01 -1.630987e+00 -7.554988e-01 -2.784184e-01 3.116407e-01 1.865265e+00 2.897958e-01 1.537306e+00 2.847174e-02 1.271436e+00 -2.765972e-01 -1.156520e+00 -9.154959e-01 1.892038e-01 8.948438e-01 -1.530551e-01 1.811930e-01 1.249134e+00 5.053865e-01 -1.155009e-01 3.241400e-01 3.291840e-01 1.909114e-01
<VARIANCE> 39
 1.177172e+01 6.199318e+00 1.013764e+01 1.708969e+01 8.449611e+01 1.298915e+01 5.054370e+01 2.388468e+01 3.029913e+01 7.914138e+00 2.682829e+01 1.352901e+01 1.630736e+01 3.201280e+00 4.453876e+00 2.284958e+00 6.116531e+00 4.377214e+00 1.710133e+00 2.035765e+00 5.972576e+00 2.225137e+00 9.917273e-01 2.621799e+00 2.992180e+00 1.849527e+00 4.323522e-01 1.901341e-01 1.662357e-01 6.774903e-01 1.097893e+00 3.889261e-01 6.137441e-01 3.939180e-01 1.286543e+00 3.732056e-01 1.629276e+00 5.470567e-01 7.153334e-02
<GCONST> 1.122173e+02
<STATE> 4
<MEAN> 39
 -2.399550e+01 1.914238e+00 2.663923e+00 1.180253e+00 -5.650013e+00 -1.002426e+01 2.494267e+00 -6.154472e-01 -6.347872e+00 2.320229e-01 -2.390791e+00 4.363068e-01 5.356848e+01 4.986481e-01 -1.761232e+00 2.188154e-01 -3.495032e-01 -6.381415e-01 -7.039066e-01 7.665005e-01 1.026605e+00 -6.586532e-01 -7.044181e-01 2.481031e-01 -1.593013e-01 5.650275e-01 6.863029e-01 -9.991663e-02 5.859393e-02 -4.531082e-01 1.362446e-01 4.256274e-02 -1.537238e-01 1.594625e-01 -5.962337e-01 -1.485942e-01 -1.886079e-01 -1.313850e-01 3.520194e-01
<VARIANCE> 39
 5.159768e+01 1.589600e+01 1.111957e+01 3.871522e+01 2.077450e+02 2.591548e+01 9.007442e+01 3.173714e+01 8.820404e+00 1.624805e+01 1.428552e+01 3.994340e+01 7.258353e+01 4.575391e+00 1.331646e+00 6.077905e+00 2.079441e+00 2.094979e+00 1.565969e+00 8.107636e+00 2.533722e+00 4.053442e+00 1.188072e+00 1.258572e+00 1.293076e+00 1.769933e+00 2.624229e-01 2.456152e-01 2.918482e-01 1.149583e+00 1.445854e+00 3.479014e-01 2.497854e+00 2.485676e-01 6.283300e-01 2.550143e-01 4.813980e-01 4.380336e-01 2.152164e-01
<GCONST> 1.178603e+02
<STATE> 5
<MEAN> 39
 -1.061237e+01 -4.030882e+00 2.286945e+00 -6.826225e+00 -2.208891e+01 -1.706778e+01 -1.983771e+00 -3.128114e+00 -9.344819e+00 -4.117855e+00 -2.341375e+00 -6.199051e+00 6.765932e+01 2.119631e+00 -2.578286e+00 -2.086630e+00 -5.905824e-01 1.680707e+00 -7.872220e-01 3.986010e-01 2.906593e+00 -7.481754e-01 -2.198600e+00 -1.336995e+00 -7.042683e-01 2.056289e+00 -3.574447e-01 3.176039e-01 -3.334237e-01 -2.174074e-01 7.213656e-01 5.393131e-01 -7.620431e-02 2.799467e-01 1.343970e-01 -1.710436e-01 -6.970670e-01 -1.631810e-01 -2.125675e-01
<VARIANCE> 39
 2.938446e+00 6.743316e+00 5.371297e+01 4.077132e+01 1.620168e+02 4.790779e+01 6.394240e+01 3.226252e+01 4.862539e+01 6.954085e+00 3.718171e+01 6.673711e+01 7.930424e+01 3.803297e+00 6.332489e-01 1.455042e+01 3.122159e-01 8.250831e+00 7.378583e-01 1.917315e+01 4.710023e+00 8.465264e+00 9.908013e-01 2.368928e+00 1.667592e+00 8.059492e-01 2.229203e-01 2.257143e-01 4.385680e-01 3.502254e-01 2.497258e+00 8.487373e-01 8.177881e-02 8.455533e-02 8.634845e-01 1.680233e-01 2.403235e-01 5.570640e-01 3.138956e-01
<GCONST> 1.147586e+02
<TRANSP> 6
 0.000000e+00 1.000000e+00 0.000000e+00 0.000000e+00 0.000000e+00 0.000000e+00
 0.000000e+00 0.000000e+00 1.000000e+00 0.000000e+00 0.000000e+00 0.000000e+00
 0.000000e+00 0.000000e+00 7.500009e-01 2.499991e-01 0.000000e+00 0.000000e+00
 0.000000e+00 0.000000e+00 0.000000e+00 7.272710e-01 2.727290e-01 0.000000e+00
 0.000000e+00 0.000000e+00 0.000000e+00 0.000000e+00 0.000000e+00 1.000000e+00
 0.000000e+00 0.000000e+00 0.000000e+00 0.000000e+00 0.000000e+00 0.000000e+00
<ENDHMM>
