~o
<STREAMINFO> 1 39
<VECSIZE> 39<NULLD><MFCC_D_A_0><DIAGC>
~h "d"
<BEGINHMM>
<NUMSTATES> 5
<STATE> 2
<MEAN> 39
 -2.491966e+00 -7.155951e+00 2.393673e+00 -4.571093e+00 -1.172328e+01 -5.813009e-01 -1.478756e+01 -7.218678e+00 -3.004354e+00 -6.324319e+00 2.208714e+00 3.804611e-01 4.007698e+01 6.610505e-02 -8.457088e-03 -4.680405e-02 -5.823896e-02 1.417934e-01 -6.217162e-02 -5.098058e-02 -7.458100e-02 -3.343550e-01 -3.499830e-01 -8.199143e-02 2.169078e-01 7.732610e-02 -2.077433e-02 6.814955e-02 9.051072e-02 1.203663e-01 1.216242e-01 1.452889e-01 1.592636e-01 5.936076e-02 -6.951445e-02 -1.051434e-01 -8.484394e-02 -5.740918e-02 -4.134659e-02
<VARIANCE> 39
 2.334421e+01 1.167945e+01 1.310320e+01 1.446527e+01 9.858055e+00 3.759923e+01 1.764771e+01 4.741539e+01 5.258483e+01 1.907160e+01 1.116975e+01 1.933909e+01 2.997402e+01 1.653115e-01 9.517387e-02 6.106856e-01 1.154137e+00 1.569585e+00 2.181536e+00 1.829382e+00 3.050303e+00 3.549882e+00 1.242171e+00 1.674897e+00 2.834771e+00 3.142594e-02 2.605090e-02 4.640819e-02 1.584229e-01 1.615937e-01 2.166564e-01 2.780543e-01 1.212871e-01 3.009505e-01 5.969672e-01 2.614775e-01 2.941726e-01 4.594607e-01 1.478583e-02
<GCONST> 8.431514e+01
<STATE> 3
<MEAN> 39
 8.736566e+00 -1.128543e+01 2.670118e+00 -9.946128e+00 -1.188727e+01 4.991167e+00 -1.590627e+01 1.220872e+00 8.272903e+00 -5.042499e+00 2.439830e+00 -2.341241e+00 5.311025e+01 -7.695241e-01 1.002298e+00 9.820419e-01 7.317534e-01 1.231836e-01 2.896618e-01 5.282926e-01 -5.767214e-01 -1.051268e+00 -6.146554e-01 2.499935e-01 1.548419e-01 -1.073189e+00 -1.755878e-01 1.957039e-01 9.625990e-02 3.251436e-01 -2.714602e-02 -8.050716e-02 3.008474e-01 7.108354e-02 4.704363e-02 1.176514e-01 8.885296e-02 -1.533506e-02 -3.276593e-01
<VARIANCE> 39
 7.511069e+01 2.082342e+01 2.491642e+01 2.538068e+01 1.948682e+01 1.355238e+01 1.981313e+01 2.561369e+01 3.724485e+01 1.124997e+01 1.522917e+01 6.580583e+00 8.626816e+01 7.192078e-01 8.799791e-01 7.783006e-01 1.833621e+00 1.179675e+00 2.183823e+00 1.253493e+00 5.152063e-01 2.604682e+00 1.101872e+00 1.335308e+00 1.549307e-01 1.438900e+00 5.828037e-02 1.492132e-01 2.484460e-01 1.580224e-01 3.040812e-01 3.617966e-01 3.189344e-01 3.393303e-01 8.111753e-01 6.272808e-02 4.756837e-01 6.178692e-02 7.736375e-02
<GCONST> 9.116243e+01
<STATE> 4
<MEAN> 39
 -2.923976e+00 -8.074048e+00 3.755616e+00 -1.733152e+00 -7.144299e+00 6.660513e+00 -8.004113e+00 -3.177668e+00 -3.640404e+00 -9.699331e+00 1.337186e+00 -3.366488e+00 3.952351e+01 -1.739417e-01 9.294832e-02 9.086217e-02 1.497386e-01 -2.410590e-01 2.675060e-01 7.137122e-01 8.596790e-03 -2.435138e-01 -2.430190e-02 9.651321e-02 -2.462385e-02 -2.933595e-01 1.921082e-03 -9.255169e-02 -7.966937e-02 -8.134282e-02 -1.754846e-01 -2.254381e-01 -1.093552e-01 1.377171e-01 5.029932e-01 3.994592e-01 1.101063e-01 8.383644e-02 7.133272e-02
<VARIANCE> 39
 1.688720e+01 6.970793e+00 1.440039e+01 9.293981e+00 8.010247e+00 1.231288e+01 8.722802e+00 6.105728e+00 1.081653e+01 9.041767e+00 5.928402e+00 9.189171e+00 1.292246e+01 1.587345e-01 5.652046e-01 9.048684e-01 7.201515e-01 3.598002e-01 4.645883e-01 1.422445e+00 1.616211e+00 2.216178e+00 1.651739e+00 1.716633e+00 5.532944e-01 8.178930e-01 4.374760e-03 6.973679e-02 1.322405e-01 2.273315e-01 2.097192e-01 2.234044e-01 1.478171e-01 2.492595e-01 4.547043e-01 2.915411e-01 3.137015e-01 2.082805e-01 8.683275e-03
<GCONST> 7.084129e+01
<TRANSP> 5
 0.000000e+00 1.000000e+00 0.000000e+00 0.000000e+00 0.000000e+00
 0.000000e+00 7.895514e-01 2.104487e-01 0.000000e+00 0.000000e+00
 0.000000e+00 0.000000e+00 5.555562e-01 4.444439e-01 0.000000e+00
 0.000000e+00 0.000000e+00 0.000000e+00 6.672742e-01 3.327258e-01
 0.000000e+00 0.000000e+00 0.000000e+00 0.000000e+00 0.000000e+00
<ENDHMM>
~h "s"
<BEGINHMM>
<NUMSTATES> 5
<STATE> 2
<MEAN> 39
 -5.210965e+00 -1.000781e+01 5.468230e+00 3.278982e-01 -6.070330e+00 7.950333e+00 -9.188542e+00 -2.217962e+00 2.795897e+00 -4.081915e+00 1.341388e+00 -4.414803e+00 3.881468e+01 1.727626e-01 1.151240e-01 3.018515e-01 5.982243e-02 -6.139511e-01 -9.035345e-02 4.473176e-01 1.493590e-01 -2.419420e-01 9.614859e-01 6.227117e-01 -2.457428e-01 5.746002e-02 2.876960e-01 1.105961e-01 -4.063105e-01 -6.066563e-01 -6.436697e-01 -5.289285e-01 -6.088193e-02 -1.666631e-02 2.231001e-01 2.237379e-01 -2.854145e-01 1.155929e-01 1.758760e-01
<VARIANCE> 39
 5.923189e+00 1.886946e+01 1.843540e+01 2.418582e+00 2.277593e+00 2.163442e+00 1.550973e+01 1.805204e+00 1.425249e+01 1.073211e+01 1.080313e+01 2.893426e+01 6.538079e+00 2.511939e-02 3.418653e-02 2.176525e-01 6.101742e-01 9.949639e-01 3.123119e+00 3.064095e-01 1.852395e-01 3.147238e-01 4.684266e-01 1.063921e+00 9.700603e-01 2.419067e-02 1.414536e-01 1.095155e-02 1.294909e-01 2.251242e-01 2.089526e-01 1.408715e-01 3.176529e-01 6.986006e-02 1.775229e-01 2.932880e-01 8.117052e-02 1.953949e-01 4.404999e-02
<GCONST> 5.379146e+01
<STATE> 3
<MEAN> 39
 -2.842428e+00 -8.759829e+00 4.735784e+00 -2.940873e+00 -1.066105e+01 5.744932e+00 -1.091538e+01 -2.928273e+00 2.867732e+00 -4.239157e+00 1.359348e+00 -4.156845e+00 4.032344e+01 3.517299e-01 2.934069e-01 -1.241298e-01 -6.681682e-01 -1.210773e+00 -1.409681e+00 -1.136640e+00 -6.098101e-01 5.471796e-01 1.099321e-01 -5.974107e-01 5.081940e-01 2.361249e-01 -2.412643e-01 -1.239124e-02 4.208345e-02 1.228278e-01 1.381854e-01 7.795503e-02 1.548017e-01 -1.749848e-01 -7.487377e-02 -3.339249e-01 -5.316175e-02 3.357000e-01 -1.443200e-01
<VARIANCE> 39
 1.485021e+01 1.667519e+01 1.678898e+01 1.936350e+01 1.416540e+01 2.287908e+01 4.450207e+01 1.606978e+01 1.070900e+01 1.380039e+01 1.051277e+01 1.001443e+01 6.697998e+00 1.692096e+00 3.011872e-01 9.497972e-01 1.808130e+00 1.983856e+00 3.069338e+00 3.103014e+00 2.534827e-01 7.364405e-01 8.959790e-01 7.524420e-01 1.929755e+00 4.916809e-01 2.259755e-01 7.858521e-02 1.403986e-01 4.177793e-01 3.431403e-01 7.605410e-01 7.851912e-01 4.318320e-02 2.442442e-01 1.752949e-01 2.492315e-01 1.602241e-01 6.740274e-02
<GCONST> 8.689845e+01
<STATE> 4
<MEAN> 39
 -5.445114e+00 -1.037862e+01 3.038556e+00 -1.729493e+00 -9.787784e+00 5.476833e+00 -7.976180e+00 -2.663535e+00 3.568084e+00 -3.738400e+00 6.026393e-01 -3.062673e+00 3.909837e+01 -5.008658e-02 2.794757e-01 -3.355826e-01 -4.499639e-01 -8.158012e-01 -9.401014e-01 3.449661e-01 -8.938463e-01 -7.518573e-01 -6.482825e-01 -2.049254e-01 5.109312e-01 -1.030137e-01 2.774266e-01 1.683484e-01 -1.267947e-01 -2.892925e-01 5.458222e-02 3.461842e-02 -1.527285e-01 -6.688744e-02 -1.160740e-01 -1.611377e-01 2.534158e-01 4.048884e-01 9.605695e-02
<VARIANCE> 39
 3.149542e+00 3.096906e+01 2.143349e+01 5.404678e+00 1.239889e+01 1.334270e+00 7.576172e+00 8.175724e+00 1.448536e+01 2.608780e+00 5.230676e+00 1.315582e+01 6.218018e+00 2.905551e-01 1.326858e-01 3.070169e-01 6.785231e-01 9.553862e-01 1.243841e+00 1.064409e+00 1.037250e-01 3.005663e-01 6.469745e-01 1.459485e+00 6.245756e-01 8.626214e-02 8.448394e-02 1.852454e-01 9.143635e-02 1.942809e-01 2.286056e-01 1.862054e-01 2.401960e-01 1.011539e-01 2.390664e-01 1.821922e-01 3.235160e-01 5.397900e-01 1.884712e-02
<GCONST> 6.268469e+01
<TRANSP> 5
 0.000000e+00 1.000000e+00 0.000000e+00 0.000000e+00 0.000000e+00
 0.000000e+00 1.991619e-01 8.008382e-01 0.000000e+00 0.000000e+00
 0.000000e+00 0.000000e+00 5.005069e-01 4.994931e-01 0.000000e+00
 0.000000e+00 0.000000e+00 0.000000e+00 5.792260e-02 9.420774e-01
 0.000000e+00 0.000000e+00 0.000000e+00 0.000000e+00 0.000000e+00
<ENDHMM>
~h "t"
<BEGINHMM>
<NUMSTATES> 5
<STATE> 2
<MEAN> 39
 -1.848333e+00 -1.001750e+01 2.227852e+00 -3.324287e+00 -9.739060e+00 3.713941e+00 -1.112815e+01 -1.896324e+00 3.796466e+00 -6.237938e+00 -1.601642e+00 -1.891513e+00 4.108739e+01 1.019674e+00 -4.175384e-01 -4.315760e-01 -4.721565e-01 3.710956e-02 -5.991935e-01 -1.519571e+00 1.345010e+00 2.306716e+00 1.181206e+00 5.691180e-02 -3.818953e-01 1.156788e+00 -2.783823e-02 -3.597518e-01 -5.618095e-02 1.466241e-01 7.605620e-02 2.382855e-01 7.424532e-02 1.595502e-01 2.063607e-01 9.968591e-02 2.856522e-01 -1.692494e-01 1.763733e-01
<VARIANCE> 39
 4.484869e+01 1.654641e+01 5.146917e+00 1.498802e+01 2.929276e+01 2.325754e+01 6.922490e+01 7.626902e+00 3.246561e+01 1.839227e+01 1.500243e+01 1.105247e+01 2.071485e+01 3.258491e+00 1.294709e+00 9.036128e-01 5.239522e-01 6.509503e-01 5.305718e-01 1.135833e+00 9.588339e-01 2.525935e+00 1.886143e+00 3.640360e+00 4.409544e+00 2.193389e+00 3.331024e-02 2.781548e-01 4.466107e-02 1.271289e-01 2.608849e-01 6.974038e-01 1.096444e+00 2.940885e-01 4.810655e-01 2.493825e-01 2.547247e-01 4.999122e-01 3.798895e-02
<GCONST> 9.465525e+01
<STATE> 3
<MEAN> 39
 -6.690415e-01 -1.115126e+01 1.986594e+00 -2.283450e+00 -8.610974e+00 4.372500e-01 -1.315178e+01 1.713661e+00 6.627854e+00 -4.271830e+00 1.090110e+00 -3.327165e+00 4.286961e+01 9.075798e-01 -7.468859e-01 -3.644727e-01 -2.446234e-01 4.266524e-01 -3.083046e-01 -1.414410e+00 8.091131e-01 1.687398e+00 7.479544e-01 4.897252e-01 -7.376189e-01 1.254674e+00 -1.813662e-01 -2.012133e-01 1.386456e-02 1.230562e-01 -6.426477e-02 4.539873e-01 5.089358e-01 -2.726139e-01 -3.836132e-01 -3.688686e-01 4.408294e-02 5.896052e-02 -5.190980e-02
<VARIANCE> 39
 5.850995e+01 1.475982e+01 7.775513e+00 2.904282e+01 3.958813e+01 3.599479e+01 6.422795e+01 2.096448e+00 2.494857e+01 2.231537e+01 1.770947e+01 8.710196e+00 3.854549e+01 2.161749e+00 4.119871e-01 3.470452e-01 8.662983e-01 8.477696e-01 9.255659e-01 1.074832e+00 1.547037e+00 2.021950e+00 8.112273e-01 1.421023e+00 2.708533e+00 2.744448e+00 1.636435e-01 1.309059e-01 5.750963e-02 6.009781e-02 2.701135e-01 7.980868e-01 1.006693e+00 4.011431e-01 4.007384e-01 4.053398e-01 1.162866e-01 1.992400e-01 6.092178e-03
<GCONST> 9.020044e+01
<STATE> 4
<MEAN> 39
 -3.282741e+00 -1.043383e+01 3.440681e+00 -2.504185e+00 -9.128654e+00 4.599116e+00 -1.120202e+01 -7.392851e-01 5.450317e+00 -4.880086e+00 2.866386e+00 -1.983368e+00 4.095319e+01 3.838554e-01 -3.276541e-01 -7.869180e-02 4.292764e-01 2.982100e-01 3.658907e-01 3.090356e-01 1.596842e-01 2.520247e-01 8.445792e-02 6.050012e-01 1.563858e-01 5.646576e-01 -9.387345e-02 1.457877e-01 -9.602291e-02 8.211975e-02 -3.859150e-02 2.597515e-02 5.582754e-01 9.460250e-02 -4.073378e-01 2.991717e-02 -3.603864e-01 -1.950645e-01 -1.451014e-01
<VARIANCE> 39
 4.356979e+01 9.551530e+00 1.818257e+01 2.044867e+01 1.563058e+01 1.299034e+01 3.818992e+01 1.141365e+01 3.706937e+01 3.357719e+01 9.174199e+00 1.451740e+01 3.946656e+01 3.861248e-01 8.777561e-01 2.296442e-01 1.185126e+00 9.838635e-01 2.212224e+00 2.676525e+00 2.276144e+00 2.079736e+00 9.060744e-01 1.296715e+00 1.861730e+00 1.247801e+00 1.033336e-01 1.494447e-01 4.371492e-02 1.375453e-01 8.480163e-02 1.859432e-01 2.707288e-01 2.604471e-01 3.720393e-01 4.473106e-01 3.112780e-01 4.253685e-01 4.076224e-02
<GCONST> 8.954766e+01
<TRANSP> 5
 0.000000e+00 1.000000e+00 0.000000e+00 0.000000e+00 0.000000e+00
 0.000000e+00 2.116341e-02 9.788365e-01 0.000000e+00 0.000000e+00
 0.000000e+00 0.000000e+00 7.492224e-05 9.999251e-01 0.000000e+00
 0.000000e+00 0.000000e+00 0.000000e+00 4.111529e-01 5.888470e-01
 0.000000e+00 0.000000e+00 0.000000e+00 0.000000e+00 0.000000e+00
<ENDHMM>
~h "ah"
<BEGINHMM>
<NUMSTATES> 5
<STATE> 2
<MEAN> 39
 -3.077982e+00 -1.135448e+01 1.047702e+00 -5.744659e+00 -1.335393e+01 4.762115e+00 -9.966115e+00 -3.013197e+00 3.070952e+00 -5.716774e+00 1.619629e+00 -4.317695e-01 4.060382e+01 -1.345943e-01 -2.929099e-01 -1.011021e-01 2.453810e-01 8.400049e-02 -9.230927e-02 3.633785e-02 2.717972e-01 -2.750048e-01 -2.124714e-01 -1.222984e-01 -2.028739e-01 -3.642077e-02 5.443001e-02 -2.216137e-02 1.498909e-02 8.378579e-03 2.265969e-01 2.239800e-01 -4.290837e-02 -6.762429e-03 1.114371e-01 -9.657691e-02 -2.314769e-01 -1.005081e-01 5.885721e-02
<VARIANCE> 39
 2.591999e+00 1.443020e+01 1.041950e+01 1.718509e+01 1.755743e+01 1.358481e+01 3.449734e+01 1.429480e+01 2.712005e+01 1.443922e+01 1.312405e+01 1.964514e+01 2.407734e+00 2.447784e-01 8.496894e-01 5.930985e-01 1.228623e+00 1.945555e+00 2.115063e+00 1.660957e+00 1.032410e+00 1.524768e+00 9.319145e-01 1.765975e+00 2.062573e+00 8.751027e-02 1.047085e-01 1.111397e-01 7.544665e-02 2.705256e-01 2.843194e-01 3.190639e-01 4.389588e-01 1.581762e-01 2.993661e-01 2.897862e-01 3.217325e-01 2.931327e-01 4.084395e-02
<GCONST> 8.242168e+01
<STATE> 3
<MEAN> 39
 1.066806e+01 -1.084970e+01 3.773561e+00 -9.610475e+00 -1.337180e+01 4.422554e+00 -1.682925e+01 -3.494349e-01 5.619360e+00 -3.442800e+00 6.635135e+00 -4.789702e+00 5.400239e+01 5.364676e-02 -1.416191e-01 -1.113110e-01 3.465068e-02 4.471814e-02 -2.260231e-02 -1.191488e-01 -3.323840e-03 1.036421e-01 -1.290184e-01 -1.610570e-01 -9.691331e-03 6.122309e-02 1.121528e-02 -1.523180e-02 -2.440600e-02 -8.702561e-03 -6.641285e-03 3.477057e-03 -4.063203e-03 3.086924e-02 6.237606e-02 2.636858e-02 -1.272647e-03 2.208387e-02 1.677439e-02
<VARIANCE> 39
 5.551924e+01 2.664249e+01 3.885738e+01 3.365422e+01 1.077454e+01 1.082689e+01 4.102341e+01 4.774996e+01 5.293292e+01 1.903805e+01 3.294131e+01 2.094070e+01 6.870741e+01 1.769727e+00 1.567064e+00 2.405086e+00 1.926660e+00 1.093984e+00 1.236222e+00 2.787190e+00 1.520733e+00 1.832493e+00 1.397153e+00 1.638018e+00 2.051437e+00 1.835250e+00 2.208004e-01 2.721852e-01 4.292296e-01 3.053415e-01 1.846303e-01 2.523430e-01 4.138019e-01 1.907746e-01 2.567899e-01 2.109318e-01 2.513142e-01 4.419292e-01 2.021433e-01
<GCONST> 1.060710e+02
<STATE> 4
<MEAN> 39
 -4.034237e+00 -1.239835e+01 9.992407e-01 -4.568631e+00 -1.195419e+01 7.207880e+00 -7.026474e+00 -1.379198e+00 3.467812e+00 -7.274688e+00 -9.945551e-01 -3.345914e+00 4.022712e+01 2.274315e-01 -1.086701e-01 -2.237834e-01 -1.201695e-01 2.744495e-01 8.311803e-03 -1.618979e-01 4.638529e-01 8.873331e-01 6.279354e-03 -4.441747e-01 2.637867e-01 2.796421e-01 1.494909e-01 -4.006918e-02 -1.002132e-03 4.757479e-03 1.430513e-01 -3.706415e-02 -1.596800e-01 2.105864e-01 6.385753e-02 1.663484e-01 2.844722e-01 2.023851e-02 1.732238e-01
<VARIANCE> 39
 5.229011e+00 1.355580e+01 9.449651e+00 1.360212e+01 1.821333e+01 1.802062e+01 1.822804e+01 1.923340e+01 3.203017e+01 1.654688e+01 3.984834e+01 2.817818e+01 4.559202e+00 1.789268e+00 1.033615e+00 5.091259e-01 9.032975e-01 1.252423e+00 2.707258e+00 2.754241e+00 1.462888e+00 1.872018e+00 1.659620e+00 2.931924e+00 2.078401e+00 6.853701e-01 4.161390e-02 1.253373e-01 1.082382e-01 8.851888e-02 1.547219e-01 2.338632e-01 1.490067e-01 3.386511e-01 5.563019e-01 1.906494e-01 4.788959e-01 5.428535e-01 8.706994e-02
<GCONST> 9.003543e+01
<TRANSP> 5
 0.000000e+00 1.000000e+00 0.000000e+00 0.000000e+00 0.000000e+00
 0.000000e+00 6.214460e-01 3.785540e-01 0.000000e+00 0.000000e+00
 0.000000e+00 0.000000e+00 8.692482e-01 1.307518e-01 0.000000e+00
 0.000000e+00 0.000000e+00 0.000000e+00 2.564041e-01 7.435960e-01
 0.000000e+00 0.000000e+00 0.000000e+00 0.000000e+00 0.000000e+00
<ENDHMM>
~h "uh"
<BEGINHMM>
<NUMSTATES> 5
<STATE> 2
<MEAN> 39
 -1.702039e+00 -1.324794e+01 1.789486e+00 3.380875e-01 -5.274145e+00 4.256383e+00 -1.233663e+01 -4.940387e-01 6.741586e+00 -4.669929e+00 3.444708e-02 -2.982769e+00 4.341181e+01 2.829113e-01 -6.850263e-01 -6.430079e-01 -2.228693e-01 -5.488923e-01 -5.478361e-03 9.878240e-01 1.216267e+00 6.588469e-01 1.758787e-01 -4.469244e-01 -5.764614e-01 4.709496e-01 3.358436e-02 6.643184e-02 -5.349060e-02 -6.440778e-01 -5.913100e-01 -1.999395e-01 8.282990e-02 2.695750e-01 -1.797039e-01 -1.454016e-02 1.887023e-01 9.603706e-02 -1.155372e-01
<VARIANCE> 39
 6.823984e+01 2.305663e+01 5.292071e+00 5.593543e+01 1.856147e+01 2.109758e+00 3.316412e+01 1.465684e+01 3.928707e+01 1.307309e+01 2.603338e+01 9.248241e+00 6.416243e+01 1.920049e-01 6.165141e-01 1.458497e-01 9.877163e-01 1.835426e+00 3.024975e+00 2.313928e+00 2.707682e+00 8.493130e-01 1.499522e+00 1.649572e+00 7.598051e-01 7.830006e-01 1.647923e-01 1.412756e-01 4.590807e-02 2.448656e-01 2.062484e-01 2.931902e-01 8.320177e-01 5.457752e-01 5.315065e-01 1.091908e-01 2.631857e-01 2.318194e-01 1.633612e-01
<GCONST> 9.087159e+01
<STATE> 3
<MEAN> 39
 1.035216e+01 -1.006594e+01 3.973505e+00 -7.730686e+00 -1.104821e+01 6.122663e+00 -1.661225e+01 3.451428e-01 8.310888e+00 -5.676321e+00 1.722987e+00 -4.371197e+00 5.315753e+01 7.791604e-02 6.455888e-02 -2.628234e-03 -9.554753e-02 3.344489e-02 1.632168e-01 3.631750e-02 -5.009343e-02 -9.742649e-02 1.463164e-02 2.768971e-02 -4.603602e-02 4.743806e-02 -2.771747e-02 1.768947e-03 1.051690e-02 -2.504832e-04 9.981209e-03 1.051344e-02 -2.721300e-02 -6.395784e-02 -1.970832e-02 -1.423045e-02 -9.999990e-03 1.397953e-02 -2.092643e-02
<VARIANCE> 39
 4.803153e+01 3.269431e+01 4.324932e+01 4.258108e+01 2.124764e+01 4.623843e+01 4.302332e+01 3.138078e+01 4.641961e+01 2.221470e+01 2.926324e+01 1.515481e+01 6.187523e+01 2.707990e+00 1.561238e+00 1.672102e+00 2.387094e+00 1.177080e+00 2.083706e+00 2.685948e+00 2.005893e+00 2.908012e+00 1.586144e+00 1.616238e+00 1.157675e+00 2.659362e+00 2.713269e-01 2.797359e-01 2.286306e-01 2.625220e-01 2.169335e-01 4.061296e-01 4.646086e-01 3.631068e-01 5.810513e-01 2.468345e-01 2.361677e-01 2.162475e-01 2.091151e-01
<GCONST> 1.102698e+02
<STATE> 4
<MEAN> 39
 1.392140e+00 -1.137316e+01 8.157455e-01 -4.824426e+00 -9.842162e+00 6.087513e+00 -1.119620e+01 5.568047e-01 5.923274e+00 -3.626193e+00 8.074035e-02 -3.815701e+00 4.570720e+01 1.132295e-02 -6.509980e-01 -4.129812e-01 -1.296304e+00 -1.007265e+00 2.241413e-01 -4.543378e-01 -4.734535e-01 -4.559380e-03 -2.282312e-01 -2.798072e-02 1.012113e-01 7.351517e-02 -2.638169e-03 8.314684e-02 1.469588e-01 -1.440382e-02 -3.315633e-02 -3.453213e-02 -5.518134e-02 -3.253288e-01 -5.271648e-01 -4.375882e-01 2.888557e-01 4.595538e-01 -7.167850e-02
<VARIANCE> 39
 6.750758e+01 1.072006e+01 1.865605e+01 3.926130e+01 1.265387e+01 4.123127e+01 1.198892e+01 2.657263e+01 2.308112e+01 5.853869e+00 1.348238e+01 2.733651e+01 9.276132e+01 4.999471e-01 1.718210e-01 1.026870e+00 1.217133e+00 9.945971e-01 1.333228e+00 4.320163e+00 5.229315e-01 1.793514e+00 1.077643e-01 2.825834e-01 1.367669e-01 1.209474e-01 5.576715e-02 1.972445e-02 5.408667e-02 7.928320e-02 2.078263e-01 2.481086e-01 3.272218e-01 4.004851e-01 3.878036e-01 2.730593e-01 4.057184e-01 4.459650e-01 1.149421e-01
<GCONST> 8.070134e+01
<TRANSP> 5
 0.000000e+00 1.000000e+00 0.000000e+00 0.000000e+00 0.000000e+00
 0.000000e+00 2.600845e-01 7.399155e-01 0.000000e+00 0.000000e+00
 0.000000e+00 0.000000e+00 9.543793e-01 4.562067e-02 0.000000e+00
 0.000000e+00 0.000000e+00 0.000000e+00 7.756552e-08 9.999999e-01
 0.000000e+00 0.000000e+00 0.000000e+00 0.000000e+00 0.000000e+00
<ENDHMM>
~h "uw"
<BEGINHMM>
<NUMSTATES> 5
<STATE> 2
<MEAN> 39
 -1.698969e+00 -2.079807e+01 -2.010485e+00 -6.923941e+00 -1.070201e+01 1.067560e+01 -8.808484e+00 4.983793e-01 1.578261e+00 -6.481582e+00 8.923062e+00 -1.468737e+00 4.508820e+01 9.038785e-02 -8.111937e-01 -1.379224e-01 -3.664446e-01 -6.188780e-01 -2.686461e-02 -8.360782e-02 4.389696e-01 7.858698e-01 2.810888e-01 4.550753e-01 2.203187e-01 3.283962e-01 1.745023e-02 3.225955e-02 -6.377068e-03 -4.639572e-02 -7.506908e-02 -1.075842e-01 -9.674419e-02 -1.174195e-02 8.415733e-02 6.759655e-02 4.115893e-03 4.029674e-02 9.814163e-03
<VARIANCE> 39
 5.656301e+00 5.750635e+01 1.625679e+01 1.593818e+01 2.206965e+01 2.233849e+01 1.613721e+01 1.477102e+01 1.944647e+01 4.586044e+00 2.597704e+01 8.906981e+00 1.030751e+01 3.486014e-01 7.101979e-01 1.461057e+00 1.156792e+00 1.865975e+00 1.828604e+00 2.656466e+00 1.553332e+00 2.492195e+00 9.984090e-01 2.601610e+00 9.881294e-01 5.054898e-01 5.847751e-02 1.650033e-01 2.035049e-01 3.337684e-01 4.408905e-01 3.224372e-01 5.692300e-01 3.279274e-01 3.951055e-01 2.056455e-01 6.164754e-01 1.816607e-01 3.412965e-02
<GCONST> 9.087141e+01
<STATE> 3
<MEAN> 39
 1.009694e+01 -1.256413e+01 2.572786e+00 -1.156193e+01 -1.459784e+01 6.126347e+00 -1.553228e+01 -1.104507e+00 5.091413e+00 -5.787908e+00 4.657930e+00 -4.423356e+00 5.453513e+01 -1.027681e-01 2.042219e-01 -2.818080e-02 -5.682701e-02 -3.131290e-02 1.736081e-02 1.676473e-01 -1.433203e-01 -9.598085e-02 6.762424e-02 -7.685688e-02 5.452422e-02 -1.564582e-01 -9.202179e-03 -3.620614e-02 2.239056e-03 9.925442e-03 2.911074e-02 3.268470e-02 -5.050867e-03 -1.377173e-02 -7.225768e-02 -3.515834e-02 1.058803e-02 -1.708072e-03 1.246694e-02
<VARIANCE> 39
 3.937411e+01 3.950443e+01 4.318921e+01 4.867314e+01 2.226308e+01 2.560143e+01 6.571268e+01 2.923591e+01 8.720003e+01 2.153176e+01 3.615503e+01 2.075307e+01 6.346206e+01 2.177078e+00 2.493688e+00 2.467037e+00 2.965420e+00 1.571708e+00 1.928289e+00 2.836977e+00 1.561100e+00 2.689523e+00 1.999846e+00 2.059223e+00 1.436834e+00 2.616311e+00 2.560239e-01 4.652523e-01 4.495515e-01 3.713422e-01 2.169516e-01 3.518947e-01 3.935702e-01 2.972087e-01 5.175800e-01 3.598750e-01 2.726372e-01 1.996434e-01 2.451176e-01
<GCONST> 1.142665e+02
<STATE> 4
<MEAN> 39
 -5.765073e+00 -1.032820e+01 6.910347e+00 -6.913482e-02 -9.058485e+00 9.318934e+00 -7.057261e+00 -3.391714e+00 2.696656e+00 -6.423592e+00 -2.070993e+00 -4.651482e+00 3.893074e+01 -1.792329e-02 3.282545e-03 -1.902110e-02 -3.332164e-02 -3.287376e-02 -5.256512e-02 4.608123e-02 8.506759e-02 1.844033e-03 2.139997e-02 -1.716272e-03 -6.930745e-02 -2.409938e-02 8.129510e-03 -5.144568e-03 -5.647804e-03 1.280010e-02 2.479589e-02 9.609666e-03 -9.747320e-03 1.423978e-02 2.369355e-03 -4.845513e-03 -7.423415e-03 -3.478397e-02 6.042927e-03
<VARIANCE> 39
 1.571046e+00 2.170871e+00 5.921730e+00 8.968221e+00 1.033450e+01 6.826591e+00 9.662780e+00 1.323129e+01 1.372048e+01 1.016824e+01 1.185118e+01 1.192665e+01 7.616633e-01 5.225073e-02 1.860301e-01 4.073405e-01 5.142615e-01 7.151621e-01 4.550928e-01 8.222572e-01 7.828931e-01 1.387008e+00 1.192034e+00 1.120959e+00 1.153304e+00 2.303184e-02 1.078304e-02 3.931252e-02 9.639842e-02 1.172130e-01 1.435967e-01 8.073154e-02 1.522855e-01 1.427314e-01 2.976208e-01 2.419377e-01 2.208602e-01 2.600163e-01 3.567669e-03
<GCONST> 5.317052e+01
<TRANSP> 5
 0.000000e+00 1.000000e+00 0.000000e+00 0.000000e+00 0.000000e+00
 0.000000e+00 8.442553e-01 1.557447e-01 0.000000e+00 0.000000e+00
 0.000000e+00 0.000000e+00 9.487632e-01 5.123682e-02 0.000000e+00
 0.000000e+00 0.000000e+00 0.000000e+00 9.570171e-01 4.298288e-02
 0.000000e+00 0.000000e+00 0.000000e+00 0.000000e+00 0.000000e+00
<ENDHMM>
~h "sil"
<BEGINHMM>
<NUMSTATES> 5
<STATE> 2
<MEAN> 39
 -2.907790e+00 -1.706739e+01 1.156808e+00 -2.703432e+00 -1.160903e+01 7.004964e+00 -7.051285e+00 1.543110e+00 6.674343e+00 -3.599363e+00 4.462783e+00 -1.311352e+00 4.265586e+01 -7.201353e-02 -9.141040e-02 1.122130e-01 1.627308e-01 4.465736e-01 4.070126e-01 3.339867e-02 -9.561252e-02 -2.828701e-01 -3.254606e-01 -7.116071e-02 1.452043e-01 -4.104613e-03 3.652329e-02 5.562339e-02 2.176016e-02 6.577882e-03 -1.506150e-02 -6.747872e-02 -2.348996e-02 -2.704363e-02 -1.013585e-03 1.158706e-03 1.789905e-02 -3.721157e-02 6.239075e-03
<VARIANCE> 39
 3.326195e+00 1.026179e+01 5.889333e+00 1.052544e+01 2.152331e+01 2.362654e+01 1.679565e+01 1.662476e+01 1.655117e+01 1.610902e+01 3.125223e+01 1.782753e+01 3.779693e+00 1.144018e-01 1.740183e-01 6.835715e-01 6.394477e-01 1.398886e+00 1.458852e+00 1.364081e+00 1.668337e+00 1.641148e+00 1.478399e+00 2.967800e+00 2.137746e+00 3.976670e-02 3.025659e-02 5.704666e-02 1.346417e-01 2.139057e-01 2.260116e-01 2.185165e-01 2.964295e-01 3.308191e-01 2.885709e-01 2.615685e-01 6.194726e-01 3.481768e-01 8.902190e-03
<GCONST> 7.665813e+01
<STATE> 3
<MEAN> 39
 1.005708e+01 -9.868706e+00 3.138993e+00 -9.127920e+00 -1.249195e+01 5.254358e+00 -1.611990e+01 7.203552e-01 9.109678e+00 -3.671416e+00 2.602308e+00 -4.817025e+00 5.255007e+01 -1.349223e-02 1.250674e-01 8.022388e-02 2.724665e-02 2.723481e-02 2.310477e-03 -9.831320e-02 -1.780620e-01 -8.862273e-02 2.484187e-02 -4.672241e-02 -9.407417e-02 -4.520192e-02 -1.513914e-02 -8.531038e-03 2.144704e-02 4.612342e-02 5.576330e-03 -1.945924e-02 -1.545053e-02 -1.146397e-02 -2.039965e-02 -2.462601e-03 2.052278e-02 1.942874e-03 -7.847704e-03
<VARIANCE> 39
 5.496323e+01 2.673084e+01 2.955004e+01 3.897387e+01 1.669167e+01 1.694187e+01 4.137279e+01 3.063921e+01 5.040314e+01 2.054894e+01 3.278342e+01 2.045944e+01 6.238277e+01 2.130240e+00 1.524173e+00 1.874214e+00 2.608551e+00 1.514067e+00 1.573823e+00 2.556409e+00 1.344447e+00 1.926761e+00 1.563201e+00 1.487049e+00 1.348539e+00 2.068533e+00 2.103506e-01 2.777261e-01 3.079310e-01 3.532175e-01 2.600196e-01 3.243695e-01 4.056974e-01 1.788983e-01 2.794234e-01 2.660340e-01 2.931079e-01 2.586054e-01 1.938543e-01
<GCONST> 1.068115e+02
<STATE> 4
<MEAN> 39
 -6.614134e+00 -9.006585e+00 5.907803e+00 -7.202829e-01 -8.498529e+00 8.293132e+00 -6.173470e+00 -2.400888e+00 1.538976e+00 -5.289341e+00 -4.367668e-01 -4.673560e+00 3.773428e+01 -3.713361e-02 1.959253e-02 8.637600e-02 1.049860e-01 5.760830e-02 -8.976440e-02 -8.649366e-02 1.229298e-02 -5.426714e-04 1.060984e-01 1.111528e-01 -6.029932e-02 -3.168288e-02 9.281652e-03 1.655460e-03 -1.533914e-02 -3.036939e-02 -4.259203e-02 -2.992178e-02 2.915580e-02 4.774800e-02 1.836712e-02 3.679106e-02 -1.711684e-02 -1.468129e-02 6.756671e-03
<VARIANCE> 39
 9.372580e-01 2.678861e+00 3.986427e+00 5.226555e+00 5.906837e+00 9.230238e+00 8.111511e+00 1.062443e+01 9.642006e+00 1.085613e+01 1.430788e+01 9.370591e+00 7.810748e-01 6.432083e-02 1.418465e-01 2.735832e-01 5.962029e-01 6.876196e-01 7.282776e-01 6.693328e-01 9.293544e-01 8.287270e-01 1.270414e+00 1.734178e+00 1.049243e+00 2.192625e-02 1.502251e-02 2.847446e-02 6.007348e-02 1.263854e-01 1.520681e-01 1.787661e-01 1.293614e-01 1.714815e-01 1.426840e-01 3.023434e-01 3.805739e-01 1.914990e-01 5.245226e-03
<GCONST> 5.148135e+01
<TRANSP> 5
 0.000000e+00 1.000000e+00 0.000000e+00 0.000000e+00 0.000000e+00
 0.000000e+00 8.321455e-01 1.678545e-01 0.000000e+00 0.000000e+00
 0.000000e+00 0.000000e+00 9.387762e-01 6.122375e-02 0.000000e+00
 0.000000e+00 0.000000e+00 0.000000e+00 9.504630e-01 4.953701e-02
 0.000000e+00 0.000000e+00 0.000000e+00 0.000000e+00 0.000000e+00
<ENDHMM>
