~o
<STREAMINFO> 1 39
<VECSIZE> 39<NULLD><MFCC_D_A_0><DIAGC>
~h "b"
<BEGINHMM>
<NUMSTATES> 5
<STATE> 2
<MEAN> 39
 -8.480268e+00 -6.676715e+00 2.060477e+00 6.622259e+00 -1.862802e+01 1.360062e+01 -1.500190e+01 -4.576295e+00 6.886264e+00 -1.171420e+01 2.196566e+00 -1.389567e+00 4.376229e+01 3.891021e-01 -1.314585e-02 3.501531e-01 3.709338e-01 3.247632e-05 -5.704204e-01 -5.815467e-01 -8.812398e-02 1.129438e-02 7.114885e-01 1.819794e-01 -3.693327e-01 2.920863e-01 5.513251e-02 -1.374943e-01 -3.105070e-01 -1.905620e-01 -4.900974e-02 9.149306e-02 5.887442e-02 2.132082e-01 1.890263e-01 3.587839e-01 1.128620e-02 1.010389e-02 9.567856e-03
<VARIANCE> 39
 8.474252e+01 6.578292e+00 3.485697e+01 4.970650e+00 8.089988e+00 2.707526e+01 2.246170e+01 1.744796e+01 1.679454e+01 1.817237e+01 1.298814e+01 1.721104e+01 4.220312e+01 1.000371e+00 2.561966e-01 8.917403e-01 5.498530e-01 6.395180e-01 5.610455e-01 1.537396e+00 2.060195e+00 1.097872e+00 1.799050e+00 6.104573e-01 8.827085e-01 4.324317e-01 8.403514e-02 1.055304e-01 3.095155e-01 3.441997e-01 2.253774e-01 2.507213e-01 4.258777e-01 2.949663e-01 5.499790e-01 4.849126e-01 2.000580e-01 5.920717e-02 6.988328e-02
<GCONST> 8.633561e+01
<STATE> 3
<MEAN> 39
 7.508794e+00 -7.555185e+00 5.704535e+00 8.397180e-01 -2.178655e+01 7.891112e+00 -2.198604e+01 -1.209021e+00 2.957421e+00 -1.227554e+01 2.119313e+00 -6.181162e+00 5.854871e+01 1.117119e-02 -3.021170e-02 -1.093604e-02 2.441727e-02 -2.433205e-02 5.838623e-02 3.171930e-02 -7.039043e-02 -6.510247e-02 9.279799e-03 -2.856452e-02 3.744969e-02 3.500295e-03 -6.301652e-02 -2.156278e-02 -6.619739e-03 2.380079e-02 2.567646e-02 2.664222e-02 3.990979e-02 1.049425e-02 -3.112345e-02 -3.657556e-02 -2.676236e-02 -8.638588e-03 -4.064932e-02
<VARIANCE> 39
 5.659872e+01 6.975208e+01 6.030221e+01 3.077736e+01 2.945081e+01 2.586199e+01 3.596587e+01 7.014416e+01 2.640007e+01 5.155397e+01 2.143781e+01 2.654908e+01 6.810318e+01 9.976793e-01 1.718270e+00 1.481492e+00 1.719551e+00 1.441018e+00 1.199522e+00 1.848155e+00 2.475815e+00 1.538126e+00 2.247274e+00 1.311239e+00 1.104261e+00 8.725631e-01 1.452836e-01 2.290963e-01 1.748532e-01 2.882511e-01 2.411461e-01 2.339322e-01 3.147008e-01 4.060880e-01 2.893598e-01 3.576028e-01 2.807695e-01 1.802914e-01 9.613648e-02
<GCONST> 1.058337e+02
<STATE> 4
<MEAN> 39
 -1.119086e+01 -6.163807e+00 -1.299377e-01 7.242476e+00 -1.608787e+01 1.548778e+01 -1.340995e+01 -4.285750e+00 7.498938e+00 -9.547006e+00 1.160218e+00 -3.275468e-01 4.099132e+01 -2.473319e-01 -3.386864e-01 -3.286149e-01 -5.830003e-02 -1.495051e-02 8.381258e-03 1.573818e-01 2.112347e-01 -1.416368e-01 1.293033e-01 1.922525e-01 1.490695e-01 -1.349707e-01 4.617490e-02 6.187618e-02 3.803650e-02 -5.433374e-02 2.206113e-02 -1.470311e-03 -2.715328e-02 3.338199e-02 7.738795e-03 -5.944271e-02 -4.273620e-03 -5.072634e-02 2.804071e-02
<VARIANCE> 39
 9.499283e+00 9.763419e+00 2.662999e+01 7.497147e+00 1.952333e+01 1.109497e+01 1.398305e+01 1.212473e+01 1.653487e+01 1.051528e+01 8.061421e+00 1.201913e+01 3.998846e+00 4.074617e-01 5.550947e-01 5.535328e-01 9.950181e-01 1.648856e+00 1.226393e+00 1.721420e+00 1.327278e+00 2.603802e+00 1.548255e+00 9.876592e-01 1.316802e+00 1.442401e-01 4.978178e-02 6.076115e-02 8.301271e-02 1.813111e-01 3.497362e-01 2.170304e-01 3.491978e-01 3.443603e-01 4.739113e-01 3.588789e-01 1.813896e-01 2.571756e-01 2.603297e-02
<GCONST> 7.912221e+01
<TRANSP> 5
 0.000000e+00 1.000000e+00 0.000000e+00 0.000000e+00 0.000000e+00
 0.000000e+00 2.921594e-01 7.078406e-01 0.000000e+00 0.000000e+00
 0.000000e+00 0.000000e+00 9.160706e-01 8.392942e-02 0.000000e+00
 0.000000e+00 0.000000e+00 0.000000e+00 7.289552e-01 2.710448e-01
 0.000000e+00 0.000000e+00 0.000000e+00 0.000000e+00 0.000000e+00
<ENDHMM>
~h "d"
<BEGINHMM>
<NUMSTATES> 5
<STATE> 2
<MEAN> 39
 -6.941307e+00 -2.060607e+00 -4.499980e+00 3.613729e-01 -2.163655e+01 9.189221e+00 -1.129314e+01 -3.267364e+00 3.007224e+00 -9.063227e+00 6.182885e-01 -4.167749e+00 4.193487e+01 3.235576e-01 2.196011e-01 1.628993e-01 -2.766178e-02 -8.338027e-02 -1.257243e-01 -1.462790e-01 -1.089493e-01 -1.421361e-01 -1.695346e-01 5.561674e-02 9.759115e-03 1.839138e-01 3.946204e-02 5.017773e-02 7.651252e-02 6.166277e-02 4.132561e-02 5.273072e-02 3.405089e-03 4.084459e-02 4.573660e-02 2.823432e-02 1.991839e-02 4.742061e-03 2.870258e-02
<VARIANCE> 39
 1.981869e+01 6.808568e+00 1.178024e+01 2.320705e+01 2.313470e+01 2.195473e+01 2.162103e+01 1.950802e+01 1.860431e+01 1.696202e+01 1.280036e+01 1.526635e+01 8.077066e+00 5.181071e-01 4.126543e-01 1.306929e+00 1.426951e+00 1.212161e+00 1.374824e+00 1.717389e+00 1.943687e+00 2.152984e+00 1.699502e+00 1.488673e+00 1.798889e+00 1.629464e-01 6.225399e-02 5.402575e-02 1.144989e-01 1.983977e-01 1.501576e-01 2.116165e-01 2.970938e-01 3.749891e-01 4.399107e-01 3.818745e-01 3.025144e-01 3.469063e-01 1.788001e-02
<GCONST> 8.566541e+01
<STATE> 3
<MEAN> 39
 1.113345e+01 -5.989101e+00 1.898887e-01 -6.556062e+00 -1.953957e+01 1.288186e+01 -1.876366e+01 1.813808e+00 2.617840e+00 -9.222725e+00 4.978197e+00 -7.206722e+00 6.032040e+01 1.567249e-01 -2.209347e-01 -1.237405e-01 -9.977245e-02 1.340447e-01 1.440808e-01 -3.392750e-02 1.460745e-01 7.672896e-02 -1.826263e-02 -5.696667e-02 -6.724672e-02 2.122314e-01 -3.377448e-02 -1.212481e-02 -3.929133e-02 -4.393990e-03 -4.099825e-03 2.715755e-03 1.919923e-03 -2.930937e-02 -2.398269e-02 -2.636250e-02 -8.011055e-03 1.059244e-02 -3.302010e-02
<VARIANCE> 39
 2.105360e+01 5.837555e+01 3.302188e+01 7.242351e+01 1.366794e+01 1.953550e+01 2.006987e+01 4.676662e+01 4.431573e+01 3.031144e+01 4.502992e+01 3.759671e+01 3.878335e+01 4.288442e-01 1.479304e+00 9.490458e-01 1.730647e+00 7.654871e-01 1.351275e+00 1.934989e+00 1.450962e+00 2.057082e+00 2.507596e+00 2.002246e+00 1.435268e+00 6.749710e-01 4.857674e-02 2.267160e-01 1.186610e-01 2.046350e-01 1.024226e-01 2.880191e-01 3.502471e-01 2.726879e-01 3.346500e-01 4.359384e-01 3.217535e-01 1.948634e-01 8.661596e-02
<GCONST> 9.946880e+01
<STATE> 4
<MEAN> 39
 -7.464159e+00 -4.348597e+00 -3.161186e+00 3.486714e+00 -1.741401e+01 1.488591e+01 -8.694940e+00 -1.142146e+00 5.838650e+00 -8.395159e+00 -9.846050e-01 -6.960396e+00 4.278471e+01 -2.384280e-01 4.566545e-02 -6.679958e-02 2.837527e-02 -2.309255e-02 -5.806991e-02 -9.106619e-02 -1.885085e-01 -9.020659e-02 -4.729467e-02 -2.662560e-02 6.786730e-02 -2.200565e-01 1.559010e-02 -5.925212e-03 1.203786e-03 -4.072542e-02 -3.089042e-02 -2.770402e-02 -2.523118e-02 1.503663e-02 -1.060213e-02 -1.795034e-02 1.480304e-02 -3.555658e-03 1.934089e-02
<VARIANCE> 39
 3.417085e+01 6.714965e+00 1.072062e+01 1.564547e+01 1.781045e+01 1.574548e+01 1.511288e+01 1.779666e+01 1.632073e+01 1.221642e+01 9.406979e+00 1.336425e+01 2.582417e+01 2.887540e-01 3.293096e-01 6.917306e-01 8.726895e-01 1.086507e+00 1.106968e+00 1.020074e+00 1.440068e+00 1.711919e+00 1.411810e+00 7.422045e-01 1.214763e+00 1.811544e-01 1.528246e-02 5.576226e-02 1.064704e-01 1.327245e-01 1.736262e-01 2.219019e-01 2.142779e-01 2.343927e-01 3.241458e-01 2.645339e-01 1.244584e-01 2.368553e-01 6.727059e-03
<GCONST> 7.507197e+01
<TRANSP> 5
 0.000000e+00 1.000000e+00 0.000000e+00 0.000000e+00 0.000000e+00
 0.000000e+00 9.176737e-01 8.232630e-02 0.000000e+00 0.000000e+00
 0.000000e+00 0.000000e+00 9.602995e-01 3.970055e-02 0.000000e+00
 0.000000e+00 0.000000e+00 0.000000e+00 9.020581e-01 9.794195e-02
 0.000000e+00 0.000000e+00 0.000000e+00 0.000000e+00 0.000000e+00
<ENDHMM>
~h "g"
<BEGINHMM>
<NUMSTATES> 5
<STATE> 2
<MEAN> 39
 -8.728355e+00 -4.235063e+00 -3.528190e+00 3.522743e+00 -1.937304e+01 1.362646e+01 -9.827847e+00 -4.487390e+00 4.853122e+00 -7.075721e+00 1.410714e+00 -3.070672e+00 4.158287e+01 2.658276e-01 1.615040e-01 1.296569e-01 -3.248189e-01 -1.701627e-01 2.319988e-01 -2.304262e-01 -4.268587e-01 -3.166310e-01 -2.270734e-01 9.589022e-02 2.396575e-01 1.942275e-01 8.637009e-02 7.809028e-02 2.163761e-01 5.837316e-02 1.760112e-02 -4.175511e-02 -3.128506e-03 1.553733e-01 8.343324e-02 -9.260211e-02 4.881838e-02 9.788941e-03 8.521049e-02
<VARIANCE> 39
 6.854818e+00 3.009204e+00 1.313008e+01 1.672484e+01 1.348786e+01 9.684522e+00 1.376618e+01 1.764473e+01 7.930752e+00 2.002975e+01 1.839342e+01 1.551711e+01 3.174210e+00 6.463636e-01 2.325839e-01 6.169305e-01 1.094092e+00 1.479275e+00 1.133414e+00 1.196431e+00 1.822448e+00 1.234343e+00 8.494070e-01 1.082059e+00 1.828534e+00 4.339085e-01 4.272733e-02 9.389530e-02 5.003000e-01 1.962549e-01 1.263509e-01 2.016663e-01 1.273324e-01 1.950962e-01 1.420538e-01 3.319003e-01 3.138615e-01 2.921155e-01 4.073182e-02
<GCONST> 7.739163e+01
<STATE> 3
<MEAN> 39
 8.003656e+00 -6.676210e+00 5.729371e+00 -3.589951e+00 -2.671370e+01 1.405723e+01 -1.537794e+01 -2.665685e-01 4.152440e+00 -1.240392e+01 1.752005e+00 -4.148665e+00 5.817500e+01 1.189374e-01 -2.791319e-02 6.098507e-02 2.931347e-02 9.044009e-02 9.400091e-02 1.046078e-02 1.393796e-01 -1.866012e-02 -1.875418e-01 -1.478416e-01 -4.448783e-02 1.138643e-01 -5.679172e-02 -1.396144e-02 -4.609237e-02 3.297876e-02 3.592578e-02 1.346759e-02 5.690678e-02 2.369139e-02 3.352352e-02 2.848093e-02 4.454268e-03 -7.442562e-03 -5.068431e-02
<VARIANCE> 39
 2.482702e+01 4.473996e+01 8.928663e+01 3.479198e+01 5.371146e+01 2.066387e+01 2.670501e+01 7.388663e+01 2.151585e+01 2.629802e+01 2.987192e+01 1.129365e+01 3.760675e+01 9.156159e-01 1.497301e+00 3.413217e+00 2.055866e+00 2.765265e+00 2.470220e+00 1.852074e+00 1.916554e+00 1.370116e+00 1.926774e+00 1.662138e+00 9.560246e-01 1.497994e+00 6.748904e-02 2.488907e-01 4.407935e-01 2.988272e-01 3.173159e-01 4.873540e-01 2.807563e-01 3.071752e-01 2.133801e-01 2.894099e-01 2.940324e-01 1.988315e-01 1.027104e-01
<GCONST> 1.060768e+02
<STATE> 4
<MEAN> 39
 -8.255830e+00 -4.975688e+00 -3.192373e+00 3.734020e+00 -1.807112e+01 1.531500e+01 -8.451490e+00 -2.803215e+00 4.515676e+00 -9.417011e+00 2.160338e-01 -3.289000e+00 4.229414e+01 -1.850606e-01 -1.014753e-02 -1.810567e-02 4.765659e-02 1.192331e-02 -9.958456e-02 1.155796e-03 -6.660397e-02 4.546851e-02 8.464149e-02 1.302115e-01 5.618630e-02 -1.425587e-01 3.240994e-02 6.608973e-03 1.563768e-02 -1.160921e-02 -3.227466e-02 -4.346270e-02 -5.219538e-02 -2.590454e-02 -2.650421e-02 -3.592594e-02 -2.781104e-02 -1.558604e-02 2.625888e-02
<VARIANCE> 39
 1.132257e+01 3.753850e+00 5.114807e+00 7.506020e+00 9.115444e+00 1.262630e+01 1.001681e+01 1.452956e+01 1.397004e+01 1.870418e+01 1.134408e+01 1.246274e+01 7.348818e+00 2.259372e-01 2.577085e-01 3.666173e-01 4.800070e-01 8.150451e-01 9.334205e-01 1.128659e+00 1.342973e+00 1.246443e+00 1.324311e+00 1.002448e+00 8.972006e-01 9.943874e-02 2.296004e-02 3.927064e-02 6.605916e-02 8.471540e-02 1.812748e-01 1.941987e-01 2.130795e-01 2.596779e-01 2.462014e-01 2.686500e-01 1.468955e-01 1.856962e-01 1.362360e-02
<GCONST> 6.590957e+01
<TRANSP> 5
 0.000000e+00 1.000000e+00 0.000000e+00 0.000000e+00 0.000000e+00
 0.000000e+00 5.999956e-01 4.000045e-01 0.000000e+00 0.000000e+00
 0.000000e+00 0.000000e+00 9.525155e-01 4.748446e-02 0.000000e+00
 0.000000e+00 0.000000e+00 0.000000e+00 9.391671e-01 6.083291e-02
 0.000000e+00 0.000000e+00 0.000000e+00 0.000000e+00 0.000000e+00
<ENDHMM>
~h "h"
<BEGINHMM>
<NUMSTATES> 5
<STATE> 2
<MEAN> 39
 -1.179775e+01 -7.549666e+00 -2.799851e+00 4.032249e+00 -1.867964e+01 1.431537e+01 -1.151917e+01 -1.826622e+00 6.205245e+00 -1.142223e+01 2.368303e+00 -7.087387e-01 4.069492e+01 -3.627304e-02 -1.437499e-02 8.889087e-02 4.584821e-02 2.286418e-02 9.336524e-02 9.371310e-02 3.964006e-02 -4.378028e-03 -1.375373e-01 -1.547387e-01 -1.421674e-01 -2.659677e-02 4.453247e-02 -2.266746e-02 -1.778094e-02 4.089446e-04 -4.256037e-02 -3.531825e-02 8.324534e-03 -5.003382e-02 7.703272e-03 6.410268e-02 2.796269e-03 3.247450e-02 3.461933e-02
<VARIANCE> 39
 3.452156e+00 7.032111e+00 1.285020e+01 5.428453e+00 9.378833e+00 1.338212e+01 1.152066e+01 1.965648e+01 1.932559e+01 2.091078e+01 1.416521e+01 1.634362e+01 2.707415e+00 1.251941e-01 1.680323e-01 3.608875e-01 4.661202e-01 9.564501e-01 9.965917e-01 1.096925e+00 1.856138e+00 1.503990e+00 1.801435e+00 1.224088e+00 9.666561e-01 4.918511e-02 3.403101e-02 5.955640e-02 6.430405e-02 8.846978e-02 2.301362e-01 2.168613e-01 2.237130e-01 4.194345e-01 3.145811e-01 3.231958e-01 2.309490e-01 2.002714e-01 2.204523e-02
<GCONST> 6.907219e+01
<STATE> 3
<MEAN> 39
 6.246832e+00 -8.246962e+00 7.398897e-01 -7.458094e-01 -2.116767e+01 1.050018e+01 -2.034356e+01 -5.224087e+00 -3.626426e-02 -6.866124e+00 9.774076e+00 -3.084357e+00 5.639527e+01 1.100365e-01 3.227387e-02 -8.340820e-02 -2.993435e-02 1.037293e-02 -4.876873e-02 -1.179421e-01 -9.650473e-02 -4.177418e-04 1.421459e-01 1.497389e-01 6.895328e-02 6.098254e-02 -2.482916e-02 3.719402e-03 4.219901e-03 5.523879e-03 1.507218e-02 1.323778e-02 7.586897e-03 2.528063e-03 -4.242324e-03 -1.144953e-02 -9.385024e-03 -4.469777e-03 -1.928508e-02
<VARIANCE> 39
 5.130630e+01 5.776079e+01 1.243254e+02 6.169537e+01 3.337667e+01 3.387497e+01 4.433978e+01 3.379010e+01 6.166220e+01 4.069492e+01 2.981805e+01 2.697385e+01 4.745891e+01 1.929291e+00 3.006512e+00 2.189081e+00 2.781418e+00 2.783215e+00 2.704968e+00 3.571064e+00 2.422511e+00 3.008271e+00 2.443388e+00 1.554414e+00 1.675403e+00 2.123363e+00 1.880452e-01 4.848640e-01 3.052452e-01 3.234381e-01 4.836659e-01 4.397901e-01 6.420363e-01 4.177387e-01 4.684365e-01 4.526300e-01 2.700912e-01 2.880024e-01 2.010721e-01
<GCONST> 1.194992e+02
<STATE> 4
<MEAN> 39
 -1.083920e+01 -6.270844e+00 -3.771717e+00 4.505554e+00 -1.706879e+01 1.392531e+01 -1.189332e+01 -2.567893e+00 7.108240e+00 -7.130424e+00 4.388631e+00 -1.008574e+00 4.078552e+01 -1.932125e-01 -2.219452e-02 1.015458e-01 7.626110e-02 -1.313790e-02 1.448260e-02 1.212770e-01 3.591241e-02 -1.012785e-01 -1.648941e-01 -1.927848e-01 -7.461096e-02 -1.311102e-01 2.259093e-02 -2.069655e-04 -1.041181e-02 -3.134479e-02 -1.883039e-02 -2.142581e-02 -3.403730e-02 6.801058e-03 -1.615097e-02 -2.947350e-02 -2.092135e-02 -1.056322e-02 1.795308e-02
<VARIANCE> 39
 1.127003e+01 3.664409e+00 2.420966e+01 1.136062e+01 9.748938e+00 1.123883e+01 1.468969e+01 1.320905e+01 1.932575e+01 2.518888e+01 1.876823e+01 1.310884e+01 4.868680e+00 2.124046e-01 3.157375e-01 8.587655e-01 8.255526e-01 9.466547e-01 8.795106e-01 9.504427e-01 9.639000e-01 1.748615e+00 1.950852e+00 1.393744e+00 1.443912e+00 7.672792e-02 2.702739e-02 4.541609e-02 1.133386e-01 1.809717e-01 2.251049e-01 1.864622e-01 1.711676e-01 1.840773e-01 3.315878e-01 3.815437e-01 2.805236e-01 2.941170e-01 8.673986e-03
<GCONST> 7.377022e+01
<TRANSP> 5
 0.000000e+00 1.000000e+00 0.000000e+00 0.000000e+00 0.000000e+00
 0.000000e+00 8.810181e-01 1.189819e-01 0.000000e+00 0.000000e+00
 0.000000e+00 0.000000e+00 9.669095e-01 3.309053e-02 0.000000e+00
 0.000000e+00 0.000000e+00 0.000000e+00 9.215466e-01 7.845345e-02
 0.000000e+00 0.000000e+00 0.000000e+00 0.000000e+00 0.000000e+00
<ENDHMM>
~h "j"
<BEGINHMM>
<NUMSTATES> 5
<STATE> 2
<MEAN> 39
 -1.503353e+01 -4.999435e+00 -1.014315e+00 4.949225e+00 -1.574298e+01 1.596020e+01 -1.120138e+01 -1.907232e+00 7.637410e+00 -7.340821e+00 4.159027e+00 1.470722e+00 3.773224e+01 5.653569e-01 2.662928e-02 4.907100e-01 2.345781e-02 -5.118496e-01 2.466530e-01 -3.102980e-01 -3.349693e-01 3.303014e-01 -8.479614e-01 -3.729281e-01 7.901885e-01 4.823950e-01 2.023493e-01 -1.714444e-01 1.807930e-01 -6.675827e-02 -2.188319e-01 4.314294e-02 -1.476222e-01 -2.672666e-01 8.837160e-02 -1.666249e-01 -1.610251e-01 -5.471150e-02 2.422734e-01
<VARIANCE> 39
 4.305854e+01 2.185386e+01 3.359610e+01 4.538473e+00 1.537373e+01 2.896896e+01 4.804820e+01 1.118674e+01 2.359905e+01 3.669096e+01 1.234210e+01 1.547738e+01 4.975539e+01 1.114535e+00 3.910247e-01 3.976298e+00 4.083456e-01 1.459044e+00 2.036066e+00 1.287070e+00 1.082593e+00 2.612198e+00 1.454426e+00 1.274162e+00 1.171925e+00 1.199216e+00 1.198398e-01 1.797730e-01 3.228447e-01 7.579976e-02 3.063309e-01 1.588809e-01 7.785820e-01 3.200102e-01 3.444028e-01 5.269787e-01 3.012145e-01 1.931735e-01 2.535815e-01
<GCONST> 9.696933e+01
<STATE> 3
<MEAN> 39
 4.227317e+00 -8.207674e+00 3.619618e+00 2.033034e+00 -1.991071e+01 1.216254e+01 -2.156655e+01 -6.083640e+00 1.392527e+00 -6.372723e+00 9.259767e+00 -3.904534e+00 5.508438e+01 3.733231e-01 -2.617823e-01 1.097114e-01 -4.825323e-02 -1.183823e-01 1.451607e-01 -2.737109e-01 -2.545751e-01 1.874069e-01 -9.843852e-02 3.495559e-02 1.323492e-01 4.176610e-01 -7.468548e-02 -2.238365e-02 -6.922583e-02 2.617554e-02 7.669565e-02 -5.262785e-02 3.254392e-02 2.477131e-02 2.543650e-03 9.720538e-03 -1.933660e-02 -3.399340e-02 -6.258981e-02
<VARIANCE> 39
 8.815309e+01 6.217423e+01 1.262365e+02 4.729099e+01 2.884297e+01 3.401958e+01 6.904842e+01 2.119245e+01 3.368213e+01 2.821018e+01 3.097421e+01 3.155187e+01 7.902257e+01 2.223256e+00 3.850555e+00 3.103520e+00 2.451767e+00 2.778188e+00 2.986453e+00 4.664701e+00 2.282978e+00 2.996631e+00 3.452935e+00 1.251266e+00 1.273439e+00 2.930207e+00 2.329820e-01 5.789313e-01 4.698562e-01 2.912972e-01 4.292136e-01 5.270877e-01 7.403389e-01 4.178101e-01 4.808153e-01 6.992700e-01 1.759239e-01 2.045191e-01 2.840326e-01
<GCONST> 1.214796e+02
<STATE> 4
<MEAN> 39
 -1.140102e+01 -7.033197e+00 -1.086150e+00 5.499527e+00 -1.606492e+01 1.665010e+01 -1.189776e+01 -3.568756e+00 1.002572e+01 -8.065948e+00 2.781325e+00 1.320176e+00 4.109250e+01 -1.953667e-01 -1.624724e-01 1.784552e-02 1.066089e-01 8.706058e-02 -1.873530e-01 -4.408752e-02 -7.719252e-02 4.347160e-02 6.200295e-02 2.858499e-03 9.342497e-02 -8.858728e-02 -5.555525e-02 6.122683e-02 2.014313e-02 -5.494237e-02 -4.959001e-02 -6.665896e-02 -7.540655e-02 8.640293e-02 -2.673520e-01 4.583839e-02 9.095006e-02 -4.239038e-02 -4.357431e-02
<VARIANCE> 39
 3.090084e+01 9.462811e+00 3.301600e+01 6.490073e+00 1.484784e+01 2.290002e+01 1.395556e+01 1.203096e+01 2.040933e+01 2.386957e+01 2.754756e+01 1.576603e+01 1.836161e+01 1.857242e-01 1.274361e+00 7.430289e-01 5.531430e-01 7.340742e-01 9.376961e-01 1.004346e+00 1.601013e+00 1.801633e+00 1.752486e+00 1.291890e+00 8.071000e-01 1.146033e-01 3.637549e-02 1.832043e-01 7.857095e-02 2.169387e-01 2.066312e-01 1.546269e-01 2.373002e-01 3.337725e-01 4.140084e-01 4.352790e-01 2.752686e-01 1.655620e-01 7.434574e-02
<GCONST> 8.318088e+01
<TRANSP> 5
 0.000000e+00 1.000000e+00 0.000000e+00 0.000000e+00 0.000000e+00
 0.000000e+00 4.049283e-01 5.950717e-01 0.000000e+00 0.000000e+00
 0.000000e+00 0.000000e+00 9.210604e-01 7.893960e-02 0.000000e+00
 0.000000e+00 0.000000e+00 0.000000e+00 7.360906e-01 2.639094e-01
 0.000000e+00 0.000000e+00 0.000000e+00 0.000000e+00 0.000000e+00
<ENDHMM>
~h "l"
<BEGINHMM>
<NUMSTATES> 5
<STATE> 2
<MEAN> 39
 -1.238276e+01 -5.616054e+00 -4.356400e-01 4.332291e+00 -1.839686e+01 1.337493e+01 -1.179996e+01 -3.701524e+00 5.991443e+00 -1.019511e+01 1.344345e+00 -1.944908e-01 4.012045e+01 8.427787e-02 -6.211239e-02 -1.914447e-01 -7.640284e-02 -1.074130e-01 -2.426744e-01 -2.611382e-01 -2.318562e-01 5.016718e-02 1.505615e-01 1.097696e-01 -8.803997e-02 5.744143e-02 7.485815e-02 -2.858575e-02 -5.080443e-02 4.671257e-02 3.758089e-02 -4.901242e-03 -2.134785e-02 2.004763e-02 5.025481e-02 5.963306e-02 3.201461e-02 7.131267e-03 5.167264e-02
<VARIANCE> 39
 2.245000e+01 9.668036e+00 1.966197e+01 7.069016e+00 2.003495e+01 2.538495e+01 1.728379e+01 1.631104e+01 1.735433e+01 1.647327e+01 1.283451e+01 1.627616e+01 1.791056e+01 3.632070e-01 4.868825e-01 5.997245e-01 6.005540e-01 8.574162e-01 1.267456e+00 1.549603e+00 1.559739e+00 1.203544e+00 1.436782e+00 1.310525e+00 9.807354e-01 1.464488e-01 4.590615e-02 9.117584e-02 9.536557e-02 1.185512e-01 1.709963e-01 2.783540e-01 2.857994e-01 2.897805e-01 2.196260e-01 3.098775e-01 2.562104e-01 2.198462e-01 2.107347e-02
<GCONST> 7.991898e+01
<STATE> 3
<MEAN> 39
 6.824655e+00 -9.617535e+00 4.725097e+00 -1.215905e-01 -2.129345e+01 1.013900e+01 -2.023405e+01 -1.069233e+00 2.234170e+00 -1.128055e+01 1.847155e+00 -6.447504e+00 5.866952e+01 2.181153e-01 5.422283e-03 8.006283e-03 -5.754654e-03 6.501102e-02 5.262217e-02 -6.887608e-02 1.731138e-02 -1.161237e-02 -5.206855e-02 -2.582457e-02 -7.631460e-02 1.682837e-01 -4.033717e-02 -8.692367e-04 3.191537e-03 3.403707e-03 1.478171e-02 3.726228e-02 4.545046e-02 2.255942e-03 2.735018e-03 -4.229381e-04 -9.043087e-03 -4.502783e-03 -3.365453e-02
<VARIANCE> 39
 7.586018e+01 6.626829e+01 7.322402e+01 3.002694e+01 4.128001e+01 4.546022e+01 3.779158e+01 6.991705e+01 4.300976e+01 4.666470e+01 3.667494e+01 3.905250e+01 8.125560e+01 1.737903e+00 2.244551e+00 1.488166e+00 2.137256e+00 1.719310e+00 2.528759e+00 2.709425e+00 2.774089e+00 1.723587e+00 2.427237e+00 2.030185e+00 1.641855e+00 1.702883e+00 2.030418e-01 3.156298e-01 1.768567e-01 3.338522e-01 2.691764e-01 4.534463e-01 4.656400e-01 4.348671e-01 3.085875e-01 4.161376e-01 4.034774e-01 3.016867e-01 1.622047e-01
<GCONST> 1.164987e+02
<STATE> 4
<MEAN> 39
 -1.065519e+01 -6.027139e+00 -1.465712e+00 5.813705e+00 -1.546517e+01 1.503186e+01 -1.092556e+01 -2.152662e+00 6.488785e+00 -9.926962e+00 6.759085e-01 -1.557924e+00 4.133421e+01 -1.973581e-01 -8.595335e-02 -4.662745e-02 -1.737784e-03 -4.896116e-02 -1.857474e-02 6.950023e-02 -6.266619e-03 2.682170e-02 3.086727e-02 3.069310e-02 -2.565318e-02 -1.418384e-01 2.965539e-02 7.649219e-03 3.498944e-02 -6.690608e-03 -2.390858e-02 -3.322290e-02 -4.109136e-02 3.664457e-02 1.918018e-03 -5.849466e-03 2.064306e-02 3.642552e-02 2.665581e-02
<VARIANCE> 39
 3.237113e+01 1.503479e+01 2.205166e+01 9.697947e+00 1.642831e+01 1.653922e+01 1.420075e+01 1.254209e+01 1.567336e+01 1.705685e+01 2.155110e+01 2.151992e+01 2.159600e+01 3.147663e-01 6.725268e-01 7.512156e-01 7.916059e-01 1.031689e+00 1.103076e+00 1.408727e+00 1.368155e+00 1.363819e+00 1.623817e+00 1.386134e+00 1.311200e+00 2.095075e-01 3.169106e-02 9.308530e-02 1.258044e-01 1.553613e-01 2.089310e-01 2.240604e-01 2.912647e-01 3.112140e-01 2.843629e-01 3.245287e-01 2.975707e-01 2.581736e-01 2.043772e-02
<GCONST> 8.329742e+01
<TRANSP> 5
 0.000000e+00 1.000000e+00 0.000000e+00 0.000000e+00 0.000000e+00
 0.000000e+00 7.128396e-01 2.871604e-01 0.000000e+00 0.000000e+00
 0.000000e+00 0.000000e+00 9.164505e-01 8.354948e-02 0.000000e+00
 0.000000e+00 0.000000e+00 0.000000e+00 8.837734e-01 1.162266e-01
 0.000000e+00 0.000000e+00 0.000000e+00 0.000000e+00 0.000000e+00
<ENDHMM>
~h "m"
<BEGINHMM>
<NUMSTATES> 5
<STATE> 2
<MEAN> 39
 -1.018572e+01 -5.049355e+00 -2.267094e+00 4.195727e+00 -1.650452e+01 1.170476e+01 -1.270011e+01 -4.061835e+00 4.036262e+00 -8.063417e+00 1.669677e+00 -6.658274e-01 4.144980e+01 4.042445e-02 -3.470791e-02 7.633023e-02 -4.839102e-02 -1.168084e-01 1.152607e-01 -1.689608e-01 -2.513916e-01 3.164931e-03 5.065788e-02 7.245552e-02 2.220867e-01 7.049014e-02 7.351518e-02 7.268600e-03 8.270757e-02 3.631728e-02 -1.635275e-02 1.026621e-02 -3.475923e-02 5.006587e-02 3.029038e-02 -7.616989e-02 -2.151177e-02 1.233339e-03 6.481539e-02
<VARIANCE> 39
 4.641384e+01 8.070110e+00 1.451698e+01 8.021420e+00 1.543536e+01 1.900541e+01 2.207092e+01 3.141096e+01 1.988519e+01 2.034220e+01 1.685083e+01 1.531611e+01 3.213644e+01 4.220209e-01 5.320211e-01 1.264302e+00 7.174230e-01 1.027701e+00 1.692300e+00 1.339061e+00 2.156576e+00 1.472240e+00 2.066709e+00 1.594275e+00 1.055020e+00 4.780220e-01 5.906034e-02 8.358973e-02 1.685758e-01 1.214870e-01 1.892858e-01 2.484254e-01 2.216349e-01 3.534984e-01 2.718775e-01 3.490222e-01 3.275999e-01 1.557431e-01 5.899986e-02
<GCONST> 8.756254e+01
<STATE> 3
<MEAN> 39
 7.129574e+00 -8.980676e+00 4.823240e+00 6.594772e-01 -1.919075e+01 1.091584e+01 -2.160956e+01 -3.354080e+00 3.120229e+00 -1.002654e+01 1.498312e+00 -6.112609e+00 5.874606e+01 9.354659e-02 -1.527488e-03 1.620589e-01 8.598573e-02 -2.428098e-03 1.120459e-01 -6.664590e-03 -2.786859e-02 6.513881e-03 -1.274063e-01 -1.023078e-01 -4.301956e-02 9.720504e-02 -6.193024e-02 -6.399034e-03 -4.643469e-02 2.845175e-04 2.822020e-02 -1.455481e-02 5.552123e-02 4.027100e-02 3.872466e-03 7.548911e-03 -2.811722e-02 -3.334332e-02 -5.235199e-02
<VARIANCE> 39
 5.717044e+01 7.007362e+01 6.078542e+01 3.663852e+01 4.410443e+01 3.356083e+01 4.003263e+01 8.288952e+01 2.619865e+01 5.907358e+01 3.360520e+01 2.924897e+01 7.638673e+01 1.616110e+00 1.688299e+00 1.877396e+00 1.339542e+00 1.513678e+00 1.626067e+00 1.915786e+00 3.012068e+00 1.512797e+00 2.372061e+00 1.723989e+00 1.210430e+00 1.848459e+00 1.495005e-01 2.094340e-01 2.180807e-01 2.214845e-01 2.160502e-01 2.919730e-01 2.891026e-01 4.287086e-01 2.614931e-01 3.402336e-01 3.017900e-01 2.287832e-01 1.514766e-01
<GCONST> 1.105411e+02
<STATE> 4
<MEAN> 39
 -1.150379e+01 -5.154316e+00 -1.361431e+00 5.944069e+00 -1.451898e+01 1.431884e+01 -1.025340e+01 -1.656744e+00 5.636593e+00 -9.211718e+00 9.224325e-01 -7.150148e-01 4.061108e+01 -2.015901e-01 -9.647308e-02 -8.248331e-02 -3.847961e-03 -2.571554e-03 -3.962593e-02 5.471767e-02 2.697542e-02 -5.050027e-02 -4.832563e-02 3.170457e-02 2.622498e-02 -1.217544e-01 3.878331e-02 2.538313e-02 1.356243e-02 -1.383016e-02 -6.924793e-03 -5.777887e-02 -7.257851e-02 -2.797092e-02 -2.743538e-02 2.692200e-03 8.747274e-03 1.009840e-02 2.082649e-02
<VARIANCE> 39
 1.734408e+01 5.896991e+00 1.060512e+01 7.308884e+00 1.243743e+01 1.108752e+01 1.677931e+01 1.356595e+01 1.576419e+01 1.136092e+01 1.149904e+01 1.374158e+01 1.017415e+01 3.637720e-01 4.576460e-01 5.462095e-01 7.175282e-01 9.310481e-01 1.050075e+00 1.552219e+00 1.400112e+00 1.621443e+00 1.374462e+00 1.137248e+00 1.146344e+00 1.504069e-01 4.637216e-02 7.663178e-02 1.022861e-01 1.380355e-01 1.940314e-01 2.374025e-01 3.224715e-01 2.694069e-01 3.260811e-01 2.943573e-01 2.484757e-01 2.244249e-01 2.857094e-02
<GCONST> 7.656968e+01
<TRANSP> 5
 0.000000e+00 1.000000e+00 0.000000e+00 0.000000e+00 0.000000e+00
 0.000000e+00 7.867137e-01 2.132863e-01 0.000000e+00 0.000000e+00
 0.000000e+00 0.000000e+00 9.328906e-01 6.710943e-02 0.000000e+00
 0.000000e+00 0.000000e+00 0.000000e+00 8.995876e-01 1.004124e-01
 0.000000e+00 0.000000e+00 0.000000e+00 0.000000e+00 0.000000e+00
<ENDHMM>
~h "n"
<BEGINHMM>
<NUMSTATES> 5
<STATE> 2
<MEAN> 39
 -1.176385e+01 -4.014445e+00 -8.109891e-01 3.729764e+00 -1.972118e+01 1.228573e+01 -1.143272e+01 -3.189943e+00 5.616353e+00 -1.029825e+01 2.375609e+00 1.491763e-01 3.995811e+01 -1.078715e-01 -6.787048e-02 -2.169125e-02 -2.207680e-02 5.242490e-02 5.128714e-02 5.819218e-02 3.273518e-02 5.996595e-02 1.164741e-02 -4.957953e-03 5.592745e-02 -6.322472e-02 4.451376e-02 -1.598299e-02 1.091080e-02 3.292483e-02 2.975780e-02 4.836563e-02 2.765797e-02 3.087319e-02 3.092200e-02 5.613510e-03 -1.399975e-02 9.522459e-03 3.565874e-02
<VARIANCE> 39
 1.200942e+01 6.518270e+00 9.410491e+00 5.896448e+00 1.609897e+01 1.268500e+01 1.215909e+01 1.095794e+01 1.249631e+01 1.450290e+01 9.632823e+00 1.244019e+01 6.593478e+00 1.619121e-01 4.204724e-01 4.653859e-01 4.876544e-01 9.219090e-01 8.488746e-01 1.179470e+00 1.015919e+00 9.852681e-01 8.602123e-01 6.680393e-01 1.056277e+00 5.778403e-02 4.619367e-02 7.846928e-02 1.215592e-01 9.795497e-02 2.153270e-01 1.955472e-01 2.497614e-01 2.227377e-01 2.062427e-01 2.440025e-01 1.459523e-01 2.039838e-01 2.495905e-02
<GCONST> 6.823634e+01
<STATE> 3
<MEAN> 39
 7.219084e+00 -1.104638e+01 7.983944e-01 4.085115e-01 -1.574710e+01 1.248488e+01 -2.114678e+01 -2.060351e-01 5.101838e+00 -1.228270e+01 -5.318232e-01 -6.718588e+00 5.884407e+01 2.900818e-01 -3.839550e-02 9.986812e-02 4.809430e-02 2.806692e-02 9.731966e-02 -1.404335e-01 -5.526565e-02 -3.953696e-03 -5.212815e-02 -8.003316e-02 -8.452436e-02 2.539527e-01 -3.852341e-02 -6.612714e-03 -6.789539e-03 1.595983e-02 1.406685e-02 2.285543e-02 2.660350e-02 -7.077524e-03 3.049787e-03 7.498082e-04 -1.260433e-02 1.392163e-02 -2.631801e-02
<VARIANCE> 39
 7.276347e+01 8.615331e+01 3.726125e+01 2.198784e+01 3.526285e+01 3.422208e+01 4.377811e+01 8.928411e+01 3.888959e+01 6.275192e+01 3.169225e+01 2.666628e+01 8.933373e+01 2.566863e+00 3.324042e+00 2.090229e+00 1.251283e+00 1.841889e+00 2.275928e+00 2.411338e+00 3.307852e+00 1.672861e+00 3.209739e+00 2.074884e+00 1.731757e+00 3.146928e+00 3.058649e-01 4.112218e-01 3.315656e-01 2.062530e-01 2.729837e-01 3.561247e-01 3.775619e-01 4.783131e-01 2.956740e-01 4.502726e-01 3.852864e-01 3.342463e-01 3.222848e-01
<GCONST> 1.182521e+02
<STATE> 4
<MEAN> 39
 -1.147725e+01 -4.963269e+00 -1.096945e+00 5.282762e+00 -1.597138e+01 1.528271e+01 -9.780478e+00 -1.713876e+00 6.087820e+00 -1.025498e+01 8.806782e-01 -7.615170e-01 4.041766e+01 -2.037793e-01 -9.078443e-02 -1.068192e-01 -7.744145e-02 -8.365131e-02 -5.753481e-03 9.221774e-02 -2.386779e-02 -5.971257e-02 -7.278378e-02 1.182626e-03 9.733608e-02 -1.413547e-01 2.732364e-02 1.368584e-02 1.268323e-02 -3.526956e-02 -3.799203e-02 -4.792436e-02 -5.486400e-02 -3.739459e-02 -3.166658e-02 5.749804e-03 3.786362e-02 -1.106785e-02 1.981399e-02
<VARIANCE> 39
 1.226906e+01 1.001642e+01 1.427533e+01 1.140822e+01 1.623785e+01 1.152917e+01 1.480030e+01 1.349527e+01 1.587181e+01 1.426487e+01 1.701360e+01 1.961435e+01 7.835399e+00 3.524610e-01 5.580443e-01 5.423833e-01 7.508087e-01 1.070879e+00 8.296747e-01 1.395275e+00 1.408036e+00 1.357164e+00 1.264671e+00 1.281043e+00 1.277263e+00 2.377639e-01 3.611543e-02 1.034133e-01 1.030556e-01 1.563207e-01 2.292638e-01 1.577856e-01 2.835046e-01 2.843671e-01 2.784497e-01 2.382201e-01 2.711838e-01 2.402846e-01 3.691944e-02
<GCONST> 7.873170e+01
<TRANSP> 5
 0.000000e+00 1.000000e+00 0.000000e+00 0.000000e+00 0.000000e+00
 0.000000e+00 8.518307e-01 1.481692e-01 0.000000e+00 0.000000e+00
 0.000000e+00 0.000000e+00 9.407085e-01 5.929159e-02 0.000000e+00
 0.000000e+00 0.000000e+00 0.000000e+00 9.080774e-01 9.192266e-02
 0.000000e+00 0.000000e+00 0.000000e+00 0.000000e+00 0.000000e+00
<ENDHMM>
~h "p"
<BEGINHMM>
<NUMSTATES> 5
<STATE> 2
<MEAN> 39
 -9.247884e+00 -4.091126e+00 -5.491110e-01 4.295286e+00 -1.832664e+01 1.282372e+01 -1.169939e+01 -3.219774e+00 5.038027e+00 -9.196466e+00 5.614134e-01 -1.311847e+00 4.203565e+01 -6.407861e-02 5.156145e-02 4.634047e-02 5.933765e-04 -5.222113e-02 -6.671303e-02 -3.961226e-02 -7.186950e-03 1.258629e-01 1.060425e-02 -4.138852e-02 -9.258274e-02 -4.167350e-02 6.267962e-02 1.771950e-02 -2.744878e-02 -1.364323e-02 -1.985074e-03 -5.696415e-03 2.942497e-02 1.872257e-02 5.420357e-02 3.513638e-03 4.744806e-02 -4.105612e-03 3.590572e-02
<VARIANCE> 39
 4.223394e+01 9.427288e+00 1.478810e+01 7.611094e+00 1.460500e+01 2.680413e+01 2.211109e+01 1.288130e+01 1.482186e+01 1.356804e+01 1.279701e+01 1.393045e+01 1.882733e+01 1.132367e-01 3.083972e-01 5.815573e-01 4.551837e-01 6.552378e-01 7.101505e-01 7.864841e-01 1.213303e+00 1.257234e+00 1.737196e+00 1.364293e+00 8.403807e-01 7.570031e-02 5.845108e-02 9.362606e-02 1.030403e-01 1.125048e-01 1.219214e-01 1.621360e-01 1.851310e-01 2.445742e-01 2.403753e-01 3.819194e-01 2.099317e-01 1.249062e-01 5.149900e-02
<GCONST> 7.459352e+01
<STATE> 3
<MEAN> 39
 5.901783e+00 -1.074076e+01 -6.170722e-01 -3.038785e+00 -1.898108e+01 1.283489e+01 -1.889025e+01 1.362953e+00 5.867243e+00 -1.248827e+01 6.222696e-01 -5.617650e+00 5.759171e+01 2.448298e-01 1.290977e-01 8.311900e-02 -1.005256e-02 6.078759e-03 -1.020068e-02 -1.113469e-01 -4.216683e-02 6.560522e-03 -8.351256e-02 -1.765111e-02 1.993335e-02 1.540340e-01 -5.150072e-02 1.157477e-02 -1.541943e-02 1.263893e-02 2.588827e-02 3.804185e-02 5.330334e-02 -2.205381e-02 -1.031846e-02 1.620475e-02 -2.851448e-02 -5.828225e-04 -4.868566e-02
<VARIANCE> 39
 6.444762e+01 8.648189e+01 4.027209e+01 4.583020e+01 2.826692e+01 4.382843e+01 3.999949e+01 5.898519e+01 3.443781e+01 3.009244e+01 3.422777e+01 2.518684e+01 8.132227e+01 2.395257e+00 2.741701e+00 1.549713e+00 2.647081e+00 1.896521e+00 2.181667e+00 1.993986e+00 2.302556e+00 1.412044e+00 2.362784e+00 1.803964e+00 1.741997e+00 2.976326e+00 2.732188e-01 3.048850e-01 2.817947e-01 3.854661e-01 3.276003e-01 3.188840e-01 3.318907e-01 3.565339e-01 2.505359e-01 4.218137e-01 3.667804e-01 3.467588e-01 2.672129e-01
<GCONST> 1.157639e+02
<STATE> 4
<MEAN> 39
 -9.997023e+00 -4.182506e+00 -5.883558e-01 4.759835e+00 -1.728543e+01 1.571959e+01 -1.022669e+01 -2.755259e+00 6.208809e+00 -1.043086e+01 -2.323220e-01 -1.135214e+00 4.145340e+01 -3.213722e-01 -1.253137e-01 -1.689618e-01 -1.603358e-01 -1.606857e-01 -6.474664e-02 2.849227e-01 7.301086e-02 1.303631e-02 8.882828e-03 -1.463372e-02 -1.698047e-02 -2.267880e-01 8.219148e-02 -3.880216e-03 3.025811e-02 -6.230910e-02 -8.873031e-02 -1.443769e-01 -1.389505e-01 -1.485769e-02 -8.315101e-02 -3.110730e-02 5.061707e-02 1.607728e-02 6.188054e-02
<VARIANCE> 39
 2.294915e+01 1.004383e+01 2.027084e+01 1.269497e+01 1.069940e+01 1.722125e+01 1.373716e+01 1.206670e+01 2.284429e+01 1.606559e+01 3.203983e+01 3.265742e+01 9.505642e+00 4.761663e-01 5.802606e-01 7.902417e-01 8.916193e-01 8.604174e-01 1.087182e+00 1.644831e+00 1.080344e+00 1.202378e+00 1.250052e+00 1.612071e+00 1.037857e+00 2.081474e-01 4.573431e-02 1.127175e-01 1.324433e-01 2.044445e-01 1.880511e-01 1.675364e-01 2.747529e-01 2.076796e-01 2.329663e-01 2.823174e-01 3.477712e-01 2.186794e-01 2.030473e-02
<GCONST> 8.193651e+01
<TRANSP> 5
 0.000000e+00 1.000000e+00 0.000000e+00 0.000000e+00 0.000000e+00
 0.000000e+00 7.812016e-01 2.187984e-01 0.000000e+00 0.000000e+00
 0.000000e+00 0.000000e+00 9.127835e-01 8.721653e-02 0.000000e+00
 0.000000e+00 0.000000e+00 0.000000e+00 8.045523e-01 1.954478e-01
 0.000000e+00 0.000000e+00 0.000000e+00 0.000000e+00 0.000000e+00
<ENDHMM>
~h "s"
<BEGINHMM>
<NUMSTATES> 5
<STATE> 2
<MEAN> 39
 -1.081285e+01 -4.133861e+00 -1.053455e+00 5.747245e+00 -1.571762e+01 1.140689e+01 -1.137302e+01 -2.558550e+00 3.464180e+00 -9.886659e+00 -2.984211e-01 -3.412780e+00 4.072258e+01 -5.035445e-03 -2.254100e-01 -1.194433e-01 -3.791632e-02 -2.782245e-02 -8.620089e-02 -9.997764e-02 8.533888e-02 9.018388e-02 6.685677e-03 3.881895e-02 -1.298926e-01 6.505494e-02 3.080615e-02 3.055671e-02 2.778479e-02 -8.372200e-03 -2.860832e-02 -3.934238e-02 -8.705148e-03 1.443969e-02 3.184986e-03 6.927168e-03 1.938950e-02 -2.350406e-04 1.595634e-02
<VARIANCE> 39
 7.684399e+00 2.054222e+01 2.074376e+01 7.188023e+00 1.281246e+01 1.300131e+01 1.347229e+01 1.340343e+01 1.713245e+01 1.522503e+01 1.841271e+01 1.919683e+01 7.527689e+00 1.261969e-01 4.749600e-01 7.508169e-01 7.190734e-01 9.453221e-01 1.044421e+00 1.004752e+00 1.495002e+00 1.427246e+00 1.753732e+00 1.609870e+00 1.710791e+00 1.075449e-01 2.471292e-02 6.923646e-02 1.201169e-01 1.589983e-01 1.894573e-01 2.189482e-01 1.871271e-01 3.240904e-01 3.046862e-01 3.785622e-01 3.407848e-01 3.118449e-01 1.409468e-02
<GCONST> 7.719189e+01
<STATE> 3
<MEAN> 39
 6.210994e+00 -6.813176e+00 2.948981e+00 2.482506e-01 -2.129218e+01 8.710144e+00 -2.028158e+01 -1.844677e-01 3.352510e+00 -1.168755e+01 4.394735e+00 -4.147028e+00 5.629039e+01 1.115722e-01 2.525591e-01 1.540637e-01 3.710397e-02 9.817000e-03 -4.586043e-03 1.342805e-02 -3.284027e-02 7.253999e-04 -1.999708e-02 -8.631855e-02 -9.445172e-03 5.915517e-03 -3.713040e-02 3.581459e-03 -1.163928e-03 1.833213e-02 1.785507e-02 2.071315e-02 3.894779e-02 1.305068e-03 -1.832467e-03 -7.311613e-03 -1.693745e-02 1.872545e-02 -3.056618e-02
<VARIANCE> 39
 6.321149e+01 7.483990e+01 5.982489e+01 4.869660e+01 3.063145e+01 3.648333e+01 4.441088e+01 8.788790e+01 6.350727e+01 3.682320e+01 3.693710e+01 2.335401e+01 5.435440e+01 1.704164e+00 2.066797e+00 1.453924e+00 2.264045e+00 1.818754e+00 2.306245e+00 2.543375e+00 3.456085e+00 1.429906e+00 2.010673e+00 1.716214e+00 1.618219e+00 1.615084e+00 1.662821e-01 3.378930e-01 1.982627e-01 3.397619e-01 3.101060e-01 3.883024e-01 4.265909e-01 5.534469e-01 2.022463e-01 3.609275e-01 2.839618e-01 3.016586e-01 1.354412e-01
<GCONST> 1.143211e+02
<STATE> 4
<MEAN> 39
 -1.049764e+01 -3.881728e+00 -6.625932e-01 6.351482e+00 -1.576525e+01 1.315345e+01 -1.022996e+01 -9.746786e-01 6.477080e+00 -9.027536e+00 9.685220e-02 -2.276445e+00 4.085889e+01 -1.911920e-01 -2.215548e-01 -9.393930e-02 -4.730088e-02 -1.585255e-01 -4.284703e-02 6.899331e-03 6.585947e-02 -4.490912e-03 2.609670e-02 8.806168e-02 4.629116e-02 -6.887165e-02 5.061143e-02 3.819314e-02 3.213057e-02 -2.513165e-02 -2.964834e-02 -2.679464e-02 -5.703655e-02 -2.414432e-02 -9.230575e-02 -3.860451e-02 3.101145e-02 2.243622e-02 3.535511e-02
<VARIANCE> 39
 1.108629e+01 2.183838e+01 2.208628e+01 1.718344e+01 1.762881e+01 1.583503e+01 1.368134e+01 1.819422e+01 3.094523e+01 2.102054e+01 1.727725e+01 1.920197e+01 8.813088e+00 3.324476e-01 8.364585e-01 6.168370e-01 9.326571e-01 1.173484e+00 1.322459e+00 1.253372e+00 1.580826e+00 2.089885e+00 1.392604e+00 1.252056e+00 1.300258e+00 1.386274e-01 3.023202e-02 1.074609e-01 1.044158e-01 1.935789e-01 2.663154e-01 2.320743e-01 2.564539e-01 3.042008e-01 4.163387e-01 2.732206e-01 2.322667e-01 2.692950e-01 1.950266e-02
<GCONST> 8.373461e+01
<TRANSP> 5
 0.000000e+00 1.000000e+00 0.000000e+00 0.000000e+00 0.000000e+00
 0.000000e+00 8.667809e-01 1.332190e-01 0.000000e+00 0.000000e+00
 0.000000e+00 0.000000e+00 9.304814e-01 6.951860e-02 0.000000e+00
 0.000000e+00 0.000000e+00 0.000000e+00 8.447487e-01 1.552513e-01
 0.000000e+00 0.000000e+00 0.000000e+00 0.000000e+00 0.000000e+00
<ENDHMM>
~h "t"
<BEGINHMM>
<NUMSTATES> 5
<STATE> 2
<MEAN> 39
 -1.006039e+01 -4.120030e+00 -1.633841e+00 4.398290e+00 -1.720254e+01 1.212836e+01 -1.032238e+01 -1.789447e+00 4.771885e+00 -7.523619e+00 1.710549e+00 -2.264265e+00 4.125360e+01 -1.267376e-01 -2.036069e-01 -7.823130e-02 -1.278530e-03 -1.777647e-02 -1.085038e-02 -7.589208e-02 5.944984e-02 7.276436e-02 -1.592428e-01 3.328818e-02 1.440141e-01 -2.743257e-03 1.305148e-01 9.884128e-03 -5.679278e-03 -5.964647e-02 -3.198282e-02 5.585201e-02 1.923264e-02 -4.058633e-02 3.633381e-03 2.343701e-02 5.079332e-02 1.566921e-02 8.871873e-02
<VARIANCE> 39
 1.687445e+01 2.152669e+01 1.777877e+01 9.656761e+00 1.904035e+01 2.154410e+01 1.609686e+01 2.104435e+01 2.015003e+01 2.381901e+01 2.155824e+01 1.388237e+01 1.436989e+01 3.071252e-01 2.897559e-01 5.060870e-01 7.212508e-01 1.063405e+00 1.303843e+00 1.415845e+00 1.310251e+00 1.587851e+00 2.419062e+00 1.815325e+00 1.232568e+00 1.569912e-01 5.819789e-02 5.920208e-02 1.361088e-01 1.278988e-01 2.098842e-01 2.376122e-01 2.622407e-01 2.896761e-01 3.320259e-01 4.724105e-01 3.737056e-01 2.474366e-01 3.670803e-02
<GCONST> 8.408195e+01
<STATE> 3
<MEAN> 39
 6.106861e+00 -7.141335e+00 1.932000e+00 -3.742676e+00 -2.165950e+01 1.185568e+01 -1.925006e+01 -2.109525e+00 4.068303e+00 -8.492957e+00 4.861443e+00 -4.171096e+00 5.672705e+01 2.639711e-01 4.006805e-02 7.497349e-03 -8.537414e-02 -2.463614e-02 5.183524e-03 -1.208718e-01 4.906577e-02 7.034855e-02 -9.935372e-03 -1.039689e-02 -6.967107e-02 1.884124e-01 -4.940502e-02 1.264947e-02 -3.885492e-03 1.829696e-02 3.427248e-03 7.815709e-03 5.229056e-02 1.558757e-03 1.456933e-03 1.912799e-02 -1.274997e-02 -2.685888e-03 -4.885573e-02
<VARIANCE> 39
 5.690477e+01 4.887426e+01 8.538465e+01 4.890665e+01 4.233798e+01 2.850226e+01 5.363707e+01 6.365916e+01 5.216178e+01 2.829098e+01 3.647130e+01 1.679239e+01 6.814495e+01 2.291955e+00 2.267426e+00 2.037905e+00 2.575041e+00 1.901174e+00 2.011768e+00 2.916453e+00 1.914523e+00 1.977649e+00 1.896907e+00 1.570899e+00 1.171678e+00 2.730604e+00 2.513009e-01 3.206598e-01 2.874859e-01 3.397717e-01 3.165154e-01 3.508915e-01 4.601291e-01 2.865264e-01 3.236604e-01 3.448482e-01 2.659979e-01 1.955492e-01 2.338450e-01
<GCONST> 1.147458e+02
<STATE> 4
<MEAN> 39
 -8.398377e+00 -3.794499e+00 -1.672186e+00 3.191826e+00 -1.840355e+01 1.475742e+01 -7.847103e+00 -5.717986e-01 6.867809e+00 -7.228445e+00 8.846916e-01 -2.928959e+00 4.224597e+01 -3.035424e-01 -1.213405e-02 5.510723e-04 3.404662e-02 -8.506323e-02 -9.014764e-02 6.139871e-02 -9.527685e-02 -3.454363e-02 9.193292e-02 6.307109e-02 6.461073e-02 -2.324237e-01 3.369852e-02 -1.552789e-02 1.181962e-02 -5.672859e-03 -7.980279e-03 -2.383083e-02 -4.135481e-02 -1.872576e-02 -2.946389e-02 -1.697534e-02 1.014618e-02 1.551574e-02 3.587868e-02
<VARIANCE> 39
 2.513809e+01 9.224072e+00 1.287607e+01 1.946084e+01 1.801732e+01 1.637752e+01 2.148985e+01 2.009466e+01 2.360275e+01 2.026126e+01 1.399795e+01 1.335771e+01 1.598926e+01 4.182486e-01 3.722884e-01 7.282045e-01 7.592087e-01 9.995420e-01 1.040077e+00 1.429373e+00 1.411403e+00 1.530856e+00 1.403692e+00 1.291763e+00 1.239360e+00 2.380398e-01 3.294628e-02 6.209249e-02 1.377176e-01 1.518228e-01 2.036091e-01 2.292418e-01 2.644713e-01 2.702411e-01 3.128609e-01 2.878976e-01 2.518093e-01 2.502034e-01 1.805791e-02
<GCONST> 8.171545e+01
<TRANSP> 5
 0.000000e+00 1.000000e+00 0.000000e+00 0.000000e+00 0.000000e+00
 0.000000e+00 6.685485e-01 3.314515e-01 0.000000e+00 0.000000e+00
 0.000000e+00 0.000000e+00 9.226177e-01 7.738233e-02 0.000000e+00
 0.000000e+00 0.000000e+00 0.000000e+00 8.929846e-01 1.070155e-01
 0.000000e+00 0.000000e+00 0.000000e+00 0.000000e+00 0.000000e+00
<ENDHMM>
~h "ah"
<BEGINHMM>
<NUMSTATES> 5
<STATE> 2
<MEAN> 39
 -9.635711e+00 -3.317189e+00 -1.318869e+00 3.848886e+00 -1.817615e+01 1.057107e+01 -1.208638e+01 -3.899044e+00 3.525845e+00 -8.733701e+00 3.945715e-01 -2.359562e+00 4.136720e+01 -3.159544e-02 6.021583e-03 -9.768427e-03 -2.443907e-02 -2.794046e-03 -2.061991e-02 2.557696e-02 4.993210e-02 4.057572e-02 2.308014e-02 5.026566e-02 5.817011e-02 -3.269301e-02 3.437432e-02 1.337217e-03 -3.034496e-03 1.324955e-03 7.134414e-04 1.791836e-02 2.980088e-03 3.364409e-02 3.012937e-02 -1.920282e-03 -1.342042e-02 -3.963991e-03 2.630544e-02
<VARIANCE> 39
 2.175939e+01 1.080135e+01 1.224985e+01 8.245829e+00 1.580410e+01 1.860888e+01 1.871738e+01 2.408028e+01 1.765456e+01 1.839298e+01 1.654042e+01 1.604263e+01 1.285518e+01 1.744900e-01 3.122061e-01 6.389926e-01 6.280078e-01 8.657742e-01 1.117803e+00 1.019791e+00 1.247891e+00 1.038867e+00 1.447729e+00 1.533408e+00 1.156027e+00 9.448627e-02 3.977472e-02 6.681497e-02 1.403642e-01 1.246085e-01 1.703446e-01 2.419837e-01 2.160272e-01 2.484232e-01 2.059975e-01 3.004777e-01 3.127084e-01 2.188584e-01 2.278781e-02
<GCONST> 7.713538e+01
<STATE> 3
<MEAN> 39
 6.275542e+00 -7.762144e+00 1.933405e+00 -1.233564e+00 -1.916577e+01 1.233931e+01 -1.884985e+01 -1.496128e+00 3.469717e+00 -1.054193e+01 2.216294e+00 -4.954319e+00 5.694172e+01 2.392176e-01 4.047680e-02 9.071044e-02 1.165217e-02 6.100152e-03 9.018876e-02 -8.893014e-02 -5.787519e-02 3.213741e-02 5.663411e-02 3.031014e-02 -4.393994e-02 1.806959e-01 -6.607448e-02 -1.561375e-02 -1.934166e-02 2.491313e-02 1.636724e-02 1.822905e-02 4.498741e-02 6.552390e-03 -7.915394e-05 -6.243912e-04 -2.665719e-02 -1.667220e-02 -4.757123e-02
<VARIANCE> 39
 6.270082e+01 7.293797e+01 7.017974e+01 4.454430e+01 4.881023e+01 3.511108e+01 4.312537e+01 7.513161e+01 4.623512e+01 4.459142e+01 4.305024e+01 3.052329e+01 7.820284e+01 2.434709e+00 2.432123e+00 2.171459e+00 2.175758e+00 2.003347e+00 2.284269e+00 2.583855e+00 2.835911e+00 1.763879e+00 2.557972e+00 2.104281e+00 1.627648e+00 2.863666e+00 2.452407e-01 3.007563e-01 3.054425e-01 3.290792e-01 3.112670e-01 4.009827e-01 4.111155e-01 4.173812e-01 2.776341e-01 3.977926e-01 3.562701e-01 2.878082e-01 2.547578e-01
<GCONST> 1.188916e+02
<STATE> 4
<MEAN> 39
 -1.052199e+01 -5.452885e+00 -2.328698e+00 4.998799e+00 -1.581384e+01 1.467208e+01 -9.629913e+00 -1.707313e+00 6.190677e+00 -8.551042e+00 1.350981e-01 -2.226401e+00 4.120903e+01 -1.422683e-01 -4.654685e-02 -3.993732e-02 2.188270e-02 -2.235086e-02 -2.877164e-02 4.984096e-02 2.814366e-03 -3.983423e-02 -7.279241e-03 4.181736e-02 2.165869e-02 -9.719699e-02 2.458634e-02 7.714252e-03 1.686128e-02 -1.400037e-02 -2.223160e-02 -2.942988e-02 -4.665513e-02 -2.303817e-02 -2.231461e-02 -1.449873e-02 2.191308e-02 1.429476e-02 2.123310e-02
<VARIANCE> 39
 1.749661e+01 1.301185e+01 1.325876e+01 1.169063e+01 1.519093e+01 1.411596e+01 1.460832e+01 1.524157e+01 1.883776e+01 1.686007e+01 1.521269e+01 2.116329e+01 1.163745e+01 2.677246e-01 5.879065e-01 5.738984e-01 7.231230e-01 1.108355e+00 9.987299e-01 1.401768e+00 1.370844e+00 1.514693e+00 1.477609e+00 1.355275e+00 1.251373e+00 1.746580e-01 3.093474e-02 9.844983e-02 1.014380e-01 1.488941e-01 2.371535e-01 2.133955e-01 2.886388e-01 2.688385e-01 3.131780e-01 3.030689e-01 2.857429e-01 2.675461e-01 2.817847e-02
<GCONST> 8.050496e+01
<TRANSP> 5
 0.000000e+00 1.000000e+00 0.000000e+00 0.000000e+00 0.000000e+00
 0.000000e+00 8.783277e-01 1.216722e-01 0.000000e+00 0.000000e+00
 0.000000e+00 0.000000e+00 9.122402e-01 8.775976e-02 0.000000e+00
 0.000000e+00 0.000000e+00 0.000000e+00 9.223930e-01 7.760698e-02
 0.000000e+00 0.000000e+00 0.000000e+00 0.000000e+00 0.000000e+00
<ENDHMM>
~h "eh"
<BEGINHMM>
<NUMSTATES> 5
<STATE> 2
<MEAN> 39
 -1.089380e+01 -5.733047e+00 -3.678739e+00 3.533601e+00 -1.876756e+01 1.198444e+01 -1.205039e+01 -1.526863e+00 7.365146e+00 -8.774504e+00 3.052989e+00 9.436409e-03 4.063378e+01 4.668223e-02 -2.052806e-01 -2.180217e-01 -6.409719e-02 -3.068231e-02 -1.279562e-01 -8.423744e-02 1.830992e-01 5.099041e-02 -2.007799e-02 -1.119792e-02 -2.522712e-01 9.311903e-02 2.320953e-02 -4.667406e-03 2.314751e-02 6.951766e-03 5.581976e-02 1.209863e-01 4.759762e-02 4.048406e-03 -8.139304e-02 -2.897945e-02 1.506381e-02 -1.297308e-02 1.786565e-02
<VARIANCE> 39
 1.912345e+01 1.485457e+01 2.827471e+01 1.559773e+01 1.945948e+01 2.424088e+01 1.366647e+01 1.606861e+01 1.680636e+01 2.642139e+01 1.494155e+01 1.056192e+01 1.584947e+01 2.699925e-01 4.192819e-01 7.726712e-01 1.165617e+00 1.412349e+00 1.349835e+00 1.279707e+00 1.755905e+00 1.591489e+00 2.433747e+00 1.373259e+00 6.219045e-01 1.506356e-01 4.995602e-02 8.368634e-02 1.103358e-01 2.182284e-01 2.389298e-01 2.952202e-01 2.400137e-01 3.316145e-01 3.098539e-01 4.234698e-01 2.426130e-01 1.078027e-01 2.323074e-02
<GCONST> 8.353609e+01
<STATE> 3
<MEAN> 39
 5.796926e+00 -6.061272e+00 2.526050e+00 -1.331530e+00 -2.057246e+01 1.045697e+01 -2.131000e+01 -4.495365e+00 6.420954e-02 -1.164779e+01 6.153754e+00 -3.001055e+00 5.581781e+01 1.720455e-01 1.870061e-01 1.202744e-01 -4.791497e-02 1.745532e-02 8.177522e-02 -6.885426e-02 -1.077292e-01 -1.851916e-01 -1.136680e-01 4.957686e-02 2.572431e-02 8.193246e-02 -2.765663e-02 -3.330067e-02 2.142518e-02 1.872398e-02 3.608428e-02 7.059976e-02 4.133466e-02 1.208683e-02 2.301169e-02 1.566073e-02 2.034906e-02 1.461892e-02 -2.998023e-03
<VARIANCE> 39
 8.529041e+01 4.640315e+01 4.468565e+01 6.037741e+01 2.754204e+01 4.599551e+01 4.888574e+01 7.588601e+01 4.892079e+01 3.823309e+01 3.101783e+01 2.767339e+01 8.116492e+01 2.165021e+00 1.868907e+00 2.176014e+00 2.770472e+00 2.041221e+00 2.343658e+00 2.190901e+00 1.865248e+00 1.739799e+00 2.250599e+00 1.308596e+00 1.568425e+00 1.440655e+00 2.251885e-01 3.168161e-01 3.700267e-01 3.035425e-01 3.436368e-01 4.335548e-01 3.928153e-01 3.293494e-01 2.694448e-01 3.959092e-01 2.385676e-01 3.269966e-01 1.314331e-01
<GCONST> 1.149319e+02
<STATE> 4
<MEAN> 39
 -1.154025e+01 -5.146128e+00 -1.435354e+00 4.958648e+00 -1.665052e+01 1.593751e+01 -1.219539e+01 -3.201681e+00 6.740427e+00 -1.015227e+01 2.368899e+00 3.876477e-01 4.025137e+01 -1.930578e-01 -2.515568e-01 5.358359e-03 -1.170118e-01 -5.445018e-02 3.477561e-01 2.927428e-01 2.657955e-01 -6.966768e-02 -1.821135e-03 4.641740e-02 2.671973e-02 -5.444754e-02 9.466612e-02 -3.895450e-02 3.561832e-02 2.890218e-02 -3.182026e-02 -3.416888e-02 -9.722652e-02 -1.893472e-01 1.010467e-01 8.782475e-02 1.931147e-02 6.426144e-02 8.382922e-02
<VARIANCE> 39
 3.021239e+01 1.291506e+01 4.133519e+01 9.186238e+00 1.311383e+01 2.083455e+01 1.708301e+01 1.677242e+01 1.298474e+01 1.853440e+01 2.060644e+01 1.321294e+01 2.161481e+01 3.160983e-01 4.625260e-01 7.772199e-01 7.490929e-01 1.494419e+00 1.407252e+00 1.206852e+00 1.614276e+00 1.882558e+00 1.666893e+00 1.034180e+00 8.442268e-01 1.850578e-01 5.830762e-02 1.136686e-01 2.075064e-01 1.232048e-01 1.955060e-01 2.230477e-01 3.250798e-01 3.237060e-01 3.860232e-01 3.824703e-01 2.320476e-01 1.572998e-01 9.453920e-02
<GCONST> 8.563309e+01
<TRANSP> 5
 0.000000e+00 1.000000e+00 0.000000e+00 0.000000e+00 0.000000e+00
 0.000000e+00 7.932981e-01 2.067018e-01 0.000000e+00 0.000000e+00
 0.000000e+00 0.000000e+00 8.861693e-01 1.138306e-01 0.000000e+00
 0.000000e+00 0.000000e+00 0.000000e+00 7.006925e-01 2.993075e-01
 0.000000e+00 0.000000e+00 0.000000e+00 0.000000e+00 0.000000e+00
<ENDHMM>
~h "ih"
<BEGINHMM>
<NUMSTATES> 5
<STATE> 2
<MEAN> 39
 -1.152113e+01 -5.114534e+00 -1.006538e+00 4.648954e+00 -1.727956e+01 1.303460e+01 -1.107390e+01 -2.811012e+00 5.517229e+00 -9.292915e+00 5.917727e-01 -8.711115e-01 4.043771e+01 2.337968e-01 6.586775e-02 -6.477115e-02 -9.113611e-02 -1.664696e-01 -2.894456e-01 -1.639246e-01 1.369555e-02 -1.038760e-01 -4.565898e-02 -1.384871e-02 -1.008672e-01 1.192526e-01 8.569784e-02 1.837856e-02 2.565183e-02 -7.491940e-02 -4.875649e-02 3.999382e-02 1.225323e-02 3.277969e-03 4.997697e-02 9.147606e-04 -1.869001e-02 -1.081805e-03 7.742017e-02
<VARIANCE> 39
 3.336703e+01 1.125219e+01 2.063728e+01 7.634322e+00 1.444853e+01 3.165776e+01 2.076428e+01 1.647695e+01 1.102367e+01 1.693399e+01 1.266014e+01 1.163622e+01 2.218815e+01 7.302645e-01 5.070453e-01 4.148872e-01 5.371562e-01 1.103305e+00 1.659490e+00 1.319180e+00 1.542968e+00 1.099898e+00 1.071365e+00 1.156231e+00 9.485206e-01 2.896455e-01 5.854733e-02 7.533492e-02 1.160694e-01 1.743538e-01 2.243955e-01 2.767708e-01 2.077961e-01 3.076452e-01 2.118685e-01 3.036197e-01 3.228639e-01 2.242760e-01 3.174252e-02
<GCONST> 8.211342e+01
<STATE> 3
<MEAN> 39
 7.917688e+00 -7.065403e+00 6.935310e+00 1.999323e-01 -2.370513e+01 8.616577e+00 -1.980355e+01 -1.108064e+00 1.774199e+00 -1.106192e+01 2.297276e+00 -6.270009e+00 5.879153e+01 1.594954e-01 2.370710e-02 9.267598e-02 5.358390e-03 5.879680e-02 1.100854e-01 5.835123e-03 7.721929e-02 -1.505749e-02 -7.860585e-02 -2.231800e-02 -2.195842e-02 1.308274e-01 -2.618982e-02 1.750625e-03 2.928221e-03 1.046967e-02 2.033493e-02 3.446792e-02 1.144527e-02 -4.090805e-02 -4.522296e-03 -1.635730e-02 -2.206097e-02 9.478355e-03 -1.970116e-02
<VARIANCE> 39
 4.867154e+01 5.206819e+01 6.123270e+01 3.270760e+01 5.166936e+01 4.062399e+01 3.842717e+01 7.771374e+01 2.523949e+01 4.937215e+01 1.879485e+01 2.597978e+01 5.621540e+01 9.542206e-01 1.666184e+00 1.650347e+00 1.731119e+00 2.089381e+00 1.829460e+00 1.722226e+00 2.486214e+00 1.484330e+00 2.114274e+00 1.496588e+00 1.195821e+00 1.030527e+00 1.221216e-01 2.671191e-01 2.138142e-01 2.483438e-01 3.196496e-01 3.578870e-01 2.993653e-01 3.726819e-01 2.686393e-01 3.600036e-01 2.852506e-01 2.206732e-01 1.000852e-01
<GCONST> 1.080577e+02
<STATE> 4
<MEAN> 39
 -1.168181e+01 -5.398583e+00 -1.018219e+00 5.359710e+00 -1.562973e+01 1.504256e+01 -9.216641e+00 -8.579503e-01 7.157279e+00 -9.545012e+00 -8.133599e-01 -2.433739e-01 4.063176e+01 -1.348772e-01 -1.710534e-02 -6.797063e-02 -1.011691e-02 -1.380034e-02 -4.070595e-02 3.048269e-02 -5.040544e-02 -5.031795e-03 3.828353e-02 -4.808808e-03 9.458834e-04 -1.069244e-01 1.778786e-02 -3.573835e-04 1.120663e-02 -7.959413e-03 -1.815545e-02 -1.414742e-02 -2.892782e-02 -1.988823e-02 -5.980215e-03 3.673088e-03 1.725210e-02 1.435835e-02 1.720321e-02
<VARIANCE> 39
 2.972737e+01 5.153446e+00 1.051894e+01 7.500618e+00 1.332569e+01 1.515002e+01 1.465572e+01 1.706261e+01 1.524336e+01 1.455709e+01 1.174616e+01 1.587486e+01 1.566267e+01 2.518751e-01 2.936584e-01 4.496808e-01 6.434487e-01 7.712811e-01 1.011599e+00 9.878250e-01 1.161997e+00 1.231541e+00 1.268839e+00 1.129742e+00 1.085176e+00 1.259445e-01 2.588892e-02 5.343633e-02 9.010558e-02 1.075362e-01 1.534761e-01 2.122947e-01 1.906925e-01 2.372529e-01 2.503051e-01 2.783989e-01 2.264438e-01 2.089622e-01 1.681494e-02
<GCONST> 7.237215e+01
<TRANSP> 5
 0.000000e+00 1.000000e+00 0.000000e+00 0.000000e+00 0.000000e+00
 0.000000e+00 6.344088e-01 3.655912e-01 0.000000e+00 0.000000e+00
 0.000000e+00 0.000000e+00 9.293597e-01 7.064026e-02 0.000000e+00
 0.000000e+00 0.000000e+00 0.000000e+00 9.507883e-01 4.921176e-02
 0.000000e+00 0.000000e+00 0.000000e+00 0.000000e+00 0.000000e+00
<ENDHMM>
~h "uh"
<BEGINHMM>
<NUMSTATES> 5
<STATE> 2
<MEAN> 39
 -1.140383e+01 -6.497597e+00 -1.192253e+00 4.466498e+00 -1.782320e+01 1.373714e+01 -1.241532e+01 -3.755163e+00 5.992141e+00 -9.150285e+00 2.371013e+00 -8.994662e-01 4.099244e+01 -1.649245e-02 -1.553473e-01 -4.556974e-02 -1.478784e-01 -1.950977e-01 -9.047236e-02 3.054211e-02 1.102697e-01 -1.753200e-01 -1.770132e-01 -6.103110e-02 8.612597e-03 3.165782e-02 7.550953e-02 1.167702e-02 -7.128786e-02 -2.620460e-02 1.012212e-02 7.170403e-02 1.041952e-01 6.664607e-02 3.427856e-02 8.504628e-02 2.631539e-02 4.805634e-02 5.331234e-02
<VARIANCE> 39
 1.402123e+01 2.380092e+01 2.796788e+01 1.095826e+01 1.654622e+01 2.510146e+01 1.795308e+01 1.796618e+01 2.294377e+01 2.673896e+01 2.325967e+01 2.231798e+01 1.386820e+01 3.305265e-01 5.211473e-01 8.294128e-01 8.017799e-01 1.481291e+00 1.216662e+00 1.528399e+00 1.377081e+00 1.561471e+00 1.822649e+00 1.629257e+00 1.210638e+00 1.521036e-01 4.048189e-02 9.231234e-02 1.253293e-01 1.224838e-01 2.536131e-01 2.154552e-01 3.105406e-01 3.281849e-01 2.863526e-01 3.820822e-01 3.291306e-01 2.162282e-01 2.504640e-02
<GCONST> 8.582829e+01
<STATE> 3
<MEAN> 39
 3.663908e+00 -7.957172e+00 8.246737e-01 -1.080976e+00 -2.175340e+01 9.862840e+00 -1.953069e+01 -2.777468e+00 2.786277e+00 -8.235207e+00 8.304314e+00 -1.795433e+00 5.436385e+01 1.853873e-01 2.698987e-01 6.107987e-02 -9.847881e-03 1.271100e-02 -2.887991e-02 2.761281e-02 -1.612719e-02 1.669888e-02 8.870839e-02 4.070690e-02 1.289286e-01 5.995333e-02 -5.188500e-02 1.905948e-02 1.454003e-03 3.358367e-02 3.988763e-02 4.841401e-02 6.261954e-02 1.031071e-02 2.799738e-02 1.524239e-02 -7.825398e-03 -1.892122e-02 -4.914027e-02
<VARIANCE> 39
 7.770433e+01 6.506692e+01 9.144039e+01 4.721317e+01 2.948556e+01 3.556925e+01 4.855746e+01 3.598088e+01 5.931309e+01 2.932213e+01 2.638032e+01 2.644630e+01 6.576578e+01 2.841000e+00 2.892873e+00 1.858034e+00 2.717253e+00 2.208866e+00 2.579108e+00 3.143779e+00 1.760334e+00 2.222167e+00 1.726523e+00 1.571351e+00 1.718374e+00 2.489262e+00 3.010992e-01 5.232590e-01 2.814376e-01 3.930538e-01 3.709002e-01 4.248508e-01 5.102564e-01 3.161026e-01 3.878977e-01 3.325729e-01 2.799171e-01 3.201066e-01 2.208687e-01
<GCONST> 1.179258e+02
<STATE> 4
<MEAN> 39
 -1.179213e+01 -5.325703e+00 -1.389217e+00 4.213986e+00 -1.716212e+01 1.623401e+01 -9.752297e+00 -2.655466e+00 7.274813e+00 -8.875318e+00 1.858306e+00 7.829229e-01 4.027193e+01 -1.271560e-01 -6.270191e-02 -8.860196e-02 -3.876579e-02 -2.629863e-02 2.841926e-03 1.216132e-01 1.035788e-01 2.057743e-02 1.351807e-02 -8.459313e-03 -7.799146e-02 -8.702631e-02 4.152064e-02 -3.010082e-03 1.982576e-02 -7.468258e-03 -3.291645e-02 -3.961270e-02 -7.743054e-02 -2.095840e-02 -3.451064e-03 -1.361441e-02 1.316350e-02 1.360876e-03 3.789202e-02
<VARIANCE> 39
 1.530711e+01 7.069614e+00 1.707851e+01 1.078321e+01 1.160447e+01 1.765228e+01 1.534025e+01 1.329044e+01 1.999442e+01 1.939056e+01 1.782417e+01 1.596665e+01 8.296685e+00 2.910301e-01 3.671561e-01 5.589687e-01 5.710695e-01 7.368249e-01 8.965698e-01 1.296971e+00 1.239220e+00 1.334615e+00 1.510424e+00 1.129945e+00 1.073359e+00 1.807042e-01 3.705514e-02 5.610190e-02 1.058582e-01 1.252935e-01 1.431108e-01 1.741557e-01 2.682220e-01 2.641420e-01 2.763733e-01 2.941265e-01 2.201959e-01 2.038784e-01 2.048228e-02
<GCONST> 7.546967e+01
<TRANSP> 5
 0.000000e+00 1.000000e+00 0.000000e+00 0.000000e+00 0.000000e+00
 0.000000e+00 6.720075e-01 3.279925e-01 0.000000e+00 0.000000e+00
 0.000000e+00 0.000000e+00 8.874024e-01 1.125977e-01 0.000000e+00
 0.000000e+00 0.000000e+00 0.000000e+00 9.060198e-01 9.398019e-02
 0.000000e+00 0.000000e+00 0.000000e+00 0.000000e+00 0.000000e+00
<ENDHMM>
~h "uw"
<BEGINHMM>
<NUMSTATES> 5
<STATE> 2
<MEAN> 39
 -4.376931e+00 -4.452608e+00 -5.044525e+00 5.794772e-01 -1.805735e+01 1.136965e+01 -1.383263e+01 -3.697602e+00 2.596371e+00 -1.160446e+01 -1.502300e+00 -6.203372e+00 4.510450e+01 2.072834e-02 2.600794e-01 1.033329e-01 8.093674e-02 -1.909027e-01 5.214508e-02 -5.512555e-02 -2.838903e-01 -4.973538e-01 -6.884254e-01 -2.732594e-02 -1.770129e-01 -1.278418e-01 4.789048e-02 1.396305e-01 1.999980e-01 2.914325e-02 -1.005915e-01 1.926995e-02 2.135228e-01 1.725964e-01 7.569748e-02 2.341721e-01 1.109121e-01 2.172811e-02 2.425737e-02
<VARIANCE> 39
 7.041139e+01 1.365853e+01 1.054224e+01 2.086461e+01 2.674095e+01 1.823687e+01 3.633391e+01 2.391622e+01 2.421327e+01 3.405164e+01 1.331335e+01 1.568927e+01 5.861367e+01 4.351487e-01 5.670860e-01 8.233130e-01 1.328283e+00 1.303237e+00 1.064011e+00 1.371215e+00 2.118285e+00 2.191078e+00 2.035192e+00 1.042144e+00 1.492413e+00 2.481407e-01 6.738036e-02 1.045812e-01 9.499075e-02 2.512030e-01 3.217177e-01 1.974541e-01 3.372481e-01 2.773557e-01 2.982735e-01 4.363491e-01 2.293507e-01 2.123770e-01 1.799386e-02
<GCONST> 9.075500e+01
<STATE> 3
<MEAN> 39
 9.366189e+00 -4.442249e+00 -5.932238e-01 -5.642062e+00 -1.988704e+01 1.274362e+01 -1.838739e+01 -5.238926e-01 1.170556e+00 -9.841300e+00 4.345693e+00 -7.131940e+00 5.780351e+01 -1.749538e-02 6.798902e-03 -9.190951e-03 1.026843e-01 -4.088617e-02 7.044637e-04 6.868257e-02 1.506471e-01 2.783881e-01 2.428274e-01 9.490392e-02 4.529728e-03 -2.180876e-02 -5.895784e-02 -7.426865e-02 -3.612978e-02 4.150455e-02 1.060058e-01 3.542609e-02 3.805014e-02 2.350560e-02 8.039539e-02 8.667123e-02 1.689946e-02 5.633289e-02 -2.845667e-02
<VARIANCE> 39
 4.221295e+01 4.608261e+01 3.607627e+01 6.892124e+01 1.241416e+01 1.693694e+01 1.786909e+01 4.896887e+01 4.680153e+01 4.155318e+01 4.614579e+01 4.105939e+01 5.325245e+01 1.112682e+00 1.744052e+00 1.035645e+00 2.024947e+00 1.071452e+00 1.153108e+00 1.779895e+00 1.246601e+00 2.074688e+00 2.844493e+00 1.970349e+00 1.507687e+00 1.317968e+00 7.585421e-02 2.469672e-01 1.222100e-01 2.586523e-01 1.814789e-01 2.482023e-01 2.879809e-01 2.195570e-01 3.479590e-01 4.461635e-01 3.123222e-01 2.461693e-01 1.184962e-01
<GCONST> 1.039845e+02
<STATE> 4
<MEAN> 39
 -7.374741e+00 -5.382461e+00 -4.678811e+00 3.669626e+00 -1.650685e+01 1.512758e+01 -9.997871e+00 -1.741223e+00 6.415813e+00 -7.470433e+00 4.374294e-01 -4.835898e+00 4.285799e+01 -3.100268e-01 -3.283345e-02 3.486149e-02 5.649183e-02 5.526157e-02 5.698153e-02 1.008491e-01 -1.223899e-01 -4.065927e-02 1.753225e-01 1.402394e-01 1.728143e-01 -2.345683e-01 3.614888e-02 2.051575e-02 2.577739e-02 -5.246299e-02 -4.939729e-02 -4.248925e-02 -4.188428e-02 -2.830090e-02 -6.082912e-02 -4.387797e-02 -6.462031e-03 -1.003398e-02 2.988042e-02
<VARIANCE> 39
 2.967587e+01 7.337897e+00 6.986011e+00 8.229120e+00 2.274697e+01 1.652047e+01 1.534777e+01 2.325643e+01 1.902890e+01 1.617263e+01 8.702129e+00 1.507583e+01 2.135482e+01 3.934441e-01 4.338931e-01 5.528035e-01 6.123928e-01 1.194754e+00 1.280240e+00 1.497754e+00 1.607409e+00 1.460553e+00 2.052975e+00 1.028116e+00 1.691411e+00 1.787863e-01 2.975369e-02 7.778817e-02 1.049255e-01 1.266783e-01 2.195583e-01 2.696338e-01 2.887937e-01 2.792975e-01 2.936277e-01 4.462454e-01 1.680053e-01 3.047105e-01 1.711153e-02
<GCONST> 8.016251e+01
<TRANSP> 5
 0.000000e+00 1.000000e+00 0.000000e+00 0.000000e+00 0.000000e+00
 0.000000e+00 6.931642e-01 3.068357e-01 0.000000e+00 0.000000e+00
 0.000000e+00 0.000000e+00 8.993266e-01 1.006734e-01 0.000000e+00
 0.000000e+00 0.000000e+00 0.000000e+00 9.156178e-01 8.438218e-02
 0.000000e+00 0.000000e+00 0.000000e+00 0.000000e+00 0.000000e+00
<ENDHMM>
~h "sil"
<BEGINHMM>
<NUMSTATES> 5
<STATE> 2
<MEAN> 39
 -9.809707e+00 -4.093219e+00 -2.048661e+00 3.390528e+00 -1.885254e+01 1.111719e+01 -1.235134e+01 -4.212923e+00 4.581465e+00 -8.456903e+00 1.550110e+00 -1.582598e+00 4.126920e+01 -6.776975e-02 -3.091839e-02 -1.616530e-02 2.157771e-02 -1.814767e-02 -7.623981e-02 -6.380396e-02 5.310601e-02 4.215326e-02 -2.349201e-02 -1.788388e-02 4.732396e-03 -4.130123e-02 3.865885e-02 9.357875e-03 3.260604e-03 3.892232e-03 1.498098e-02 2.487422e-02 1.746674e-02 4.642445e-02 3.708793e-02 2.749785e-02 1.097944e-02 7.921731e-03 2.516039e-02
<VARIANCE> 39
 1.277023e+01 9.771370e+00 1.273417e+01 9.918751e+00 1.626161e+01 2.232630e+01 1.917053e+01 2.123128e+01 1.663926e+01 2.101416e+01 1.772035e+01 1.537618e+01 5.736213e+00 2.507063e-01 3.491179e-01 6.066229e-01 7.873759e-01 9.312623e-01 1.137935e+00 1.336587e+00 1.507607e+00 1.170846e+00 1.367348e+00 1.539672e+00 1.088655e+00 9.238139e-02 3.726924e-02 6.228809e-02 1.161440e-01 1.695370e-01 1.839180e-01 2.170458e-01 2.548161e-01 2.983758e-01 2.322398e-01 2.705815e-01 2.904062e-01 2.076985e-01 1.511467e-02
<GCONST> 7.708829e+01
<STATE> 3
<MEAN> 39
 6.680418e+00 -7.215772e+00 2.310336e+00 -2.859124e+00 -2.053525e+01 1.140129e+01 -2.005097e+01 -1.901901e+00 2.687007e+00 -1.025577e+01 3.722648e+00 -4.937775e+00 5.731836e+01 1.684359e-01 3.839865e-02 4.587047e-02 3.084186e-02 9.056178e-02 6.814477e-02 -2.734959e-02 4.953820e-02 -5.240837e-03 -1.646372e-02 -5.333320e-02 -7.670251e-02 1.246710e-01 -4.553599e-02 -1.597207e-02 -2.557320e-02 1.115006e-02 2.687229e-02 3.390296e-02 5.571591e-02 6.768814e-03 1.607796e-02 6.989523e-03 -2.005121e-02 -1.209074e-02 -3.508571e-02
<VARIANCE> 39
 6.349862e+01 6.998499e+01 5.810446e+01 6.252182e+01 3.920802e+01 3.356498e+01 4.096028e+01 5.918210e+01 5.940345e+01 4.080163e+01 4.268871e+01 3.132817e+01 7.722792e+01 1.900789e+00 1.819059e+00 1.537834e+00 2.130681e+00 1.763904e+00 2.087126e+00 2.182799e+00 2.307275e+00 1.866451e+00 2.201777e+00 1.765028e+00 1.647214e+00 2.060073e+00 2.061135e-01 2.454489e-01 2.067496e-01 2.667651e-01 2.684779e-01 3.627575e-01 3.059895e-01 3.811470e-01 2.893355e-01 3.521680e-01 2.895415e-01 3.012006e-01 1.935175e-01
<GCONST> 1.144138e+02
<STATE> 4
<MEAN> 39
 -1.138651e+01 -5.218629e+00 -2.514286e+00 4.780817e+00 -1.617444e+01 1.395093e+01 -9.683388e+00 -9.388744e-01 6.198560e+00 -8.625824e+00 1.340420e+00 -1.768183e+00 4.037685e+01 -8.721709e-02 -7.165526e-03 -1.660704e-02 -4.883948e-03 -3.229789e-02 -2.368694e-02 4.875959e-02 1.479241e-02 -6.572781e-04 1.413269e-02 -1.074267e-02 1.255584e-02 -6.895559e-02 1.190784e-02 -3.220939e-03 -2.243150e-03 -1.740465e-02 -2.233448e-02 -1.904898e-02 -2.166036e-02 -1.258249e-02 -7.472516e-03 -3.132968e-03 6.436529e-03 1.567357e-03 1.132827e-02
<VARIANCE> 39
 1.238505e+01 6.335094e+00 1.187293e+01 9.236271e+00 1.368687e+01 9.936205e+00 1.190456e+01 1.197060e+01 1.343791e+01 1.455443e+01 1.410329e+01 1.716924e+01 6.974685e+00 1.871151e-01 3.050835e-01 4.980492e-01 6.690791e-01 9.148421e-01 8.390166e-01 9.734210e-01 1.094363e+00 1.312587e+00 1.289048e+00 1.183374e+00 1.206816e+00 1.021600e-01 2.245144e-02 4.912707e-02 8.413533e-02 1.347701e-01 1.813193e-01 1.688992e-01 1.935511e-01 2.152849e-01 2.617648e-01 2.582821e-01 2.427925e-01 2.560989e-01 9.735362e-03
<GCONST> 6.969768e+01
<TRANSP> 5
 0.000000e+00 1.000000e+00 0.000000e+00 0.000000e+00 0.000000e+00
 0.000000e+00 8.673885e-01 1.326115e-01 0.000000e+00 0.000000e+00
 0.000000e+00 0.000000e+00 8.982458e-01 1.017542e-01 0.000000e+00
 0.000000e+00 0.000000e+00 0.000000e+00 9.604140e-01 3.958603e-02
 0.000000e+00 0.000000e+00 0.000000e+00 0.000000e+00 0.000000e+00
<ENDHMM>
