~o
<STREAMINFO> 1 39
<VECSIZE> 39<NULLD><MFCC_D_A_0><DIAGC>
~h "d"
<BEGINHMM>
<NUMSTATES> 5
<STATE> 2
<MEAN> 39
 -2.491400e+00 -7.157101e+00 2.392416e+00 -4.572495e+00 -1.172645e+01 -5.826747e-01 -1.478714e+01 -7.220053e+00 -3.004842e+00 -6.322056e+00 2.211155e+00 3.811481e-01 4.007762e+01 6.615113e-02 -8.221583e-03 -4.646920e-02 -5.797441e-02 1.415210e-01 -6.331511e-02 -5.140343e-02 -7.461565e-02 -3.343704e-01 -3.497781e-01 -8.221798e-02 2.168494e-01 7.735471e-02 -2.078265e-02 6.828893e-02 9.063882e-02 1.204617e-01 1.219852e-01 1.455972e-01 1.593699e-01 5.977606e-02 -6.922340e-02 -1.052366e-01 -8.523010e-02 -5.751902e-02 -4.134057e-02
<VARIANCE> 39
 2.335272e+01 1.168010e+01 1.310442e+01 1.446595e+01 9.836363e+00 3.760921e+01 1.765262e+01 4.742820e+01 5.260476e+01 1.906465e+01 1.115913e+01 1.934460e+01 2.998495e+01 1.653714e-01 9.505495e-02 6.106184e-01 1.154416e+00 1.570005e+00 2.179080e+00 1.829635e+00 3.051473e+00 3.551286e+00 1.242559e+00 1.675421e+00 2.835866e+00 3.143609e-02 2.606092e-02 4.637637e-02 1.584416e-01 1.616261e-01 2.164141e-01 2.779114e-01 1.213047e-01 3.006315e-01 5.969903e-01 2.615475e-01 2.939132e-01 4.596023e-01 1.479158e-02
<GCONST> 8.431223e+01
<STATE> 3
<MEAN> 39
 8.737320e+00 -1.128400e+01 2.670510e+00 -9.946703e+00 -1.188599e+01 4.989409e+00 -1.591369e+01 1.218467e+00 8.273409e+00 -5.045357e+00 2.434740e+00 -2.341042e+00 5.311021e+01 -7.694681e-01 1.002151e+00 9.817095e-01 7.316763e-01 1.244153e-01 2.914654e-01 5.290866e-01 -5.750268e-01 -1.049814e+00 -6.142301e-01 2.491388e-01 1.548915e-01 -1.073012e+00 -1.756034e-01 1.954993e-01 9.585404e-02 3.248855e-01 -2.730087e-02 -8.020710e-02 3.011347e-01 7.063843e-02 4.655721e-02 1.173824e-01 8.937132e-02 -1.493776e-02 -3.276385e-01
<VARIANCE> 39
 7.509135e+01 2.084206e+01 2.491854e+01 2.537052e+01 1.950640e+01 1.355594e+01 1.974450e+01 2.563264e+01 3.723538e+01 1.128249e+01 1.526084e+01 6.582975e+00 8.626973e+01 7.192868e-01 8.804607e-01 7.794502e-01 1.833841e+00 1.179502e+00 2.188829e+00 1.253513e+00 5.135962e-01 2.604181e+00 1.101424e+00 1.334002e+00 1.549996e-01 1.439246e+00 5.827497e-02 1.493568e-01 2.485082e-01 1.581869e-01 3.042864e-01 3.613845e-01 3.185944e-01 3.400268e-01 8.117007e-01 6.265561e-02 4.761661e-01 6.179531e-02 7.737477e-02
<GCONST> 9.117019e+01
<STATE> 4
<MEAN> 39
 -2.920269e+00 -8.068646e+00 3.760516e+00 -1.733738e+00 -7.151938e+00 6.649623e+00 -8.018838e+00 -3.178710e+00 -3.642245e+00 -9.715479e+00 1.329797e+00 -3.359645e+00 3.952496e+01 -1.744845e-01 9.567817e-02 9.528279e-02 1.532430e-01 -2.417961e-01 2.671340e-01 7.131093e-01 6.740321e-03 -2.514786e-01 -3.037430e-02 9.630672e-02 -2.059752e-02 -2.955644e-01 1.064807e-03 -9.208801e-02 -7.842333e-02 -8.193933e-02 -1.764376e-01 -2.259018e-01 -1.088797e-01 1.370561e-01 5.024000e-01 4.017053e-01 1.106025e-01 8.325295e-02 7.092972e-02
<VARIANCE> 39
 1.690858e+01 6.979599e+00 1.441971e+01 9.310400e+00 7.994099e+00 1.229638e+01 8.646447e+00 6.117621e+00 1.083470e+01 8.940090e+00 5.914685e+00 9.193847e+00 1.294370e+01 1.588780e-01 5.623891e-01 8.969754e-01 7.149975e-01 3.605645e-01 4.655469e-01 1.425246e+00 1.621651e+00 2.202504e+00 1.644185e+00 1.720492e+00 5.482409e-01 8.171538e-01 4.066476e-03 6.978499e-02 1.320903e-01 2.275381e-01 2.100008e-01 2.241660e-01 1.479650e-01 2.498914e-01 4.558423e-01 2.900051e-01 3.142149e-01 2.086836e-01 8.673209e-03
<GCONST> 7.073308e+01
<TRANSP> 5
 0.000000e+00 1.000000e+00 0.000000e+00 0.000000e+00 0.000000e+00
 0.000000e+00 7.894685e-01 2.105315e-01 0.000000e+00 0.000000e+00
 0.000000e+00 0.000000e+00 5.555573e-01 4.444428e-01 0.000000e+00
 0.000000e+00 0.000000e+00 0.000000e+00 6.666989e-01 3.333011e-01
 0.000000e+00 0.000000e+00 0.000000e+00 0.000000e+00 0.000000e+00
<ENDHMM>
~h "s"
<BEGINHMM>
<NUMSTATES> 5
<STATE> 2
<MEAN> 39
 -5.268852e+00 -9.933599e+00 5.621468e+00 3.478572e-01 -6.218413e+00 7.923128e+00 -9.396803e+00 -2.442808e+00 2.631132e+00 -3.703057e+00 1.646402e+00 -4.294999e+00 3.880046e+01 1.663159e-01 1.198396e-01 3.230774e-01 3.714069e-02 -6.679275e-01 -1.137124e-01 4.494971e-01 1.385235e-01 -2.468349e-01 9.717854e-01 5.800359e-01 -2.173461e-01 6.210416e-02 2.877395e-01 1.051156e-01 -4.227861e-01 -6.091823e-01 -6.192475e-01 -5.433204e-01 -6.449872e-02 -1.585633e-02 2.171222e-01 1.940438e-01 -2.961675e-01 1.077529e-01 1.727083e-01
<VARIANCE> 39
 6.126984e+00 1.922131e+01 1.858013e+01 2.453522e+00 2.025698e+00 2.168368e+00 1.502197e+01 1.072989e+00 1.467607e+01 1.268444e+01 1.261809e+01 2.955097e+01 6.579897e+00 2.434752e-02 3.645119e-02 2.412199e-01 6.074610e-01 9.917633e-01 3.080913e+00 3.061168e-01 1.906812e-01 3.050288e-01 4.749161e-01 1.101239e+00 9.770672e-01 2.490496e-02 1.417895e-01 1.262793e-02 1.156257e-01 2.223720e-01 2.204183e-01 1.387367e-01 3.175687e-01 6.939790e-02 1.863001e-01 3.302816e-01 8.926027e-02 2.020506e-01 4.496377e-02
<GCONST> 5.414028e+01
<STATE> 3
<MEAN> 39
 -2.796020e+00 -8.800512e+00 4.691453e+00 -2.959410e+00 -1.065838e+01 5.722818e+00 -1.077742e+01 -2.869934e+00 2.892442e+00 -4.378650e+00 1.330687e+00 -4.298545e+00 4.033826e+01 3.509097e-01 2.877252e-01 -1.547578e-01 -6.976200e-01 -1.236245e+00 -1.483281e+00 -1.169911e+00 -6.399763e-01 5.090680e-01 5.725116e-02 -6.466536e-01 4.776618e-01 2.353895e-01 -2.444167e-01 -1.358999e-02 3.787364e-02 1.265162e-01 1.485301e-01 8.710079e-02 1.542220e-01 -1.783099e-01 -7.129569e-02 -3.336126e-01 -4.207895e-02 3.527173e-01 -1.462572e-01
<VARIANCE> 39
 1.449100e+01 1.655958e+01 1.660953e+01 1.924343e+01 1.421085e+01 2.283431e+01 4.531771e+01 1.618893e+01 1.055074e+01 1.254645e+01 1.019937e+01 9.612262e+00 6.607451e+00 1.694175e+00 3.010459e-01 9.054748e-01 1.804781e+00 1.999811e+00 2.966347e+00 3.026680e+00 2.578627e-01 7.819934e-01 8.392387e-01 7.905489e-01 1.979370e+00 4.922709e-01 2.240401e-01 7.878358e-02 1.427288e-01 4.160697e-01 3.389842e-01 7.512864e-01 7.849380e-01 4.348416e-02 2.405093e-01 1.740836e-01 2.370494e-01 1.439958e-01 6.673805e-02
<GCONST> 8.646893e+01
<STATE> 4
<MEAN> 39
 -5.398856e+00 -1.053701e+01 2.839492e+00 -1.892475e+00 -1.000240e+01 5.380848e+00 -8.100008e+00 -2.751738e+00 3.748903e+00 -3.846200e+00 2.141396e-01 -2.927881e+00 3.922550e+01 -6.093652e-02 2.812083e-01 -3.642736e-01 -4.126077e-01 -7.425579e-01 -8.831065e-01 3.951664e-01 -8.769034e-01 -7.565663e-01 -6.789429e-01 -1.092452e-01 5.885706e-01 -1.192649e-01 2.946865e-01 1.865204e-01 -1.151660e-01 -3.018698e-01 5.192817e-02 5.985375e-02 -1.633975e-01 -5.374162e-02 -9.519090e-02 -1.303614e-01 2.974106e-01 4.222063e-01 1.032251e-01
<VARIANCE> 39
 3.293691e+00 3.244374e+01 2.206604e+01 5.290454e+00 1.246867e+01 1.279770e+00 7.699977e+00 8.505334e+00 1.481115e+01 2.514769e+00 3.119536e+00 1.358234e+01 6.311525e+00 3.063918e-01 1.410235e-01 3.113813e-01 6.947663e-01 9.307699e-01 1.263613e+00 1.088397e+00 1.039503e-01 3.184576e-01 6.728549e-01 1.382271e+00 5.563890e-01 8.692213e-02 8.432069e-02 1.909180e-01 9.469676e-02 2.030497e-01 2.424100e-01 1.872747e-01 2.528791e-01 1.045565e-01 2.462057e-01 1.747358e-01 3.099835e-01 5.673409e-01 1.902649e-02
<GCONST> 6.267992e+01
<TRANSP> 5
 0.000000e+00 1.000000e+00 0.000000e+00 0.000000e+00 0.000000e+00
 0.000000e+00 2.010547e-01 7.989453e-01 0.000000e+00 0.000000e+00
 0.000000e+00 0.000000e+00 5.000000e-01 5.000000e-01 0.000000e+00
 0.000000e+00 0.000000e+00 0.000000e+00 4.561075e-05 9.999543e-01
 0.000000e+00 0.000000e+00 0.000000e+00 0.000000e+00 0.000000e+00
<ENDHMM>
~h "t"
<BEGINHMM>
<NUMSTATES> 5
<STATE> 2
<MEAN> 39
 -1.808261e+00 -9.916194e+00 2.290223e+00 -3.441439e+00 -9.929421e+00 3.633695e+00 -1.113553e+01 -1.858222e+00 3.709939e+00 -6.196567e+00 -1.614651e+00 -1.891509e+00 4.108599e+01 1.061852e+00 -3.860756e-01 -4.400165e-01 -4.712835e-01 -7.880831e-03 -5.546979e-01 -1.488928e+00 1.412080e+00 2.387430e+00 1.205470e+00 1.636592e-02 -4.015367e-01 1.192888e+00 -3.255595e-02 -3.702163e-01 -5.920171e-02 1.355382e-01 8.055296e-02 2.414521e-01 6.833149e-02 1.803073e-01 2.252478e-01 9.047899e-02 2.747410e-01 -1.976157e-01 1.797128e-01
<VARIANCE> 39
 4.586535e+01 1.602823e+01 5.467872e+00 1.466201e+01 2.883520e+01 2.374745e+01 7.082297e+01 8.055120e+00 3.292120e+01 1.873098e+01 1.520750e+01 1.092250e+01 2.132941e+01 3.249059e+00 1.326404e+00 9.174973e-01 5.232456e-01 6.035175e-01 5.537108e-01 1.180552e+00 9.433238e-01 2.401479e+00 1.886381e+00 3.664434e+00 4.554650e+00 2.183933e+00 3.359367e-02 2.794216e-01 4.495323e-02 1.389524e-01 2.614721e-01 7.121066e-01 1.130160e+00 2.703564e-01 4.794784e-01 2.474179e-01 2.545882e-01 4.829274e-01 3.826328e-02
<GCONST> 9.487743e+01
<STATE> 3
<MEAN> 39
 -6.497387e-01 -1.107318e+01 1.929712e+00 -2.234475e+00 -8.536570e+00 4.080016e-01 -1.306315e+01 1.689423e+00 6.484903e+00 -4.319906e+00 1.082380e+00 -3.238422e+00 4.286670e+01 9.003485e-01 -7.379321e-01 -3.825931e-01 -2.492030e-01 4.429304e-01 -3.561267e-01 -1.448174e+00 8.403090e-01 1.696173e+00 7.406489e-01 4.788789e-01 -7.919610e-01 1.251504e+00 -1.820797e-01 -2.145880e-01 1.732919e-02 1.068678e-01 -7.491850e-02 4.511462e-01 4.849659e-01 -2.786126e-01 -3.705392e-01 -3.719595e-01 5.043196e-02 5.215583e-02 -5.030536e-02
<VARIANCE> 39
 5.828861e+01 1.550364e+01 7.337840e+00 2.927901e+01 4.010727e+01 3.569173e+01 6.542519e+01 2.076264e+00 2.596693e+01 2.248582e+01 1.774047e+01 7.856907e+00 3.858319e+01 2.177616e+00 4.117121e-01 3.288553e-01 8.704815e-01 8.561658e-01 8.647072e-01 1.054003e+00 1.487269e+00 1.999201e+00 8.326011e-01 1.399207e+00 2.598674e+00 2.752464e+00 1.632987e-01 1.268306e-01 5.807137e-02 5.863240e-02 2.718646e-01 8.004346e-01 1.019663e+00 4.085818e-01 3.941926e-01 4.026575e-01 1.219024e-01 1.894468e-01 6.218508e-03
<GCONST> 8.994385e+01
<STATE> 4
<MEAN> 39
 -3.374093e+00 -1.033959e+01 3.533964e+00 -2.408741e+00 -9.064580e+00 4.657488e+00 -1.107624e+01 -7.396745e-01 5.379603e+00 -4.960244e+00 2.802096e+00 -2.127346e+00 4.084956e+01 3.749547e-01 -3.190809e-01 -7.615362e-02 4.179602e-01 3.099062e-01 3.768587e-01 3.078386e-01 1.567684e-01 2.452855e-01 9.206153e-02 5.943746e-01 1.543839e-01 5.479462e-01 -8.971367e-02 1.447220e-01 -9.344137e-02 8.214428e-02 -3.876239e-02 2.166880e-02 5.465170e-01 8.515137e-02 -4.061373e-01 3.844181e-02 -3.533031e-01 -1.859154e-01 -1.418428e-01
<VARIANCE> 39
 4.257988e+01 9.574347e+00 1.793893e+01 2.023840e+01 1.532301e+01 1.273017e+01 3.763422e+01 1.152591e+01 3.637875e+01 3.303994e+01 9.118770e+00 1.507689e+01 3.866622e+01 3.781794e-01 8.861993e-01 2.305548e-01 1.172863e+00 9.627862e-01 2.156776e+00 2.626701e+00 2.230948e+00 2.022191e+00 9.170009e-01 1.348167e+00 1.854349e+00 1.220914e+00 1.009323e-01 1.452423e-01 4.274353e-02 1.385141e-01 8.252724e-02 1.831429e-01 2.765712e-01 2.689270e-01 3.707533e-01 4.382599e-01 3.142248e-01 4.406142e-01 3.992075e-02
<GCONST> 8.927153e+01
<TRANSP> 5
 0.000000e+00 1.000000e+00 0.000000e+00 0.000000e+00 0.000000e+00
 0.000000e+00 4.073011e-06 9.999959e-01 0.000000e+00 0.000000e+00
 0.000000e+00 0.000000e+00 4.228717e-07 9.999996e-01 0.000000e+00
 0.000000e+00 0.000000e+00 0.000000e+00 4.284071e-01 5.715929e-01
 0.000000e+00 0.000000e+00 0.000000e+00 0.000000e+00 0.000000e+00
<ENDHMM>
~h "ah"
<BEGINHMM>
<NUMSTATES> 5
<STATE> 2
<MEAN> 39
 -2.995149e+00 -1.134342e+01 1.163565e+00 -5.518821e+00 -1.319007e+01 4.793816e+00 -1.008788e+01 -2.946147e+00 3.360734e+00 -5.704071e+00 1.568882e+00 -2.511130e-01 4.064872e+01 -1.349643e-01 -2.947139e-01 -1.192963e-01 2.345004e-01 5.379289e-02 -1.365827e-01 2.198828e-02 2.882811e-01 -2.382375e-01 -2.256113e-01 -1.290905e-01 -2.176563e-01 -3.345712e-02 4.147157e-02 -2.555888e-02 1.698807e-02 6.120154e-03 2.266375e-01 1.837962e-01 -7.596622e-02 -9.274900e-03 9.925451e-02 -9.028289e-02 -2.414998e-01 -1.271666e-01 5.226487e-02
<VARIANCE> 39
 2.451542e+00 1.438120e+01 1.027485e+01 1.795132e+01 1.768772e+01 1.371243e+01 3.365511e+01 1.401368e+01 2.398831e+01 1.440396e+01 1.233449e+01 1.904723e+01 2.419076e+00 2.435593e-01 8.438685e-01 5.528337e-01 1.211078e+00 1.902344e+00 2.005840e+00 1.638552e+00 9.874028e-01 1.525075e+00 9.383218e-01 1.766177e+00 2.085611e+00 8.486275e-02 1.055375e-01 1.117930e-01 7.308269e-02 2.704589e-01 2.837259e-01 3.567433e-01 4.641188e-01 1.549978e-01 2.804597e-01 2.938806e-01 3.264348e-01 2.876533e-01 4.131071e-02
<GCONST> 8.199075e+01
<STATE> 3
<MEAN> 39
 1.068665e+01 -1.084837e+01 3.774076e+00 -9.622161e+00 -1.334284e+01 4.388967e+00 -1.689349e+01 -3.953324e-01 5.584071e+00 -3.482251e+00 6.615262e+00 -4.831846e+00 5.403589e+01 5.295816e-02 -1.437807e-01 -1.131988e-01 2.955377e-02 5.163144e-02 -2.783781e-02 -1.212427e-01 -4.320724e-03 7.550289e-02 -1.370220e-01 -1.753536e-01 -3.252183e-02 6.063104e-02 1.131324e-02 -1.624026e-02 -2.361039e-02 -5.473849e-03 -4.436228e-03 1.422384e-02 9.960429e-04 2.780318e-02 6.018012e-02 2.924803e-02 3.607037e-03 2.705604e-02 1.614226e-02
<VARIANCE> 39
 5.574058e+01 2.673599e+01 3.896610e+01 3.352228e+01 1.064805e+01 1.052815e+01 4.037431e+01 4.796697e+01 5.327106e+01 1.950148e+01 3.374621e+01 2.052813e+01 6.856273e+01 1.776588e+00 1.571492e+00 2.418059e+00 1.929619e+00 1.099553e+00 1.259534e+00 2.791306e+00 1.522481e+00 1.839070e+00 1.408685e+00 1.666813e+00 2.112822e+00 1.842145e+00 2.205032e-01 2.727856e-01 4.280015e-01 3.046625e-01 1.861316e-01 2.466646e-01 4.105642e-01 1.898886e-01 2.574337e-01 2.154469e-01 2.493208e-01 4.363581e-01 2.021304e-01
<GCONST> 1.061327e+02
<STATE> 4
<MEAN> 39
 -4.092913e+00 -1.240164e+01 7.686230e-01 -5.055139e+00 -1.232562e+01 7.481266e+00 -6.712914e+00 -1.447885e+00 2.995553e+00 -7.136916e+00 -7.437822e-01 -3.425298e+00 4.017449e+01 2.518316e-01 -6.224949e-02 -1.776744e-01 -6.588554e-02 2.689349e-01 8.456179e-02 -1.336892e-01 4.443123e-01 9.693089e-01 9.160355e-02 -3.237070e-01 4.256268e-01 2.759967e-01 1.643343e-01 -3.229019e-02 -4.021550e-03 9.581843e-03 1.200287e-01 4.023513e-03 -8.817952e-02 2.286730e-01 7.614769e-02 1.530381e-01 2.913289e-01 3.789974e-02 1.813385e-01
<VARIANCE> 39
 5.532705e+00 1.245394e+01 9.312127e+00 1.373509e+01 1.901668e+01 1.797171e+01 1.621565e+01 1.898600e+01 3.625714e+01 1.545249e+01 3.978876e+01 2.866422e+01 4.346725e+00 1.744742e+00 1.060895e+00 5.514191e-01 9.416400e-01 1.308444e+00 2.760604e+00 2.774807e+00 1.524577e+00 1.670120e+00 1.541840e+00 2.819405e+00 1.522346e+00 6.754100e-01 3.979106e-02 1.219245e-01 1.304802e-01 9.018350e-02 1.470921e-01 2.236851e-01 1.149375e-01 3.218990e-01 6.040233e-01 1.682876e-01 4.700956e-01 5.715132e-01 8.550332e-02
<GCONST> 8.931747e+01
<TRANSP> 5
 0.000000e+00 1.000000e+00 0.000000e+00 0.000000e+00 0.000000e+00
 0.000000e+00 6.225375e-01 3.774625e-01 0.000000e+00 0.000000e+00
 0.000000e+00 0.000000e+00 8.688268e-01 1.311732e-01 0.000000e+00
 0.000000e+00 0.000000e+00 0.000000e+00 2.688040e-01 7.311960e-01
 0.000000e+00 0.000000e+00 0.000000e+00 0.000000e+00 0.000000e+00
<ENDHMM>
~h "uh"
<BEGINHMM>
<NUMSTATES> 5
<STATE> 2
<MEAN> 39
 -2.244451e+00 -1.420810e+01 1.563848e+00 8.408929e-01 -5.227883e+00 4.311256e+00 -1.212579e+01 -4.506452e-01 7.264289e+00 -4.887064e+00 -7.135199e-01 -2.901826e+00 4.313465e+01 3.301362e-01 -7.231408e-01 -6.912965e-01 -4.751225e-01 -8.838306e-01 -2.078285e-01 1.008575e+00 1.591080e+00 8.721918e-01 3.681207e-01 -4.439475e-02 -4.638917e-01 4.744066e-01 1.351413e-01 1.855348e-01 -7.984289e-03 -6.364396e-01 -5.766749e-01 -2.714535e-01 -4.407646e-02 2.364269e-01 -2.069865e-01 -8.927851e-03 2.740409e-01 1.354562e-01 -5.218878e-02
<VARIANCE> 39
 6.410094e+01 2.582418e+01 4.637693e+00 5.259966e+01 1.664744e+01 1.860459e+00 3.000217e+01 1.287549e+01 3.598962e+01 1.199463e+01 2.726774e+01 8.380603e+00 5.836272e+01 1.902327e-01 5.049162e-01 1.490192e-01 1.293159e+00 2.359491e+00 3.032134e+00 2.087325e+00 3.523490e+00 1.060075e+00 1.683001e+00 2.594012e+00 7.508634e-01 7.000352e-01 2.281100e-01 2.368821e-01 5.729651e-02 2.207922e-01 1.867470e-01 3.076327e-01 8.896490e-01 4.967726e-01 4.781558e-01 9.483991e-02 2.596302e-01 1.959894e-01 1.798158e-01
<GCONST> 9.165517e+01
<STATE> 3
<MEAN> 39
 1.048786e+01 -9.981280e+00 4.001651e+00 -7.830956e+00 -1.109417e+01 6.130624e+00 -1.666690e+01 3.535065e-01 8.293970e+00 -5.663070e+00 1.785321e+00 -4.387541e+00 5.325872e+01 7.306592e-02 7.121678e-02 5.667331e-03 -7.832171e-02 5.951508e-02 1.782700e-01 2.699124e-02 -8.572952e-02 -1.171533e-01 -1.336856e-03 4.946081e-03 -4.882746e-02 4.448699e-02 -3.516953e-02 -6.916740e-03 7.897917e-03 4.034415e-03 1.324481e-02 1.732428e-02 -1.874078e-02 -6.457584e-02 -1.705518e-02 -1.521747e-02 -1.645293e-02 1.166761e-02 -2.464289e-02
<VARIANCE> 39
 4.603735e+01 3.202765e+01 4.348597e+01 4.161938e+01 2.114073e+01 4.659210e+01 4.297566e+01 3.161672e+01 4.674625e+01 2.236581e+01 2.899170e+01 1.523894e+01 6.104155e+01 2.726163e+00 1.567730e+00 1.676329e+00 2.367576e+00 1.098805e+00 2.070830e+00 2.695774e+00 1.858066e+00 2.880669e+00 1.565739e+00 1.562308e+00 1.165734e+00 2.679064e+00 2.663004e-01 2.722151e-01 2.295375e-01 2.622115e-01 2.172504e-01 4.033304e-01 4.590009e-01 3.658844e-01 5.846938e-01 2.486345e-01 2.326508e-01 2.172529e-01 2.089724e-01
<GCONST> 1.099594e+02
<STATE> 4
<MEAN> 39
 1.392156e+00 -1.137315e+01 8.157400e-01 -4.824436e+00 -9.842184e+00 6.087468e+00 -1.119619e+01 5.568354e-01 5.923292e+00 -3.626175e+00 8.075507e-02 -3.815690e+00 4.570721e+01 1.132765e-02 -6.509973e-01 -4.129829e-01 -1.296306e+00 -1.007264e+00 2.241463e-01 -4.543322e-01 -4.734520e-01 -4.566339e-03 -2.282320e-01 -2.798443e-02 1.012119e-01 7.351742e-02 -2.639698e-03 8.314666e-02 1.469579e-01 -1.440482e-02 -3.315842e-02 -3.453301e-02 -5.518323e-02 -3.253330e-01 -5.271634e-01 -4.375875e-01 2.888557e-01 4.595558e-01 -7.167985e-02
<VARIANCE> 39
 6.750786e+01 1.072010e+01 1.865611e+01 3.926146e+01 1.265381e+01 4.123093e+01 1.198897e+01 2.657255e+01 2.308115e+01 5.853825e+00 1.348239e+01 2.733658e+01 9.276172e+01 4.999443e-01 1.718215e-01 1.026874e+00 1.217136e+00 9.946014e-01 1.333228e+00 4.320172e+00 5.229328e-01 1.793509e+00 1.077646e-01 2.825815e-01 1.367675e-01 1.209468e-01 5.576688e-02 1.972452e-02 5.408666e-02 7.928324e-02 2.078263e-01 2.481096e-01 3.272224e-01 4.004826e-01 3.878050e-01 2.730605e-01 4.057200e-01 4.459657e-01 1.149422e-01
<GCONST> 8.070136e+01
<TRANSP> 5
 0.000000e+00 1.000000e+00 0.000000e+00 0.000000e+00 0.000000e+00
 0.000000e+00 3.335999e-01 6.664000e-01 0.000000e+00 0.000000e+00
 0.000000e+00 0.000000e+00 9.540216e-01 4.597845e-02 0.000000e+00
 0.000000e+00 0.000000e+00 0.000000e+00 9.827624e-17 1.000000e+00
 0.000000e+00 0.000000e+00 0.000000e+00 0.000000e+00 0.000000e+00
<ENDHMM>
~h "uw"
<BEGINHMM>
<NUMSTATES> 5
<STATE> 2
<MEAN> 39
 -1.704510e+00 -2.091841e+01 -2.037157e+00 -7.008937e+00 -1.079847e+01 1.066991e+01 -8.790687e+00 5.719100e-01 1.642583e+00 -6.471087e+00 9.010582e+00 -1.464902e+00 4.513141e+01 9.596830e-02 -8.003536e-01 -1.495359e-01 -3.754562e-01 -6.249904e-01 -3.057249e-02 -8.653458e-02 4.340969e-01 8.142146e-01 3.011069e-01 4.450256e-01 2.061526e-01 3.281384e-01 2.406321e-02 4.610697e-02 3.563198e-03 -4.024529e-02 -7.490972e-02 -1.061366e-01 -1.008940e-01 -2.219659e-02 7.844131e-02 6.532631e-02 -6.324023e-04 4.319421e-02 1.070196e-02
<VARIANCE> 39
 5.599754e+00 5.850964e+01 1.616373e+01 1.652843e+01 2.283590e+01 2.206997e+01 1.600650e+01 1.512160e+01 1.965231e+01 4.549829e+00 2.644194e+01 8.825440e+00 1.045394e+01 3.471729e-01 7.131121e-01 1.455117e+00 1.149581e+00 1.847757e+00 1.808418e+00 2.626398e+00 1.536449e+00 2.527463e+00 1.018965e+00 2.579236e+00 9.929858e-01 4.995088e-01 6.136945e-02 1.811097e-01 2.111962e-01 3.328445e-01 4.355765e-01 3.187627e-01 5.637152e-01 3.343739e-01 3.940383e-01 2.037625e-01 6.109558e-01 1.801310e-01 3.379629e-02
<GCONST> 9.105981e+01
<STATE> 3
<MEAN> 39
 1.013769e+01 -1.248952e+01 2.598244e+00 -1.154833e+01 -1.457556e+01 6.115283e+00 -1.555634e+01 -1.138008e+00 5.080388e+00 -5.786479e+00 4.610794e+00 -4.435456e+00 5.454957e+01 -1.054378e-01 2.041141e-01 -2.402228e-02 -5.277904e-02 -2.706918e-02 1.866143e-02 1.694901e-01 -1.440123e-01 -1.083116e-01 6.088740e-02 -7.500810e-02 5.853034e-02 -1.580704e-01 -1.136096e-02 -4.132763e-02 -1.304823e-03 8.265536e-03 2.939336e-02 3.238484e-02 -3.427885e-03 -9.957278e-03 -7.093035e-02 -3.521533e-02 1.220255e-02 -3.074044e-03 1.227513e-02
<VARIANCE> 39
 3.901876e+01 3.812536e+01 4.314552e+01 4.879027e+01 2.223567e+01 2.567856e+01 6.577909e+01 2.908131e+01 8.747311e+01 2.160814e+01 3.569054e+01 2.078187e+01 6.363574e+01 2.182697e+00 2.502207e+00 2.472820e+00 2.972101e+00 1.571852e+00 1.934478e+00 2.845797e+00 1.566358e+00 2.659500e+00 1.994157e+00 2.066278e+00 1.439600e+00 2.624540e+00 2.556053e-01 4.601206e-01 4.478122e-01 3.718052e-01 2.176948e-01 3.533813e-01 3.942022e-01 2.949091e-01 5.188367e-01 3.612545e-01 2.728820e-01 2.003674e-01 2.459413e-01
<GCONST> 1.142336e+02
<STATE> 4
<MEAN> 39
 -5.765978e+00 -1.032952e+01 6.912172e+00 -6.733365e-02 -9.058726e+00 9.319221e+00 -7.058230e+00 -3.393611e+00 2.694247e+00 -6.427112e+00 -2.071114e+00 -4.648863e+00 3.893045e+01 -1.790551e-02 3.291066e-03 -1.858124e-02 -3.325873e-02 -3.271898e-02 -5.362290e-02 4.606830e-02 8.508062e-02 1.378579e-03 2.189277e-02 -1.105832e-03 -6.956860e-02 -2.410733e-02 8.173582e-03 -4.841579e-03 -5.515567e-03 1.303893e-02 2.489539e-02 9.339855e-03 -1.012169e-02 1.402307e-02 2.684990e-03 -4.160684e-03 -7.025885e-03 -3.498936e-02 6.035478e-03
<VARIANCE> 39
 1.570000e+00 2.168024e+00 5.912994e+00 8.966308e+00 1.034157e+01 6.811868e+00 9.673193e+00 1.322799e+01 1.373229e+01 1.015401e+01 1.185326e+01 1.193414e+01 7.611365e-01 5.224120e-02 1.862466e-01 4.060788e-01 5.142632e-01 7.156116e-01 4.537446e-01 8.224429e-01 7.832004e-01 1.388348e+00 1.192071e+00 1.121673e+00 1.152975e+00 2.302000e-02 1.078392e-02 3.919566e-02 9.645239e-02 1.170931e-01 1.436004e-01 8.046120e-02 1.521431e-01 1.428071e-01 2.976458e-01 2.413274e-01 2.205269e-01 2.604254e-01 3.568135e-03
<GCONST> 5.315343e+01
<TRANSP> 5
 0.000000e+00 1.000000e+00 0.000000e+00 0.000000e+00 0.000000e+00
 0.000000e+00 8.461468e-01 1.538532e-01 0.000000e+00 0.000000e+00
 0.000000e+00 0.000000e+00 9.485890e-01 5.141105e-02 0.000000e+00
 0.000000e+00 0.000000e+00 0.000000e+00 9.569899e-01 4.301006e-02
 0.000000e+00 0.000000e+00 0.000000e+00 0.000000e+00 0.000000e+00
<ENDHMM>
~h "sil"
<BEGINHMM>
<NUMSTATES> 5
<STATE> 2
<MEAN> 39
 -2.901141e+00 -1.703016e+01 1.172300e+00 -2.775415e+00 -1.168637e+01 6.978083e+00 -6.975050e+00 1.607989e+00 6.697663e+00 -3.606275e+00 4.439680e+00 -1.317763e+00 4.264681e+01 -7.698558e-02 -9.779185e-02 1.198932e-01 1.693969e-01 4.617363e-01 4.241835e-01 4.412718e-02 -1.033494e-01 -2.859264e-01 -3.157808e-01 -7.682844e-02 1.414927e-01 -5.642881e-03 3.658384e-02 5.529082e-02 2.277403e-02 9.520465e-03 -7.321419e-03 -6.978500e-02 -3.445897e-02 -3.418907e-02 4.078202e-04 -4.090883e-03 8.948090e-03 -3.904866e-02 6.846920e-03
<VARIANCE> 39
 3.286257e+00 1.053171e+01 5.868579e+00 1.110112e+01 2.175550e+01 2.360546e+01 1.724119e+01 1.658224e+01 1.656702e+01 1.614782e+01 3.114416e+01 1.790977e+01 3.796834e+00 1.138434e-01 1.650902e-01 6.904887e-01 6.412715e-01 1.384340e+00 1.437447e+00 1.359442e+00 1.640390e+00 1.629305e+00 1.483641e+00 2.947239e+00 2.126109e+00 3.939623e-02 3.108447e-02 5.788317e-02 1.331565e-01 2.197973e-01 2.285743e-01 2.223471e-01 3.004631e-01 3.406858e-01 2.835832e-01 2.598118e-01 6.156141e-01 3.468565e-01 9.187932e-03
<GCONST> 7.677512e+01
<STATE> 3
<MEAN> 39
 1.006030e+01 -9.865855e+00 3.137536e+00 -9.106634e+00 -1.247698e+01 5.263566e+00 -1.611841e+01 7.047721e-01 9.102139e+00 -3.676108e+00 2.588271e+00 -4.850137e+00 5.255050e+01 -1.488801e-02 1.236064e-01 8.106102e-02 3.036768e-02 2.735312e-02 2.833488e-03 -1.018867e-01 -1.826551e-01 -9.130722e-02 2.292841e-02 -4.713167e-02 -9.413367e-02 -4.590878e-02 -1.537792e-02 -8.840492e-03 2.039624e-02 4.454889e-02 4.553675e-03 -2.078192e-02 -1.572490e-02 -1.046751e-02 -1.873199e-02 -3.262832e-03 2.042667e-02 3.613162e-03 -7.828207e-03
<VARIANCE> 39
 5.487083e+01 2.673223e+01 2.955864e+01 3.898866e+01 1.670892e+01 1.702783e+01 4.138961e+01 3.058449e+01 5.052020e+01 2.059100e+01 3.289186e+01 2.043426e+01 6.237215e+01 2.130054e+00 1.523961e+00 1.875094e+00 2.617428e+00 1.513907e+00 1.578831e+00 2.557042e+00 1.351533e+00 1.928204e+00 1.564167e+00 1.482254e+00 1.347109e+00 2.068646e+00 2.104440e-01 2.777545e-01 3.077339e-01 3.514225e-01 2.599393e-01 3.223873e-01 4.049757e-01 1.768256e-01 2.787154e-01 2.664254e-01 2.935480e-01 2.573305e-01 1.938476e-01
<GCONST> 1.068012e+02
<STATE> 4
<MEAN> 39
 -6.622086e+00 -9.003085e+00 5.917735e+00 -7.021615e-01 -8.478874e+00 8.281339e+00 -6.189136e+00 -2.393137e+00 1.548749e+00 -5.275036e+00 -4.205071e-01 -4.656952e+00 3.772649e+01 -3.608849e-02 2.020274e-02 8.421400e-02 1.006587e-01 5.419168e-02 -9.141126e-02 -8.506198e-02 1.561549e-02 2.996173e-03 1.073241e-01 1.121230e-01 -6.022635e-02 -3.098088e-02 1.020441e-02 2.565555e-03 -1.517727e-02 -3.160518e-02 -4.463513e-02 -3.042651e-02 3.070833e-02 4.931502e-02 1.756633e-02 3.731654e-02 -1.762650e-02 -1.482276e-02 7.207181e-03
<VARIANCE> 39
 9.164758e-01 2.682801e+00 3.935438e+00 5.170553e+00 5.872434e+00 9.194247e+00 8.031849e+00 1.066815e+01 9.653193e+00 1.079486e+01 1.427524e+01 9.295866e+00 7.721031e-01 6.450864e-02 1.419493e-01 2.707908e-01 5.888360e-01 6.852176e-01 7.231550e-01 6.686779e-01 9.237012e-01 8.289481e-01 1.270443e+00 1.736419e+00 1.050108e+00 2.185683e-02 1.480277e-02 2.815943e-02 5.998577e-02 1.261056e-01 1.522200e-01 1.789251e-01 1.291196e-01 1.705873e-01 1.432103e-01 3.023297e-01 3.805278e-01 1.916688e-01 5.232386e-03
<GCONST> 5.132460e+01
<TRANSP> 5
 0.000000e+00 1.000000e+00 0.000000e+00 0.000000e+00 0.000000e+00
 0.000000e+00 8.335890e-01 1.664110e-01 0.000000e+00 0.000000e+00
 0.000000e+00 0.000000e+00 9.387759e-01 6.122410e-02 0.000000e+00
 0.000000e+00 0.000000e+00 0.000000e+00 9.504170e-01 4.958300e-02
 0.000000e+00 0.000000e+00 0.000000e+00 0.000000e+00 0.000000e+00
<ENDHMM>
