~o
<STREAMINFO> 1 39
<VECSIZE> 39<NULLD><MFCC_D_A_0><DIAGC>
~h "d"
<BEGINHMM>
<NUMSTATES> 5
<STATE> 2
<MEAN> 39
 -5.597524e+00 -1.014817e+01 -1.433956e+01 -1.219496e+01 -1.524535e+01 -1.584480e+01 -1.125801e+01 -8.791279e+00 -7.209020e+00 5.254279e+00 5.897289e+00 5.080287e+00 3.889169e+01 6.055052e-01 5.174980e-03 -4.979078e-02 1.721022e-01 -1.087946e-02 9.701711e-02 -2.795850e-01 -9.184272e-01 -3.715565e-01 4.970504e-01 2.077637e-01 -1.809669e-01 3.828554e-01 1.271259e-02 1.173596e-01 -9.058329e-02 -1.435011e-01 4.503131e-02 9.572212e-02 -4.981887e-02 -4.565266e-02 5.450123e-02 1.657387e-01 1.253129e-01 -1.638934e-02 -4.674931e-02
<VARIANCE> 39
 2.203261e+01 2.450001e+01 1.494413e+01 1.359293e+01 1.404568e+01 1.623450e+01 3.710247e+01 4.354832e+01 2.769209e+01 3.572791e+01 2.914361e+01 2.443585e+01 1.789709e+01 2.675179e+00 3.800167e+00 1.701888e+00 1.643150e+00 1.921908e+00 1.758698e+00 4.884984e+00 2.635277e+00 3.187533e+00 5.332924e+00 3.849021e+00 2.712178e+00 2.537162e+00 4.987511e-01 7.872822e-01 3.350314e-01 3.173489e-01 4.399628e-01 4.389143e-01 9.003043e-01 3.970680e-01 5.127677e-01 8.718591e-01 6.023351e-01 4.278553e-01 4.466754e-01
<GCONST> 1.168633e+02
<STATE> 3
<MEAN> 39
 5.362386e-01 -1.452758e+01 -2.199180e+01 -2.099606e+01 -9.446570e+00 -1.011860e+01 -9.767224e+00 -1.205261e+00 -6.593412e+00 1.276099e+01 1.068447e+01 -2.132869e+00 4.496230e+01 -3.774408e-01 3.494048e-02 -1.476735e-01 -1.668425e-01 2.106673e-01 1.377769e-01 2.964401e-02 6.406792e-01 4.571747e-01 -1.869466e-01 -3.178695e-01 -1.079512e-01 -2.872801e-01 -7.624652e-02 -9.882992e-03 5.685299e-02 6.313661e-02 -2.120120e-02 -4.756547e-02 3.138359e-02 4.998741e-02 2.613071e-02 -4.861008e-02 -7.464233e-02 -2.577065e-03 -3.709573e-02
<VARIANCE> 39
 2.820642e+01 3.220539e+01 1.068424e+01 1.893464e+01 1.927589e+01 1.993571e+01 1.286690e+01 1.259572e+02 4.479320e+01 5.944409e+01 1.028730e+02 3.516610e+01 3.666755e+01 8.784146e-01 1.720192e+00 1.356215e+00 1.608062e+00 1.447971e+00 1.995933e+00 1.162712e+00 3.368694e+00 2.433199e+00 3.374967e+00 4.053948e+00 2.283391e+00 1.449965e+00 7.349957e-02 1.683030e-01 2.162431e-01 1.491589e-01 2.508736e-01 2.769942e-01 2.868261e-01 3.207116e-01 4.583110e-01 5.073404e-01 4.336504e-01 3.585350e-01 8.575478e-02
<GCONST> 1.064892e+02
<STATE> 4
<MEAN> 39
 -1.379554e+01 -9.432893e+00 -1.842179e+01 -1.546246e+01 -1.103145e+01 -1.157416e+01 -8.342495e+00 -4.289407e-01 -3.297984e-01 3.662661e+00 4.319068e+00 3.039211e+00 3.161591e+01 -1.266070e-01 8.466070e-02 4.741193e-02 1.005879e-01 -5.815474e-02 1.208690e-01 2.157772e-01 -1.151557e-01 -2.052436e-01 4.926170e-02 2.215315e-01 2.044462e-01 -1.402195e-02 2.124055e-02 2.236123e-03 -6.305668e-02 2.730207e-02 1.484434e-02 1.016324e-02 2.849672e-02 -3.943932e-02 -4.909125e-02 -5.734944e-02 -3.286390e-02 -2.074806e-02 4.839546e-02
<VARIANCE> 39
 4.151707e+00 2.901824e+00 5.022839e+00 5.972935e+00 7.115985e+00 8.499574e+00 7.134075e+00 1.259232e+01 1.193032e+01 1.372522e+01 1.418925e+01 1.280522e+01 2.105233e+00 2.075548e-01 2.426802e-01 5.438032e-01 8.268728e-01 7.307694e-01 1.095326e+00 9.933781e-01 1.088333e+00 1.145239e+00 1.476264e+00 1.601154e+00 1.126179e+00 1.037126e-01 3.833934e-02 5.428460e-02 1.084759e-01 1.720233e-01 1.653119e-01 1.728707e-01 1.852354e-01 2.420888e-01 2.326438e-01 3.461438e-01 3.450384e-01 2.073117e-01 1.341102e-02
<GCONST> 6.584470e+01
<TRANSP> 5
 0.000000e+00 1.000000e+00 0.000000e+00 0.000000e+00 0.000000e+00
 0.000000e+00 8.525887e-01 1.474113e-01 0.000000e+00 0.000000e+00
 0.000000e+00 0.000000e+00 9.145252e-01 8.547482e-02 0.000000e+00
 0.000000e+00 0.000000e+00 0.000000e+00 9.105164e-01 8.948359e-02
 0.000000e+00 0.000000e+00 0.000000e+00 0.000000e+00 0.000000e+00
<ENDHMM>
~h "s"
<BEGINHMM>
<NUMSTATES> 5
<STATE> 2
<MEAN> 39
 -1.007493e+01 -1.102477e+01 -1.799613e+01 -1.522870e+01 -1.292191e+01 -1.578859e+01 -8.557343e+00 1.683721e+00 -1.001538e+00 5.619707e+00 4.046339e+00 4.811017e+00 3.557291e+01 -3.603278e-03 4.503579e-01 -5.413280e-01 1.596760e-01 -5.010058e-01 -1.831600e-02 1.072369e-01 -9.686845e-01 -8.273025e-01 -6.751796e-01 1.560066e-01 2.535745e-01 -1.051660e-01 -2.974152e-01 -1.166349e-02 -1.900384e-01 1.800980e-01 -3.429456e-02 2.789794e-01 1.610121e-01 -3.046586e-01 -3.182488e-01 -4.313030e-01 4.994681e-02 -2.676410e-01 1.468916e-01
<VARIANCE> 39
 3.439993e+01 5.497822e+00 1.513308e+01 1.311499e+01 6.388803e+00 1.974631e+01 1.473204e+01 9.396561e+00 1.554379e+01 3.331307e+01 2.802358e+01 2.866643e+01 3.608002e+01 3.973097e-01 8.621390e-01 4.109486e-01 1.147848e+00 1.062513e+00 1.649362e+00 3.810673e+00 2.138649e+00 2.886322e+00 6.386797e-01 1.383786e+00 8.494341e-01 5.102089e-01 1.395020e-01 1.271291e-01 2.408365e-01 6.483859e-01 1.821870e-01 8.586408e-01 4.308585e-01 2.250972e-01 1.668570e-01 7.612441e-01 2.611405e-01 5.825979e-01 1.552536e-01
<GCONST> 9.355228e+01
<STATE> 3
<MEAN> 39
 -1.006922e+01 -9.627914e+00 -1.895255e+01 -1.646061e+01 -1.202442e+01 -1.568947e+01 -7.874096e+00 3.527518e-01 -1.762249e+00 3.316614e+00 4.540128e+00 5.810969e+00 3.537390e+01 -2.692826e-01 4.974472e-01 -5.571805e-01 4.259935e-01 -4.901486e-01 -6.502679e-03 9.734870e-02 -1.171473e+00 -9.742459e-01 -8.395486e-01 4.927239e-01 -3.195402e-01 1.805706e-03 -2.615930e-01 2.792101e-02 1.455379e-01 3.026970e-01 -7.869691e-02 1.775410e-01 5.005314e-02 -4.958772e-02 6.695360e-03 2.121892e-02 8.132826e-02 -3.122362e-01 3.544319e-02
<VARIANCE> 39
 2.903575e+01 3.608305e+00 1.292463e+01 1.737166e+01 2.172675e+00 1.929826e+01 1.877695e+01 1.857465e+01 7.873801e+00 5.221449e+01 2.383568e+01 1.312070e+01 3.164427e+01 2.828394e-01 1.259172e+00 8.398919e-01 3.387322e+00 7.899347e-01 1.960441e+00 3.743681e+00 7.186818e-01 3.191285e+00 1.386159e+00 8.059170e-01 2.946745e+00 5.986114e-01 7.765128e-02 1.390567e-01 7.616226e-02 3.889668e-01 2.097295e-01 5.722644e-01 2.289985e-01 3.743342e-01 3.062257e-01 3.514687e-01 3.227944e-01 2.768776e-01 1.688683e-01
<GCONST> 9.078428e+01
<STATE> 4
<MEAN> 39
 -1.079289e+01 -9.197603e+00 -1.979837e+01 -1.575813e+01 -1.295172e+01 -1.399998e+01 -7.138008e+00 -3.471009e+00 -3.955563e+00 2.101441e+00 3.941839e+00 5.324861e+00 3.570943e+01 -4.224780e-01 7.384495e-01 -1.323289e-01 6.209797e-01 -7.053072e-01 4.039539e-01 5.334887e-01 -9.259605e-01 -4.856181e-01 -3.273716e-01 6.731125e-01 -5.014803e-01 -1.001194e-01 -1.627124e-01 -6.089557e-03 3.780651e-01 3.004827e-01 4.365271e-02 -6.076900e-02 -1.089425e-01 2.709127e-01 3.212136e-01 4.042048e-01 1.011999e-01 -1.766162e-01 -9.153242e-02
<VARIANCE> 39
 3.203748e+01 1.285662e+01 1.050987e+01 2.072968e+01 6.978606e+00 4.197407e+01 5.496244e+01 1.105025e+01 2.420112e+01 2.093495e+01 2.241919e+01 1.677143e+01 2.485642e+01 1.731133e-01 1.235094e+00 5.605607e-01 4.083130e+00 8.833820e-01 1.870860e+00 2.426270e+00 1.946209e+00 3.151231e+00 2.389649e+00 1.356876e+00 3.372176e+00 1.345137e+00 3.806267e-02 3.097151e-01 1.090036e-01 1.940279e-01 1.419646e-01 4.736079e-01 5.096350e-01 3.723828e-01 7.799656e-01 6.827641e-02 1.754350e-01 2.205239e-01 8.596227e-02
<GCONST> 9.442060e+01
<TRANSP> 5
 0.000000e+00 1.000000e+00 0.000000e+00 0.000000e+00 0.000000e+00
 0.000000e+00 5.656682e-04 9.994343e-01 0.000000e+00 0.000000e+00
 0.000000e+00 0.000000e+00 2.356752e-06 9.999977e-01 0.000000e+00
 0.000000e+00 0.000000e+00 0.000000e+00 1.353807e-05 9.999865e-01
 0.000000e+00 0.000000e+00 0.000000e+00 0.000000e+00 0.000000e+00
<ENDHMM>
~h "t"
<BEGINHMM>
<NUMSTATES> 5
<STATE> 2
<MEAN> 39
 -1.170424e+01 -9.016844e+00 -1.694060e+01 -1.489044e+01 -1.307128e+01 -1.532125e+01 -1.131679e+01 2.692948e-01 9.712174e-01 4.644307e+00 5.182333e+00 3.228765e+00 3.279187e+01 -7.434956e-01 7.895750e-02 -6.954111e-03 -2.242252e-01 -2.457820e-01 -9.570619e-02 4.834363e-01 -4.890074e-01 -1.086501e+00 -5.322882e-01 1.494678e-01 -1.339288e-01 -4.958147e-01 2.554072e-01 -1.552802e-01 -2.147182e-01 -1.779124e-01 7.647594e-02 1.521330e-01 6.291711e-02 -3.203881e-01 -1.560868e-01 1.604374e-01 5.222954e-02 8.125500e-02 2.875501e-01
<VARIANCE> 39
 5.008487e+00 7.862820e+00 1.080376e+01 8.932633e+00 1.396259e+00 1.085178e+01 1.942257e+01 7.783008e+00 1.648962e+01 8.680792e+00 5.526789e+00 4.068601e+00 1.936872e+00 4.809516e-01 5.431389e-01 3.241714e-01 4.673658e-01 1.229697e+00 7.481091e-01 1.677101e+00 1.295328e+00 7.507808e-01 1.390497e+00 6.956034e-01 1.361375e+00 2.255029e-01 8.899164e-02 2.176756e-01 1.574325e-01 7.092963e-02 6.407455e-02 2.196620e-01 6.840072e-01 2.111055e-01 6.107193e-01 1.991153e-01 1.723774e-01 2.882744e-01 1.208212e-01
<GCONST> 7.049675e+01
<STATE> 3
<MEAN> 39
 -1.238300e+01 -8.194599e+00 -1.732658e+01 -1.646962e+01 -1.359475e+01 -1.418782e+01 -9.033534e+00 1.873819e-01 3.223858e-01 3.433544e+00 3.830343e+00 1.357028e+00 3.234853e+01 -4.194039e-01 2.097402e-01 -4.422252e-02 -1.881194e-01 1.506879e-01 4.398279e-01 6.874521e-01 -4.396179e-01 -4.259289e-01 1.935005e-01 5.031518e-01 1.553485e-01 -2.957525e-01 3.389035e-01 -3.800699e-01 -2.503576e-01 1.850226e-02 2.757084e-02 4.523201e-02 9.008978e-02 -6.372973e-02 -1.172294e-01 1.270284e-01 1.993137e-01 2.187611e-01 3.566342e-01
<VARIANCE> 39
 3.381340e+00 7.786435e+00 3.811916e+00 1.236329e+00 6.881605e+00 1.745415e+01 1.519322e+01 8.222570e+00 5.961085e+00 1.035248e+01 4.313089e+00 4.190801e+00 9.503233e-01 1.919550e-01 2.730088e-01 4.181195e-01 7.999640e-01 8.847383e-01 8.904181e-01 1.760326e+00 9.417670e-01 1.425109e+00 4.820588e-01 7.542679e-01 4.193842e-01 7.181670e-02 1.328200e-01 2.934727e-01 1.114028e-01 8.412017e-02 8.028612e-02 2.794080e-01 4.409080e-01 2.653801e-01 4.639848e-01 1.397135e-01 2.818702e-02 2.137843e-01 1.478843e-01
<GCONST> 6.152670e+01
<STATE> 4
<MEAN> 39
 -1.340041e+01 -8.868836e+00 -1.689660e+01 -1.578438e+01 -1.185119e+01 -1.191877e+01 -8.951612e+00 -1.272931e+00 -6.336010e-01 3.050335e+00 2.843536e+00 2.691945e+00 3.175662e+01 5.676354e-02 -4.619980e-01 -5.224149e-01 -3.198635e-01 -3.887533e-01 5.329350e-02 7.373986e-01 -4.553944e-01 -7.660872e-01 -9.738893e-02 3.248334e-01 3.805942e-01 1.973042e-01 1.854350e-01 -1.465315e-01 -2.020266e-01 1.371804e-01 -5.254486e-02 -8.977766e-02 9.556146e-02 1.022420e-01 -1.087507e-01 -6.692393e-02 1.735273e-02 -1.499001e-02 2.548077e-01
<VARIANCE> 39
 2.934604e+00 4.145449e+00 3.900156e+00 2.381248e+00 9.749387e+00 1.553899e+01 1.537898e+01 4.245267e+00 1.230002e+01 8.511492e+00 5.305498e+00 6.842942e+00 1.067857e+00 2.105337e-01 1.021960e+00 1.100274e+00 5.503215e-01 5.837703e-01 1.129186e+00 1.694195e+00 6.784217e-01 3.306726e+00 4.934249e-01 1.263041e+00 1.012465e+00 2.651977e-01 1.252159e-01 1.697191e-01 2.718076e-02 1.728964e-01 9.902540e-02 1.516078e-01 2.115751e-01 1.427787e-01 2.777654e-01 1.502460e-01 1.285100e-01 2.788193e-01 6.533501e-02
<GCONST> 6.486130e+01
<TRANSP> 5
 0.000000e+00 1.000000e+00 0.000000e+00 0.000000e+00 0.000000e+00
 0.000000e+00 6.126887e-06 9.999939e-01 0.000000e+00 0.000000e+00
 0.000000e+00 0.000000e+00 4.512576e-02 9.548742e-01 0.000000e+00
 0.000000e+00 0.000000e+00 0.000000e+00 3.890477e-01 6.109523e-01
 0.000000e+00 0.000000e+00 0.000000e+00 0.000000e+00 0.000000e+00
<ENDHMM>
~h "#N"
<BEGINHMM>
<NUMSTATES> 5
<STATE> 2
<MEAN> 39
 -1.043611e+01 -1.048380e+01 -1.790405e+01 -1.457664e+01 -1.188113e+01 -1.447737e+01 -8.861897e+00 -4.968315e-01 -2.606780e+00 5.356434e+00 3.499501e+00 4.397847e+00 3.724471e+01 1.960201e-01 5.069769e-02 4.190232e-02 4.202235e-03 -8.796929e-02 -7.527245e-02 -1.450074e-01 -1.553768e-01 -3.788776e-02 1.595713e-01 1.349767e-01 -2.672105e-02 2.703947e-02 -1.336547e-02 -7.368486e-04 -2.694950e-02 -6.228262e-03 3.302664e-02 4.607833e-02 5.847066e-03 -4.399249e-02 -1.666789e-02 8.023531e-03 2.396682e-02 1.048475e-02 1.436545e-02
<VARIANCE> 39
 3.645399e+01 1.881132e+01 3.310826e+01 2.393451e+01 2.553228e+01 3.334710e+01 3.487761e+01 2.407298e+01 4.661258e+01 3.538915e+01 2.492765e+01 1.789520e+01 4.031347e+01 2.092447e+00 2.149759e+00 1.828382e+00 1.736872e+00 1.757624e+00 2.960917e+00 3.864945e+00 2.227091e+00 3.691741e+00 3.215366e+00 2.178579e+00 1.529139e+00 1.673095e+00 3.097071e-01 4.152983e-01 3.150195e-01 2.947381e-01 3.489500e-01 5.454534e-01 6.893540e-01 3.867579e-01 6.367696e-01 5.882021e-01 3.936495e-01 2.760304e-01 2.227928e-01
<GCONST> 1.141099e+02
<STATE> 3
<MEAN> 39
 -6.521792e+00 -1.182524e+01 -1.946216e+01 -1.685916e+01 -1.053029e+01 -1.201240e+01 -9.636803e+00 -1.999479e+00 -3.086173e+00 8.469634e+00 6.217032e+00 1.320955e+00 3.999133e+01 -5.378540e-02 7.398663e-04 -1.767985e-02 -1.161101e-02 3.034203e-02 2.815126e-02 2.249517e-02 4.117033e-02 2.937924e-02 -3.016056e-02 -3.415798e-02 -8.141414e-03 -4.199302e-02 -6.580452e-03 -3.972627e-03 7.974311e-03 5.061305e-03 -1.135848e-02 -7.936628e-03 7.167092e-03 1.135112e-02 1.884258e-04 -1.201620e-02 -5.047269e-03 4.345046e-04 -2.584873e-03
<VARIANCE> 39
 6.489326e+01 3.093064e+01 1.669139e+01 4.595042e+01 2.352883e+01 2.438042e+01 3.321505e+01 6.128296e+01 5.675420e+01 5.567962e+01 6.954723e+01 3.569787e+01 5.309903e+01 2.091063e+00 1.950237e+00 1.169021e+00 2.445826e+00 1.541772e+00 1.893907e+00 2.789065e+00 2.879943e+00 2.709300e+00 3.446968e+00 3.486041e+00 2.474984e+00 1.774609e+00 2.680708e-01 2.962455e-01 2.097115e-01 3.443449e-01 2.724971e-01 3.304248e-01 4.973924e-01 4.053237e-01 4.188437e-01 5.918471e-01 4.524629e-01 4.331131e-01 1.847390e-01
<GCONST> 1.164327e+02
<STATE> 4
<MEAN> 39
 -1.436733e+01 -9.041486e+00 -1.744987e+01 -1.560158e+01 -1.133134e+01 -1.099795e+01 -7.524273e+00 -7.357040e-01 -1.749514e+00 2.698377e+00 5.270802e+00 4.241361e+00 3.100980e+01 -1.318806e-02 2.526201e-02 3.194538e-02 4.274842e-03 -2.256932e-02 -1.107732e-03 5.822364e-03 8.701997e-03 -5.838603e-03 -3.279136e-02 -3.286001e-02 7.733942e-04 -1.526679e-02 2.915909e-03 -2.053950e-03 -2.497789e-03 5.106772e-03 1.227304e-02 5.070295e-03 -8.777522e-03 -8.504449e-03 -3.656179e-03 -8.490623e-03 -1.277753e-02 -9.287219e-03 4.087633e-03
<VARIANCE> 39
 8.049849e-01 2.078547e+00 3.696242e+00 3.728321e+00 5.584588e+00 7.404858e+00 8.546940e+00 1.049586e+01 1.140422e+01 9.683854e+00 1.035844e+01 9.575719e+00 4.860256e-01 6.972281e-02 2.262041e-01 4.026954e-01 4.000759e-01 4.874853e-01 6.547304e-01 8.876938e-01 9.524125e-01 1.196831e+00 9.561673e-01 9.965861e-01 1.000142e+00 4.856278e-02 1.428451e-02 4.737204e-02 8.547574e-02 8.431854e-02 9.483525e-02 1.312327e-01 1.711901e-01 1.718131e-01 2.489380e-01 1.980594e-01 1.876516e-01 1.904195e-01 1.064631e-02
<GCONST> 5.040776e+01
<TRANSP> 5
 0.000000e+00 1.000000e+00 0.000000e+00 0.000000e+00 0.000000e+00
 0.000000e+00 9.866667e-01 1.333333e-02 0.000000e+00 0.000000e+00
 0.000000e+00 0.000000e+00 9.958506e-01 4.149377e-03 0.000000e+00
 0.000000e+00 0.000000e+00 0.000000e+00 9.910448e-01 8.955222e-03
 0.000000e+00 0.000000e+00 0.000000e+00 0.000000e+00 0.000000e+00
<ENDHMM>
~h "ah"
<BEGINHMM>
<NUMSTATES> 5
<STATE> 2
<NUMMIXES> 3
<MIXTURE> 1 2.500000e-01
<MEAN> 39
 -1.360822e+01 -5.605495e+00 -1.936351e+01 -5.807210e+00 -9.277280e+00 -1.249357e+01 -6.879413e-01 -2.618793e+00 -2.631161e+00 7.615238e+00 7.990611e+00 3.824714e+00 3.880531e+01 2.242273e+00 3.879635e-01 3.825240e-01 3.163612e-01 1.189350e+00 2.518725e-01 3.129119e-01 1.221859e+00 1.513134e+00 1.666023e+00 2.292765e-01 7.330331e-01 1.389976e+00 7.058433e-01 3.511284e-02 2.337085e-01 -5.866846e-02 2.936600e-01 1.487966e-01 1.799470e-02 5.663276e-01 5.469161e-01 5.949512e-01 -2.102388e-02 3.641830e-01 3.789137e-01
<VARIANCE> 39
 4.889910e+01 1.172836e+01 1.204280e+01 5.644090e+01 3.418976e+01 2.916974e+01 3.620515e+01 2.481125e+01 5.747676e+01 2.725837e+01 2.004401e+01 1.799100e+01 1.147001e+01 7.284080e+00 1.812411e+00 1.167712e+00 6.344576e+00 2.299772e+00 1.708357e+00 4.800379e+00 3.772475e+00 5.092324e+00 3.898307e+00 2.117626e+00 2.011244e+00 1.831160e+00 7.283115e-01 3.984915e-01 2.321491e-01 6.246715e-01 4.318801e-01 3.344454e-01 6.369138e-01 5.874736e-01 5.952707e-01 6.547881e-01 2.435798e-01 3.627099e-01 2.272510e-01
<GCONST> 1.168943e+02
<MIXTURE> 2 5.000000e-01
<MEAN> 39
 -1.780389e+01 -7.660296e+00 -2.144567e+01 -1.031484e+01 -1.278560e+01 -1.573411e+01 -4.298184e+00 -5.607446e+00 -7.179967e+00 4.482665e+00 5.304379e+00 1.279766e+00 3.677326e+01 6.229313e-01 -4.197915e-01 -2.658403e-01 -1.194945e+00 2.794501e-01 -5.323523e-01 -1.001674e+00 5.648738e-02 1.591637e-01 4.813751e-01 -6.438474e-01 -1.178770e-01 5.780542e-01 1.937964e-01 -3.436443e-01 -5.538259e-02 -5.328854e-01 -1.006455e-01 -1.981909e-01 -4.608466e-01 1.064466e-01 8.399342e-02 1.094374e-01 -3.171467e-01 2.830587e-03 9.288860e-02
<VARIANCE> 39
 4.889910e+01 1.172836e+01 1.204280e+01 5.644090e+01 3.418976e+01 2.916974e+01 3.620515e+01 2.481125e+01 5.747676e+01 2.725837e+01 2.004401e+01 1.799100e+01 1.147001e+01 7.284080e+00 1.812411e+00 1.167712e+00 6.344576e+00 2.299772e+00 1.708357e+00 4.800379e+00 3.772475e+00 5.092324e+00 3.898307e+00 2.117626e+00 2.011244e+00 1.831160e+00 7.283115e-01 3.984915e-01 2.321491e-01 6.246715e-01 4.318801e-01 3.344454e-01 6.369138e-01 5.874736e-01 5.952707e-01 6.547881e-01 2.435798e-01 3.627099e-01 2.272510e-01
<GCONST> 1.168943e+02
<MIXTURE> 3 2.500000e-01
<MEAN> 39
 -1.640533e+01 -6.975363e+00 -2.075162e+01 -8.812297e+00 -1.161616e+01 -1.465393e+01 -3.094770e+00 -4.611228e+00 -5.663698e+00 5.526856e+00 6.199790e+00 2.128082e+00 3.745061e+01 1.162712e+00 -1.505398e-01 -4.971886e-02 -6.911765e-01 5.827501e-01 -2.709441e-01 -5.634788e-01 4.449446e-01 6.104873e-01 8.762577e-01 -3.528061e-01 1.657597e-01 8.486949e-01 3.644787e-01 -2.173919e-01 4.098113e-02 -3.748131e-01 3.078969e-02 -8.252838e-02 -3.012328e-01 2.597403e-01 2.383010e-01 2.712753e-01 -2.184391e-01 1.232814e-01 1.882303e-01
<VARIANCE> 39
 4.889910e+01 1.172836e+01 1.204280e+01 5.644090e+01 3.418976e+01 2.916974e+01 3.620515e+01 2.481125e+01 5.747676e+01 2.725837e+01 2.004401e+01 1.799100e+01 1.147001e+01 7.284080e+00 1.812411e+00 1.167712e+00 6.344576e+00 2.299772e+00 1.708357e+00 4.800379e+00 3.772475e+00 5.092324e+00 3.898307e+00 2.117626e+00 2.011244e+00 1.831160e+00 7.283115e-01 3.984915e-01 2.321491e-01 6.246715e-01 4.318801e-01 3.344454e-01 6.369138e-01 5.874736e-01 5.952707e-01 6.547881e-01 2.435798e-01 3.627099e-01 2.272510e-01
<GCONST> 1.168943e+02
<STATE> 3
<NUMMIXES> 3
<MIXTURE> 1 2.500000e-01
<MEAN> 39
 -9.014504e-01 -1.162593e+01 -1.786511e+01 -1.862180e+01 -6.350739e+00 -1.198983e+01 -1.232606e+01 4.132999e+00 9.775988e+00 1.580992e+01 2.515330e-01 5.880078e+00 4.761907e+01 -4.691660e-03 7.613411e-01 6.387163e-01 8.352373e-01 1.370902e-01 6.824414e-01 5.622275e-01 7.380731e-01 1.105538e+00 3.557332e-01 7.481635e-01 2.514180e-01 -6.330305e-02 -1.148712e-01 3.817737e-01 1.763381e-01 5.194075e-01 1.443451e-01 2.621492e-01 6.746053e-01 2.179146e-01 -5.212000e-02 -8.092642e-03 5.216899e-01 3.453050e-01 -7.957797e-02
<VARIANCE> 39
 2.041932e+01 2.395553e+01 1.109765e+01 2.159371e+01 1.734125e+01 2.189896e+01 2.925436e+01 2.302912e+01 2.866652e+01 3.233134e+01 2.362242e+01 2.807243e+01 4.670739e+01 1.960733e+00 3.497925e+00 8.630193e-01 2.547215e+00 1.371722e+00 1.576183e+00 3.863729e+00 2.485928e+00 2.519840e+00 2.797396e+00 2.836013e+00 3.026773e+00 3.207850e+00 3.886885e-01 4.290878e-01 1.678061e-01 4.690940e-01 3.314457e-01 3.029631e-01 7.726452e-01 5.731267e-01 4.858822e-01 4.577956e-01 4.435714e-01 8.351197e-01 2.477320e-01
<GCONST> 1.126513e+02
<MIXTURE> 2 5.000000e-01
<MEAN> 39
 -3.612715e+00 -1.456259e+01 -1.986390e+01 -2.140994e+01 -8.849308e+00 -1.479761e+01 -1.557130e+01 1.253680e+00 6.563519e+00 1.239828e+01 -2.664641e+00 2.701073e+00 4.351851e+01 -8.448488e-01 -3.608234e-01 8.132333e-02 -1.223626e-01 -5.656329e-01 -7.083535e-02 -6.171547e-01 -2.079364e-01 1.530979e-01 -6.477919e-01 -2.622645e-01 -7.924395e-01 -1.137931e+00 -4.889406e-01 -1.125509e-02 -6.944677e-02 1.084648e-01 -2.010828e-01 -6.810334e-02 1.472038e-01 -2.363162e-01 -4.703515e-01 -4.140562e-01 1.220830e-01 -2.030043e-01 -3.782141e-01
<VARIANCE> 39
 2.041932e+01 2.395553e+01 1.109765e+01 2.159371e+01 1.734125e+01 2.189896e+01 2.925436e+01 2.302912e+01 2.866652e+01 3.233134e+01 2.362242e+01 2.807243e+01 4.670739e+01 1.960733e+00 3.497925e+00 8.630193e-01 2.547215e+00 1.371722e+00 1.576183e+00 3.863729e+00 2.485928e+00 2.519840e+00 2.797396e+00 2.836013e+00 3.026773e+00 3.207850e+00 3.886885e-01 4.290878e-01 1.678061e-01 4.690940e-01 3.314457e-01 3.029631e-01 7.726452e-01 5.731267e-01 4.858822e-01 4.577956e-01 4.435714e-01 8.351197e-01 2.477320e-01
<GCONST> 1.126513e+02
<MIXTURE> 3 2.500000e-01
<MEAN> 39
 -2.708960e+00 -1.358370e+01 -1.919764e+01 -2.048056e+01 -8.016452e+00 -1.386168e+01 -1.448955e+01 2.213453e+00 7.634342e+00 1.353549e+01 -1.692583e+00 3.760741e+00 4.488536e+01 -5.647964e-01 1.323143e-02 2.671210e-01 1.968374e-01 -3.313919e-01 1.802569e-01 -2.240273e-01 1.074001e-01 4.705780e-01 -3.132835e-01 7.454485e-02 -4.444870e-01 -7.797219e-01 -3.642508e-01 1.197545e-01 1.248152e-02 2.454457e-01 -8.594015e-02 4.198083e-02 3.230043e-01 -8.490592e-02 -3.309410e-01 -2.787350e-01 2.552853e-01 -2.023453e-02 -2.786687e-01
<VARIANCE> 39
 2.041932e+01 2.395553e+01 1.109765e+01 2.159371e+01 1.734125e+01 2.189896e+01 2.925436e+01 2.302912e+01 2.866652e+01 3.233134e+01 2.362242e+01 2.807243e+01 4.670739e+01 1.960733e+00 3.497925e+00 8.630193e-01 2.547215e+00 1.371722e+00 1.576183e+00 3.863729e+00 2.485928e+00 2.519840e+00 2.797396e+00 2.836013e+00 3.026773e+00 3.207850e+00 3.886885e-01 4.290878e-01 1.678061e-01 4.690940e-01 3.314457e-01 3.029631e-01 7.726452e-01 5.731267e-01 4.858822e-01 4.577956e-01 4.435714e-01 8.351197e-01 2.477320e-01
<GCONST> 1.126513e+02
<STATE> 4
<NUMMIXES> 3
<MIXTURE> 1 2.500000e-01
<MEAN> 39
 -1.009836e+01 -8.357827e+00 -1.692581e+01 -1.508903e+01 -1.110729e+01 -1.205984e+01 -9.697989e+00 2.299435e+00 3.615883e+00 6.640967e+00 6.899061e+00 4.615854e+00 3.424819e+01 -3.051901e-01 1.048472e-01 2.740903e-01 4.408239e-01 1.379670e-01 6.703420e-01 1.658503e+00 6.462615e-01 -4.551950e-01 -2.134849e-01 1.386594e+00 9.000774e-01 -8.280244e-02 2.784902e-01 -6.280681e-02 3.175437e-02 1.640505e-01 2.603471e-01 4.323163e-01 5.339164e-01 -3.431518e-02 -5.303273e-02 2.024992e-01 3.688335e-03 3.284882e-01 5.011654e-01
<VARIANCE> 39
 1.372026e+01 4.928555e+00 7.167592e+00 1.078463e+01 8.170295e+00 1.383925e+01 1.386838e+01 1.706964e+01 2.024444e+01 2.040038e+01 3.170414e+01 9.299450e+00 8.363601e+00 6.157661e-01 6.379657e-01 2.191123e-01 5.053899e-01 8.073602e-01 1.506123e+00 2.280664e+00 1.953196e+00 4.461441e+00 1.639372e+00 1.930702e+00 2.302815e+00 6.275070e-01 4.186768e-02 1.919303e-01 1.136431e-01 2.064379e-01 1.646388e-01 4.000165e-01 3.779002e-01 2.866160e-01 2.324107e-01 3.551030e-01 2.104459e-01 2.649137e-01 1.028711e-01
<GCONST> 8.466273e+01
<MIXTURE> 2 5.000000e-01
<MEAN> 39
 -1.232081e+01 -9.689848e+00 -1.853216e+01 -1.705943e+01 -1.282231e+01 -1.429191e+01 -1.193241e+01 -1.794899e-01 9.162536e-01 3.930961e+00 3.520675e+00 2.786154e+00 3.251299e+01 -7.760147e-01 -3.743893e-01 -6.766312e-03 1.427914e-02 -4.011524e-01 -6.600320e-02 7.523906e-01 -1.922793e-01 -1.722522e+00 -9.817127e-01 5.528955e-01 -1.042441e-02 -5.580945e-01 1.557206e-01 -3.256659e-01 -1.705116e-01 -1.085621e-01 1.689288e-02 5.283518e-02 1.650748e-01 -3.555344e-01 -3.422867e-01 -1.550439e-01 -2.715580e-01 1.966956e-02 3.087243e-01
<VARIANCE> 39
 1.372026e+01 4.928555e+00 7.167592e+00 1.078463e+01 8.170295e+00 1.383925e+01 1.386838e+01 1.706964e+01 2.024444e+01 2.040038e+01 3.170414e+01 9.299450e+00 8.363601e+00 6.157661e-01 6.379657e-01 2.191123e-01 5.053899e-01 8.073602e-01 1.506123e+00 2.280664e+00 1.953196e+00 4.461441e+00 1.639372e+00 1.930702e+00 2.302815e+00 6.275070e-01 4.186768e-02 1.919303e-01 1.136431e-01 2.064379e-01 1.646388e-01 4.000165e-01 3.779002e-01 2.866160e-01 2.324107e-01 3.551030e-01 2.104459e-01 2.649137e-01 1.028711e-01
<GCONST> 8.466273e+01
<MIXTURE> 3 2.500000e-01
<MEAN> 39
 -1.157999e+01 -9.245841e+00 -1.799671e+01 -1.640263e+01 -1.225064e+01 -1.354789e+01 -1.118760e+01 6.468186e-01 1.816130e+00 4.834296e+00 4.646804e+00 3.396054e+00 3.309139e+01 -6.190732e-01 -2.146438e-01 8.685255e-02 1.564607e-01 -2.214459e-01 1.794452e-01 1.054428e+00 8.723426e-02 -1.300080e+00 -7.256368e-01 8.307950e-01 2.930762e-01 -3.996638e-01 1.966438e-01 -2.380462e-01 -1.030896e-01 -1.769121e-02 9.804430e-02 1.793289e-01 2.880220e-01 -2.484613e-01 -2.458687e-01 -3.586291e-02 -1.798092e-01 1.226091e-01 3.728713e-01
<VARIANCE> 39
 1.372026e+01 4.928555e+00 7.167592e+00 1.078463e+01 8.170295e+00 1.383925e+01 1.386838e+01 1.706964e+01 2.024444e+01 2.040038e+01 3.170414e+01 9.299450e+00 8.363601e+00 6.157661e-01 6.379657e-01 2.191123e-01 5.053899e-01 8.073602e-01 1.506123e+00 2.280664e+00 1.953196e+00 4.461441e+00 1.639372e+00 1.930702e+00 2.302815e+00 6.275070e-01 4.186768e-02 1.919303e-01 1.136431e-01 2.064379e-01 1.646388e-01 4.000165e-01 3.779002e-01 2.866160e-01 2.324107e-01 3.551030e-01 2.104459e-01 2.649137e-01 1.028711e-01
<GCONST> 8.466273e+01
<TRANSP> 5
 0.000000e+00 1.000000e+00 0.000000e+00 0.000000e+00 0.000000e+00
 0.000000e+00 7.806002e-01 2.193998e-01 0.000000e+00 0.000000e+00
 0.000000e+00 0.000000e+00 8.225841e-01 1.774159e-01 0.000000e+00
 0.000000e+00 0.000000e+00 0.000000e+00 4.114915e-01 5.885085e-01
 0.000000e+00 0.000000e+00 0.000000e+00 0.000000e+00 0.000000e+00
<ENDHMM>
~h "uh"
<BEGINHMM>
<NUMSTATES> 5
<STATE> 2
<NUMMIXES> 3
<MIXTURE> 1 2.500000e-01
<MEAN> 39
 -1.304133e+01 -6.672180e+00 -1.798153e+01 -1.168553e+01 -1.247408e+01 -1.273555e+01 -6.537886e+00 -2.052120e-01 -4.588527e-01 4.913129e+00 7.582400e+00 3.871134e+00 3.366545e+01 1.263079e-01 1.264644e-01 -7.188717e-01 2.428425e+00 -9.906951e-02 2.336070e-01 1.646264e+00 -1.125798e-02 -4.260008e-01 6.939077e-01 1.506963e+00 6.817380e-01 1.203237e+00 2.155331e-01 3.454790e-03 1.645061e-01 5.797424e-01 1.925585e-01 1.684598e-01 8.642440e-02 1.597433e-01 1.660287e-01 5.066743e-01 2.920167e-01 2.314080e-01 2.335822e-01
<VARIANCE> 39
 1.738165e+01 4.735913e+00 7.886854e+00 3.042478e+01 5.562646e+00 4.356127e+00 1.019999e+01 6.491821e+00 8.702829e+00 1.409498e+01 1.823113e+01 5.221207e+00 2.949526e+00 1.651246e+00 2.412441e+00 7.565793e-01 4.823122e+00 6.749768e-01 1.189494e+00 2.258503e+00 9.710039e-01 3.021098e+00 2.398731e+00 1.644769e+00 1.139073e+00 5.650879e-01 1.367905e-01 1.139994e-01 6.676844e-02 4.566881e-01 1.133624e-01 1.104330e-01 2.628523e-01 1.531241e-01 8.196364e-02 3.368771e-01 3.720074e-01 9.114373e-02 4.147015e-02
<GCONST> 7.927502e+01
<MIXTURE> 2 5.000000e-01
<MEAN> 39
 -1.554281e+01 -7.977909e+00 -1.966654e+01 -1.499505e+01 -1.388920e+01 -1.398783e+01 -8.454131e+00 -1.733955e+00 -2.228886e+00 2.660532e+00 5.020525e+00 2.500136e+00 3.263501e+01 -6.446971e-01 -8.054577e-01 -1.240761e+00 1.110729e+00 -5.920113e-01 -4.207765e-01 7.445647e-01 -6.024952e-01 -1.468879e+00 -2.353625e-01 7.374717e-01 4.137379e-02 7.522026e-01 -6.378107e-03 -1.991280e-01 9.468522e-03 1.742702e-01 -9.457488e-03 -3.092894e-02 -2.211903e-01 -7.504317e-02 -5.747028e-03 1.584276e-01 -7.393771e-02 5.026786e-02 1.113969e-01
<VARIANCE> 39
 1.738165e+01 4.735913e+00 7.886854e+00 3.042478e+01 5.562646e+00 4.356127e+00 1.019999e+01 6.491821e+00 8.702829e+00 1.409498e+01 1.823113e+01 5.221207e+00 2.949526e+00 1.651246e+00 2.412441e+00 7.565793e-01 4.823122e+00 6.749768e-01 1.189494e+00 2.258503e+00 9.710039e-01 3.021098e+00 2.398731e+00 1.644769e+00 1.139073e+00 5.650879e-01 1.367905e-01 1.139994e-01 6.676844e-02 4.566881e-01 1.133624e-01 1.104330e-01 2.628523e-01 1.531241e-01 8.196364e-02 3.368771e-01 3.720074e-01 9.114373e-02 4.147015e-02
<GCONST> 7.927502e+01
<MIXTURE> 3 2.500000e-01
<MEAN> 39
 -1.470898e+01 -7.542666e+00 -1.910487e+01 -1.389188e+01 -1.341749e+01 -1.357040e+01 -7.815383e+00 -1.224374e+00 -1.638875e+00 3.411398e+00 5.874483e+00 2.957135e+00 3.297849e+01 -3.876954e-01 -4.948170e-01 -1.066798e+00 1.549961e+00 -4.276974e-01 -2.026487e-01 1.045131e+00 -4.054161e-01 -1.121253e+00 7.439423e-02 9.939688e-01 2.548285e-01 9.025473e-01 6.759230e-02 -1.316004e-01 6.114770e-02 3.094276e-01 5.788118e-02 3.553398e-02 -1.186521e-01 3.218979e-03 5.151156e-02 2.745098e-01 4.804710e-02 1.106479e-01 1.521253e-01
<VARIANCE> 39
 1.738165e+01 4.735913e+00 7.886854e+00 3.042478e+01 5.562646e+00 4.356127e+00 1.019999e+01 6.491821e+00 8.702829e+00 1.409498e+01 1.823113e+01 5.221207e+00 2.949526e+00 1.651246e+00 2.412441e+00 7.565793e-01 4.823122e+00 6.749768e-01 1.189494e+00 2.258503e+00 9.710039e-01 3.021098e+00 2.398731e+00 1.644769e+00 1.139073e+00 5.650879e-01 1.367905e-01 1.139994e-01 6.676844e-02 4.566881e-01 1.133624e-01 1.104330e-01 2.628523e-01 1.531241e-01 8.196364e-02 3.368771e-01 3.720074e-01 9.114373e-02 4.147015e-02
<GCONST> 7.927502e+01
<STATE> 3
<NUMMIXES> 3
<MIXTURE> 1 2.500000e-01
<MEAN> 39
 -6.579938e+00 -8.640614e+00 -2.103457e+01 -9.720139e+00 -1.092773e+01 -1.425760e+01 -6.639586e+00 2.368008e-01 5.719044e+00 1.303562e+01 7.348410e+00 3.782511e+00 4.297509e+01 1.325909e+00 3.731652e-01 6.384442e-01 3.649121e-01 5.750294e-01 4.320229e-01 5.329918e-01 6.449116e-01 9.358151e-01 1.009619e+00 6.707802e-01 6.907548e-01 7.262485e-01 3.214415e-01 4.058818e-01 4.090422e-01 3.162724e-01 2.353734e-01 2.435069e-01 2.214556e-01 3.159944e-01 3.771905e-01 2.939632e-01 2.150726e-01 2.342505e-01 1.567970e-01
<VARIANCE> 39
 8.828259e+01 2.624939e+01 1.058608e+01 9.965336e+01 1.836596e+01 1.101348e+01 1.048486e+02 1.619750e+01 9.061807e+01 5.525306e+01 4.117702e+01 1.704561e+01 3.922671e+01 4.444075e+00 2.131968e+00 1.433408e+00 4.399018e+00 1.373302e+00 1.132840e+00 4.190459e+00 2.396070e+00 4.105919e+00 5.254847e+00 2.697878e+00 1.432838e+00 2.708865e+00 5.170918e-01 5.295261e-01 3.182918e-01 7.763615e-01 2.729086e-01 2.282788e-01 8.864905e-01 5.961688e-01 7.075683e-01 1.010362e+00 3.879584e-01 2.820055e-01 2.856928e-01
<GCONST> 1.202263e+02
<MIXTURE> 2 5.000000e-01
<MEAN> 39
 -1.221747e+01 -1.171466e+01 -2.298674e+01 -1.570973e+01 -1.349906e+01 -1.624879e+01 -1.278332e+01 -2.177966e+00 7.432461e-03 8.575672e+00 3.498251e+00 1.305331e+00 3.921722e+01 6.105000e-02 -5.029104e-01 -7.990594e-02 -8.935180e-01 -1.280984e-01 -2.065869e-01 -6.952448e-01 -2.838430e-01 -2.799689e-01 -3.657887e-01 -3.147328e-01 -2.745253e-02 -2.612693e-01 -1.100131e-01 -3.072949e-02 7.053808e-02 -2.123958e-01 -7.807050e-02 -4.316428e-02 -3.434662e-01 -1.472775e-01 -1.275120e-01 -3.091374e-01 -1.586452e-01 -8.437469e-02 -1.639044e-01
<VARIANCE> 39
 8.828259e+01 2.624939e+01 1.058608e+01 9.965336e+01 1.836596e+01 1.101348e+01 1.048486e+02 1.619750e+01 9.061807e+01 5.525306e+01 4.117702e+01 1.704561e+01 3.922671e+01 4.444075e+00 2.131968e+00 1.433408e+00 4.399018e+00 1.373302e+00 1.132840e+00 4.190459e+00 2.396070e+00 4.105919e+00 5.254847e+00 2.697878e+00 1.432838e+00 2.708865e+00 5.170918e-01 5.295261e-01 3.182918e-01 7.763615e-01 2.729086e-01 2.282788e-01 8.864905e-01 5.961688e-01 7.075683e-01 1.010362e+00 3.879584e-01 2.820055e-01 2.856928e-01
<GCONST> 1.202263e+02
<MIXTURE> 3 2.500000e-01
<MEAN> 39
 -1.033829e+01 -1.068998e+01 -2.233602e+01 -1.371320e+01 -1.264195e+01 -1.558506e+01 -1.073541e+01 -1.373044e+00 1.911303e+00 1.006232e+01 4.781637e+00 2.131058e+00 4.046984e+01 4.826695e-01 -2.108852e-01 1.595441e-01 -4.740413e-01 1.062775e-01 6.283030e-03 -2.858326e-01 2.574185e-02 1.252924e-01 9.268036e-02 1.377153e-02 2.119499e-01 6.790331e-02 3.380507e-02 1.148076e-01 1.833728e-01 -3.617308e-02 2.641082e-02 5.239278e-02 -1.551589e-01 7.146478e-03 4.072215e-02 -1.081039e-01 -3.407261e-02 2.183370e-02 -5.700393e-02
<VARIANCE> 39
 8.828259e+01 2.624939e+01 1.058608e+01 9.965336e+01 1.836596e+01 1.101348e+01 1.048486e+02 1.619750e+01 9.061807e+01 5.525306e+01 4.117702e+01 1.704561e+01 3.922671e+01 4.444075e+00 2.131968e+00 1.433408e+00 4.399018e+00 1.373302e+00 1.132840e+00 4.190459e+00 2.396070e+00 4.105919e+00 5.254847e+00 2.697878e+00 1.432838e+00 2.708865e+00 5.170918e-01 5.295261e-01 3.182918e-01 7.763615e-01 2.729086e-01 2.282788e-01 8.864905e-01 5.961688e-01 7.075683e-01 1.010362e+00 3.879584e-01 2.820055e-01 2.856928e-01
<GCONST> 1.202263e+02
<STATE> 4
<NUMMIXES> 3
<MIXTURE> 1 2.500000e-01
<MEAN> 39
 -9.774858e+00 -9.375668e+00 -1.589295e+01 -1.215397e+01 -1.050829e+01 -1.095667e+01 -6.893289e+00 5.065229e-01 -1.122172e+00 2.444651e+00 7.299280e+00 5.207458e+00 3.494160e+01 8.400981e-01 5.078914e-01 9.788327e-01 6.098254e-01 5.198493e-01 7.118683e-01 7.779407e-01 5.164394e-02 7.815373e-02 3.422860e-01 5.785761e-01 7.606966e-01 6.275117e-01 2.360348e-01 3.788092e-01 1.785542e-01 2.080090e-01 1.246344e-01 1.263372e-01 6.238468e-02 1.489109e-01 5.480821e-01 7.458237e-01 1.911373e-01 1.326159e-01 2.940677e-01
<VARIANCE> 39
 1.189548e+01 3.923887e+00 1.228203e+01 6.354988e+00 9.543783e+00 1.983123e+01 1.357831e+01 1.297661e+01 3.047954e+01 1.463339e+01 2.109867e+01 1.473831e+01 8.606486e+00 1.153439e+00 2.708308e+00 2.419043e+00 5.226488e-01 1.305228e+00 2.796916e-01 5.717891e+00 1.539527e+00 2.049116e+00 2.309813e+00 1.647248e+00 1.209576e+00 4.464926e-01 9.646105e-02 4.789175e-01 1.854751e-01 2.485327e-01 1.422590e-01 2.259169e-01 3.655075e-01 3.285215e-01 6.610639e-01 3.833704e-01 1.881893e-01 2.339306e-01 1.605826e-01
<GCONST> 9.022992e+01
<MIXTURE> 2 5.000000e-01
<MEAN> 39
 -1.184425e+01 -1.056420e+01 -1.799570e+01 -1.366651e+01 -1.236187e+01 -1.362860e+01 -9.104214e+00 -1.654861e+00 -4.434669e+00 1.494338e-01 4.543282e+00 2.904027e+00 3.318140e+01 1.957084e-01 -4.795249e-01 4.563633e-02 1.760586e-01 -1.656302e-01 3.945530e-01 -6.567861e-01 -6.928222e-01 -7.807302e-01 -5.695982e-01 -1.914949e-01 1.008122e-01 2.265911e-01 4.968574e-02 -3.641403e-02 -7.984674e-02 -9.110928e-02 -1.016690e-01 -1.588472e-01 -3.003586e-01 -1.949899e-01 6.024702e-02 3.743222e-01 -6.914746e-02 -1.575823e-01 5.363108e-02
<VARIANCE> 39
 1.189548e+01 3.923887e+00 1.228203e+01 6.354988e+00 9.543783e+00 1.983123e+01 1.357831e+01 1.297661e+01 3.047954e+01 1.463339e+01 2.109867e+01 1.473831e+01 8.606486e+00 1.153439e+00 2.708308e+00 2.419043e+00 5.226488e-01 1.305228e+00 2.796916e-01 5.717891e+00 1.539527e+00 2.049116e+00 2.309813e+00 1.647248e+00 1.209576e+00 4.464926e-01 9.646105e-02 4.789175e-01 1.854751e-01 2.485327e-01 1.422590e-01 2.259169e-01 3.655075e-01 3.285215e-01 6.610639e-01 3.833704e-01 1.881893e-01 2.339306e-01 1.605826e-01
<GCONST> 9.022992e+01
<MIXTURE> 3 2.500000e-01
<MEAN> 39
 -1.115445e+01 -1.016802e+01 -1.729478e+01 -1.316233e+01 -1.174401e+01 -1.273796e+01 -8.367239e+00 -9.343996e-01 -3.330503e+00 9.145060e-01 5.461948e+00 3.671837e+00 3.376813e+01 4.105050e-01 -1.503861e-01 3.567018e-01 3.206475e-01 6.286299e-02 5.003247e-01 -1.785438e-01 -4.446668e-01 -4.944356e-01 -2.656368e-01 6.519547e-02 3.207737e-01 3.602313e-01 1.118021e-01 1.019937e-01 6.286904e-03 8.596823e-03 -2.623457e-02 -6.378572e-02 -1.794442e-01 -8.035634e-02 2.228587e-01 4.981560e-01 1.761412e-02 -6.084957e-02 1.337766e-01
<VARIANCE> 39
 1.189548e+01 3.923887e+00 1.228203e+01 6.354988e+00 9.543783e+00 1.983123e+01 1.357831e+01 1.297661e+01 3.047954e+01 1.463339e+01 2.109867e+01 1.473831e+01 8.606486e+00 1.153439e+00 2.708308e+00 2.419043e+00 5.226488e-01 1.305228e+00 2.796916e-01 5.717891e+00 1.539527e+00 2.049116e+00 2.309813e+00 1.647248e+00 1.209576e+00 4.464926e-01 9.646105e-02 4.789175e-01 1.854751e-01 2.485327e-01 1.422590e-01 2.259169e-01 3.655075e-01 3.285215e-01 6.610639e-01 3.833704e-01 1.881893e-01 2.339306e-01 1.605826e-01
<GCONST> 9.022992e+01
<TRANSP> 5
 0.000000e+00 1.000000e+00 0.000000e+00 0.000000e+00 0.000000e+00
 0.000000e+00 3.300641e-01 6.699359e-01 0.000000e+00 0.000000e+00
 0.000000e+00 0.000000e+00 7.613547e-01 2.386453e-01 0.000000e+00
 0.000000e+00 0.000000e+00 0.000000e+00 1.835554e-02 9.816445e-01
 0.000000e+00 0.000000e+00 0.000000e+00 0.000000e+00 0.000000e+00
<ENDHMM>
~h "uw"
<BEGINHMM>
<NUMSTATES> 5
<STATE> 2
<NUMMIXES> 3
<MIXTURE> 1 2.500000e-01
<MEAN> 39
 -1.399729e+01 -7.798567e+00 -2.372671e+01 -6.152359e+00 -1.024135e+01 -6.225593e+00 -2.697510e+00 1.801434e+00 -1.627533e+00 7.963091e+00 5.558827e+00 4.103039e+00 3.788335e+01 9.407067e-01 5.430495e-01 3.915011e-01 1.020006e+00 7.128193e-01 3.096923e-01 8.010279e-01 6.286088e-02 5.114127e-01 1.033101e+00 1.304576e-01 4.244709e-01 6.706411e-01 3.577856e-01 4.155988e-02 3.379636e-01 6.382003e-03 3.120064e-01 -3.524098e-02 -6.040037e-04 2.407753e-01 3.704005e-01 4.624185e-01 1.101699e-01 1.630502e-01 1.558037e-01
<VARIANCE> 39
 2.162358e+01 3.534690e+00 2.649309e+01 3.285410e+01 1.700837e+01 1.062076e+01 1.493221e+01 3.147542e+01 1.871941e+01 2.554612e+01 1.410017e+01 1.897034e+01 8.987430e+00 2.654600e+00 4.329454e-01 1.290593e+00 2.812527e+00 1.677614e+00 1.122776e+00 1.815516e+00 1.053798e+00 2.142472e+00 3.878086e+00 1.045482e+00 1.583133e+00 3.890722e-01 2.041805e-01 8.285545e-02 1.636339e-01 4.107605e-01 4.405061e-01 2.582996e-01 4.658131e-01 2.501662e-01 4.634077e-01 9.245870e-01 2.012962e-01 2.364534e-01 1.142865e-01
<GCONST> 9.531028e+01
<MIXTURE> 2 5.000000e-01
<MEAN> 39
 -1.678736e+01 -8.926614e+00 -2.681500e+01 -9.591469e+00 -1.271582e+01 -8.180964e+00 -5.016043e+00 -1.564743e+00 -4.223489e+00 4.930501e+00 3.305816e+00 1.489742e+00 3.608461e+01 -3.686985e-02 1.482579e-01 -2.901246e-01 1.377058e-02 -6.431708e-02 -3.260745e-01 -7.418573e-03 -5.530671e-01 -3.668185e-01 -1.484704e-01 -4.830353e-01 -3.304648e-01 2.963871e-01 8.666753e-02 -1.311479e-01 9.525343e-02 -3.781616e-01 -8.621741e-02 -3.401801e-01 -4.101070e-01 -5.932441e-02 -3.804387e-02 -1.145142e-01 -1.590264e-01 -1.287087e-01 -4.703406e-02
<VARIANCE> 39
 2.162358e+01 3.534690e+00 2.649309e+01 3.285410e+01 1.700837e+01 1.062076e+01 1.493221e+01 3.147542e+01 1.871941e+01 2.554612e+01 1.410017e+01 1.897034e+01 8.987430e+00 2.654600e+00 4.329454e-01 1.290593e+00 2.812527e+00 1.677614e+00 1.122776e+00 1.815516e+00 1.053798e+00 2.142472e+00 3.878086e+00 1.045482e+00 1.583133e+00 3.890722e-01 2.041805e-01 8.285545e-02 1.636339e-01 4.107605e-01 4.405061e-01 2.582996e-01 4.658131e-01 2.501662e-01 4.634077e-01 9.245870e-01 2.012962e-01 2.364534e-01 1.142865e-01
<GCONST> 9.531028e+01
<MIXTURE> 3 2.500000e-01
<MEAN> 39
 -1.585734e+01 -8.550598e+00 -2.578557e+01 -8.445099e+00 -1.189100e+01 -7.529173e+00 -4.243199e+00 -4.426841e-01 -3.358170e+00 5.941365e+00 4.056820e+00 2.360841e+00 3.668419e+01 2.889890e-01 2.798551e-01 -6.291603e-02 3.491824e-01 1.947284e-01 -1.141522e-01 2.620636e-01 -3.477578e-01 -7.407476e-02 2.453868e-01 -2.785377e-01 -7.881957e-02 4.211384e-01 1.770402e-01 -7.357862e-02 1.761568e-01 -2.499804e-01 4.652387e-02 -2.385337e-01 -2.736060e-01 4.070882e-02 9.810424e-02 7.779670e-02 -6.929427e-02 -3.145574e-02 2.057851e-02
<VARIANCE> 39
 2.162358e+01 3.534690e+00 2.649309e+01 3.285410e+01 1.700837e+01 1.062076e+01 1.493221e+01 3.147542e+01 1.871941e+01 2.554612e+01 1.410017e+01 1.897034e+01 8.987430e+00 2.654600e+00 4.329454e-01 1.290593e+00 2.812527e+00 1.677614e+00 1.122776e+00 1.815516e+00 1.053798e+00 2.142472e+00 3.878086e+00 1.045482e+00 1.583133e+00 3.890722e-01 2.041805e-01 8.285545e-02 1.636339e-01 4.107605e-01 4.405061e-01 2.582996e-01 4.658131e-01 2.501662e-01 4.634077e-01 9.245870e-01 2.012962e-01 2.364534e-01 1.142865e-01
<GCONST> 9.531028e+01
<STATE> 3
<NUMMIXES> 3
<MIXTURE> 1 2.500000e-01
<MEAN> 39
 -2.758593e+00 -1.100562e+01 -1.847281e+01 -1.572070e+01 -9.868458e+00 -1.275017e+01 -8.307917e+00 2.596743e+00 1.961676e+00 1.397826e+01 1.347883e+00 5.189351e+00 4.612358e+01 2.669079e-01 5.983906e-01 4.663590e-01 5.562333e-01 2.676306e-01 1.847488e-01 -2.901775e-02 7.106680e-02 4.800817e-01 6.616083e-01 6.359184e-01 3.343630e-01 3.583049e-01 -5.564362e-02 1.900126e-01 6.292440e-02 4.263994e-01 1.980222e-01 1.998216e-01 3.903721e-01 3.168841e-01 2.598473e-01 1.720144e-01 4.817181e-01 9.780497e-02 -3.069450e-02
<VARIANCE> 39
 4.017741e+01 2.574803e+01 5.538942e+00 2.363541e+01 1.082001e+01 1.186177e+01 2.261271e+01 2.769917e+01 2.763286e+01 4.430782e+01 4.708455e+01 1.448259e+01 5.792599e+01 1.802329e+00 2.166339e+00 4.993982e-01 3.023596e+00 1.212273e+00 1.751019e+00 2.296953e+00 8.306258e-01 2.164528e+00 6.133273e+00 3.722821e+00 9.707210e-01 2.874030e+00 4.396763e-01 3.107017e-01 1.384656e-01 2.909128e-01 2.303486e-01 2.323934e-01 4.368605e-01 1.730893e-01 4.785449e-01 1.186817e+00 7.268909e-01 1.799579e-01 1.743294e-01
<GCONST> 1.055230e+02
<MIXTURE> 2 5.000000e-01
<MEAN> 39
 -6.561732e+00 -1.405017e+01 -1.988491e+01 -1.863767e+01 -1.184209e+01 -1.481663e+01 -1.116109e+01 -5.610569e-01 -1.192342e+00 9.984417e+00 -2.769208e+00 2.905991e+00 4.155704e+01 -5.385972e-01 -2.847187e-01 4.235026e-02 -4.870761e-01 -3.929890e-01 -6.092076e-01 -9.383599e-01 -4.757653e-01 -4.026584e-01 -8.243185e-01 -5.217584e-01 -2.567880e-01 -6.588730e-01 -4.534922e-01 -1.444312e-01 -1.603414e-01 1.027813e-01 -8.994565e-02 -8.942164e-02 -6.200448e-03 6.726009e-02 -1.552144e-01 -4.816325e-01 -2.982931e-02 -1.567237e-01 -2.812111e-01
<VARIANCE> 39
 4.017741e+01 2.574803e+01 5.538942e+00 2.363541e+01 1.082001e+01 1.186177e+01 2.261271e+01 2.769917e+01 2.763286e+01 4.430782e+01 4.708455e+01 1.448259e+01 5.792599e+01 1.802329e+00 2.166339e+00 4.993982e-01 3.023596e+00 1.212273e+00 1.751019e+00 2.296953e+00 8.306258e-01 2.164528e+00 6.133273e+00 3.722821e+00 9.707210e-01 2.874030e+00 4.396763e-01 3.107017e-01 1.384656e-01 2.909128e-01 2.303486e-01 2.323934e-01 4.368605e-01 1.730893e-01 4.785449e-01 1.186817e+00 7.268909e-01 1.799579e-01 1.743294e-01
<GCONST> 1.055230e+02
<MIXTURE> 3 2.500000e-01
<MEAN> 39
 -5.294019e+00 -1.303532e+01 -1.941421e+01 -1.766535e+01 -1.118421e+01 -1.412781e+01 -1.021003e+01 4.915432e-01 -1.410026e-01 1.131570e+01 -1.396844e+00 3.667111e+00 4.307922e+01 -2.700955e-01 9.651035e-03 1.836865e-01 -1.393063e-01 -1.727825e-01 -3.445555e-01 -6.352458e-01 -2.934879e-01 -1.084117e-01 -3.290096e-01 -1.358661e-01 -5.973770e-02 -3.198137e-01 -3.208760e-01 -3.294992e-02 -8.591947e-02 2.106540e-01 6.043643e-03 6.992765e-03 1.259904e-01 1.504681e-01 -1.686049e-02 -2.637502e-01 1.406865e-01 -7.188081e-02 -1.977056e-01
<VARIANCE> 39
 4.017741e+01 2.574803e+01 5.538942e+00 2.363541e+01 1.082001e+01 1.186177e+01 2.261271e+01 2.769917e+01 2.763286e+01 4.430782e+01 4.708455e+01 1.448259e+01 5.792599e+01 1.802329e+00 2.166339e+00 4.993982e-01 3.023596e+00 1.212273e+00 1.751019e+00 2.296953e+00 8.306258e-01 2.164528e+00 6.133273e+00 3.722821e+00 9.707210e-01 2.874030e+00 4.396763e-01 3.107017e-01 1.384656e-01 2.909128e-01 2.303486e-01 2.323934e-01 4.368605e-01 1.730893e-01 4.785449e-01 1.186817e+00 7.268909e-01 1.799579e-01 1.743294e-01
<GCONST> 1.055230e+02
<STATE> 4
<NUMMIXES> 3
<MIXTURE> 1 2.500000e-01
<MEAN> 39
 -1.220119e+01 -7.431742e+00 -1.768105e+01 -1.297915e+01 -1.042630e+01 -1.097266e+01 -6.979943e+00 -1.570961e+00 -1.720099e+00 5.379704e+00 7.159939e+00 6.458043e+00 3.425801e+01 -2.878217e-01 3.884242e-01 3.798817e-01 5.110683e-01 5.966955e-01 9.519979e-02 7.104807e-01 6.507983e-01 8.842527e-01 2.542183e-01 4.057304e-01 3.755603e-01 3.108384e-01 7.161929e-02 3.623078e-02 -8.916110e-04 1.409118e-01 2.403922e-01 3.786300e-01 5.980608e-01 2.472032e-01 4.021645e-01 3.716763e-01 2.658027e-01 5.250783e-02 1.973939e-01
<VARIANCE> 39
 2.510233e+01 5.284499e+00 7.393342e+00 1.015599e+01 8.175026e+00 1.250391e+01 5.831826e+00 1.858975e+01 1.784652e+01 1.569878e+01 1.992657e+01 1.316752e+01 9.003844e+00 2.790791e-01 3.631074e-01 1.372509e+00 8.860715e-01 1.370522e+00 1.958664e+00 2.724821e+00 7.204202e-01 1.604311e+00 1.020404e+00 9.773261e-01 1.932500e+00 2.450956e-01 9.079612e-02 1.313685e-01 1.910979e-01 1.394826e-01 1.648387e-01 3.530704e-01 1.973752e-01 2.192872e-01 2.951543e-01 2.530178e-01 1.735105e-01 2.787883e-01 2.306963e-02
<GCONST> 7.946029e+01
<MIXTURE> 2 5.000000e-01
<MEAN> 39
 -1.520732e+01 -8.811024e+00 -1.931249e+01 -1.489126e+01 -1.214182e+01 -1.309431e+01 -8.428893e+00 -4.157911e+00 -4.254808e+00 3.002403e+00 4.481588e+00 4.280818e+00 3.245762e+01 -6.047894e-01 2.687381e-02 -3.230430e-01 -5.371995e-02 -1.057203e-01 -7.445139e-01 -2.799412e-01 1.415329e-01 1.242842e-01 -3.518720e-01 -1.874285e-01 -4.585261e-01 1.379564e-02 -1.091751e-01 -1.812380e-01 -2.631801e-01 -8.317244e-02 -3.209770e-03 2.211164e-02 3.314992e-01 -3.376552e-02 7.619579e-02 6.987105e-02 1.587511e-02 -2.642946e-01 1.062617e-01
<VARIANCE> 39
 2.510233e+01 5.284499e+00 7.393342e+00 1.015599e+01 8.175026e+00 1.250391e+01 5.831826e+00 1.858975e+01 1.784652e+01 1.569878e+01 1.992657e+01 1.316752e+01 9.003844e+00 2.790791e-01 3.631074e-01 1.372509e+00 8.860715e-01 1.370522e+00 1.958664e+00 2.724821e+00 7.204202e-01 1.604311e+00 1.020404e+00 9.773261e-01 1.932500e+00 2.450956e-01 9.079612e-02 1.313685e-01 1.910979e-01 1.394826e-01 1.648387e-01 3.530704e-01 1.973752e-01 2.192872e-01 2.951543e-01 2.530178e-01 1.735105e-01 2.787883e-01 2.306963e-02
<GCONST> 7.946029e+01
<MIXTURE> 3 2.500000e-01
<MEAN> 39
 -1.420528e+01 -8.351263e+00 -1.876868e+01 -1.425389e+01 -1.156998e+01 -1.238709e+01 -7.945910e+00 -3.295594e+00 -3.409905e+00 3.794837e+00 5.374372e+00 5.006560e+00 3.305775e+01 -4.991335e-01 1.473906e-01 -8.873479e-02 1.345428e-01 1.284183e-01 -4.646093e-01 5.019942e-02 3.112880e-01 3.776070e-01 -1.498419e-01 1.029116e-02 -1.804973e-01 1.128099e-01 -4.891029e-02 -1.087484e-01 -1.757506e-01 -8.477703e-03 7.799090e-02 1.409511e-01 4.203531e-01 5.989070e-02 1.848520e-01 1.704728e-01 9.918429e-02 -1.586938e-01 1.366391e-01
<VARIANCE> 39
 2.510233e+01 5.284499e+00 7.393342e+00 1.015599e+01 8.175026e+00 1.250391e+01 5.831826e+00 1.858975e+01 1.784652e+01 1.569878e+01 1.992657e+01 1.316752e+01 9.003844e+00 2.790791e-01 3.631074e-01 1.372509e+00 8.860715e-01 1.370522e+00 1.958664e+00 2.724821e+00 7.204202e-01 1.604311e+00 1.020404e+00 9.773261e-01 1.932500e+00 2.450956e-01 9.079612e-02 1.313685e-01 1.910979e-01 1.394826e-01 1.648387e-01 3.530704e-01 1.973752e-01 2.192872e-01 2.951543e-01 2.530178e-01 1.735105e-01 2.787883e-01 2.306963e-02
<GCONST> 7.946029e+01
<TRANSP> 5
 0.000000e+00 1.000000e+00 0.000000e+00 0.000000e+00 0.000000e+00
 0.000000e+00 7.144360e-01 2.855640e-01 0.000000e+00 0.000000e+00
 0.000000e+00 0.000000e+00 6.363606e-01 3.636394e-01 0.000000e+00
 0.000000e+00 0.000000e+00 0.000000e+00 5.072063e-01 4.927937e-01
 0.000000e+00 0.000000e+00 0.000000e+00 0.000000e+00 0.000000e+00
<ENDHMM>
~h "sil"
<BEGINHMM>
<NUMSTATES> 5
<STATE> 2
<MEAN> 39
 -6.403505e+00 -1.153284e+01 -1.389135e+01 -1.236466e+01 -1.454850e+01 -1.620452e+01 -9.694448e+00 -4.794715e+00 -7.938521e+00 3.973445e+00 5.664814e+00 5.209583e+00 3.946922e+01 6.444262e-01 4.237565e-02 9.609914e-02 3.476138e-02 -2.130180e-01 -3.049474e-02 -2.762571e-01 -7.042871e-01 -5.395441e-01 4.343145e-01 3.728974e-01 -1.400045e-02 4.089564e-01 6.106068e-02 9.913882e-02 -3.432227e-02 -1.157783e-01 5.220662e-02 6.839057e-02 -1.500861e-01 -4.100282e-02 1.365236e-01 8.725644e-02 9.304780e-03 -3.943624e-02 -5.401300e-03
<VARIANCE> 39
 2.833243e+01 2.865320e+01 3.538271e+01 1.708739e+01 2.333196e+01 4.221326e+01 5.296615e+01 4.002047e+01 3.278702e+01 4.218481e+01 3.625399e+01 2.506285e+01 2.460899e+01 2.660836e+00 3.876071e+00 3.878037e+00 1.894622e+00 2.751828e+00 5.611890e+00 6.263370e+00 3.156032e+00 4.338700e+00 6.022273e+00 4.447224e+00 3.343375e+00 2.939081e+00 4.743897e-01 7.137223e-01 6.432023e-01 3.178580e-01 5.405788e-01 1.012721e+00 1.165718e+00 5.294908e-01 7.727314e-01 9.575114e-01 7.751498e-01 5.843387e-01 4.752456e-01
<GCONST> 1.280766e+02
<STATE> 3
<MEAN> 39
 -9.929755e-01 -1.528400e+01 -2.119905e+01 -2.166914e+01 -7.268988e+00 -8.975057e+00 -1.001552e+01 -6.223170e-01 -6.404053e+00 1.200917e+01 9.350699e+00 -2.302243e+00 4.511935e+01 -3.727394e-01 -2.784056e-02 -6.412195e-02 8.893578e-03 1.912197e-01 -3.318940e-02 2.393498e-02 4.703009e-01 3.859390e-01 -2.822806e-01 -4.000389e-01 -6.923164e-02 -3.105015e-01 -6.081929e-02 6.788133e-03 5.294112e-02 7.818852e-02 -5.821685e-02 -5.618554e-02 2.856927e-02 -2.044164e-03 1.432098e-04 -4.718812e-02 -3.603519e-02 5.168395e-02 -4.460644e-02
<VARIANCE> 39
 3.512149e+01 3.980745e+01 9.180189e+00 2.686734e+01 2.727367e+01 2.175196e+01 2.025009e+01 9.282047e+01 4.028780e+01 5.394719e+01 1.209453e+02 4.899215e+01 3.875412e+01 7.729849e-01 1.955214e+00 8.845060e-01 2.035820e+00 1.630861e+00 2.239554e+00 1.681854e+00 3.482226e+00 2.019081e+00 2.794161e+00 5.103091e+00 2.680009e+00 1.283358e+00 5.311034e-02 1.875968e-01 1.386843e-01 2.075781e-01 2.327111e-01 2.784820e-01 2.623087e-01 3.762679e-01 3.625291e-01 4.560408e-01 5.233780e-01 3.624797e-01 6.564327e-02
<GCONST> 1.076460e+02
<STATE> 4
<MEAN> 39
 -1.423705e+01 -8.922116e+00 -1.749286e+01 -1.572855e+01 -1.119245e+01 -1.117321e+01 -7.832429e+00 -5.905656e-01 -1.095026e+00 3.055861e+00 5.106836e+00 4.102655e+00 3.112145e+01 -1.878506e-02 6.502984e-02 6.485353e-02 -2.433080e-03 -4.769444e-02 -2.658868e-02 4.807798e-02 9.679843e-03 1.292825e-03 -7.122662e-03 -1.582253e-02 3.599820e-02 -4.223708e-02 9.378382e-04 -8.830123e-03 -1.731374e-02 7.467193e-03 1.685597e-02 9.965898e-03 1.859458e-03 -1.699786e-02 -2.211271e-02 -2.539366e-02 -1.283222e-02 -2.290546e-02 1.549115e-02
<VARIANCE> 39
 2.109602e+00 2.028512e+00 3.686416e+00 3.998421e+00 5.732036e+00 8.663125e+00 8.625176e+00 9.763576e+00 1.076739e+01 1.033965e+01 9.770804e+00 9.172107e+00 1.897057e+00 1.181704e-01 2.120413e-01 3.887162e-01 4.549787e-01 5.354741e-01 8.623106e-01 9.509571e-01 9.938945e-01 1.037575e+00 9.477459e-01 9.435422e-01 1.006157e+00 5.759600e-02 1.889350e-02 4.061164e-02 8.927203e-02 1.088434e-01 1.063561e-01 1.723242e-01 1.724865e-01 1.934731e-01 2.135521e-01 1.960425e-01 1.717734e-01 1.952279e-01 9.058350e-03
<GCONST> 5.435873e+01
<TRANSP> 5
 0.000000e+00 1.000000e+00 0.000000e+00 0.000000e+00 0.000000e+00
 0.000000e+00 7.127547e-01 8.724537e-02 2.000000e-01 0.000000e+00
 0.000000e+00 0.000000e+00 9.281263e-01 7.187369e-02 0.000000e+00
 0.000000e+00 2.000000e-01 0.000000e+00 7.707599e-01 2.924014e-02
 0.000000e+00 0.000000e+00 0.000000e+00 0.000000e+00 0.000000e+00
<ENDHMM>
