   1            "a" 39049  78603.890625 156400.515625 71760.117188 78944.742188
   2            "b" 5131  7923.125000 14887.969727 8509.806641 8354.524414
   3            "c" 1491  1490.843994 6446.576660 7320.902344 1490.842896
   4            "d" 9458  24489.716797 14279.852539 11500.557617 14203.263672
   5            "e" 17790  24703.410156 54718.277344 22983.906250 24761.197266
   6            "f" 1925  1924.804077 4400.156738 12900.984375 6737.707031
   7            "g" 2601  7372.138184 4143.428711 5325.675293 5251.855469
   8            "h" 5257  5257.702637 8934.875000 18828.207031 11308.561523
   9            "i" 15537  31324.812500 68560.195312 31454.660156 32777.058594
  10            "j" 2339  2338.767334 9890.705078 8266.915039 2338.770508
  11            "k" 10209  10208.145508 37930.687500 28332.261719 10207.979492
  12            "l" 7470  21047.716797 10204.151367 7974.535645 12875.481445
  13            "m" 9843  16633.277344 34226.722656 14407.243164 15526.758789
  14            "n" 14536  25656.263672 54029.820312 24240.794922 32499.396484
  15            "o" 5260  12661.551758 23458.511719 11216.133789 12083.114258
  16            "p" 6164  14929.208008 21710.451172 11029.328125 9432.109375
  17            "r" 11498  14801.913086 12980.365234 18213.636719 24925.828125
  18            "s" 9687  25561.988281 49306.886719 21031.843750 18646.400391
  19            "t" 11119  18808.533203 18180.656250 37353.906250 27089.154297
  20            "u" 10468  15629.093750 15801.338867 38279.195312 27542.505859
  21            "w" 1601  3387.055664 5225.388184 3599.871094 4129.356445
  22            "y" 1857  1856.808838 9937.710938 5084.667969 1856.799805
  23            "z"  720  2432.114746 4347.902344 3081.298828 719.923706
  24           "ai"  919  918.900696 5254.244629 6276.906250 4155.278809
  25           "au"  385  1554.629639 3319.506836 1948.495361 384.957733
  26           "kh"  107  265.236694 620.808289 222.218628 158.968903
  27           "ng" 4589  4588.507812 19002.292969 10719.649414 4588.501465
  28           "ny" 1180  1179.884277 4772.516113 3919.068604 1179.882446
  29           "oi"  118  117.987785 1130.820923 1443.144409 117.987686
  30           "sy"  152  151.983994 1385.407959 391.484497 151.983902
  31          "NNN"   80  1918.593140  81.207527 208.400604 202.007187
  32          "sil" 17561  240471.421875 139387.250000 90855.343750 48773.371094
