~o
<STREAMINFO> 1 39
<VECSIZE> 39<NULLD><MFCC_D_A_0><DIAGC>
~h "b"
<BEGINHMM>
<NUMSTATES> 5
<STATE> 2
<MEAN> 39
 -7.178780e-01 3.835629e+00 1.211803e+01 4.855424e+00 -4.276053e+00 -6.788685e-01 -1.355873e+01 -6.952338e+00 -5.675303e+00 -9.061307e+00 -2.256945e-01 -3.940933e+00 3.836952e+01 2.198760e+00 2.531345e+00 3.161260e+00 1.312988e+00 -5.538174e-01 -4.324840e-01 -1.892091e+00 -1.750200e+00 -1.627156e+00 -1.974015e+00 -2.878559e-02 1.873079e-01 1.187601e+00 -4.234544e-01 -6.212057e-01 -5.569842e-01 -1.068003e-01 9.866400e-02 4.153942e-01 5.367795e-01 5.143029e-01 3.572432e-01 4.875170e-01 2.956084e-01 2.271319e-01 -2.023699e-01
<VARIANCE> 39
 6.774780e+00 7.701715e+00 1.813476e+01 9.032244e+00 3.513379e+00 1.343488e+01 6.152992e+00 5.218020e+00 1.392488e+01 1.722250e+01 6.115207e+00 5.986012e+00 2.531878e+00 6.257415e-01 1.274292e+00 7.750801e-01 1.208890e+00 6.251111e-01 1.178840e+00 2.334469e+00 1.664656e+00 1.691298e+00 2.086642e+00 4.468848e-01 6.496260e-01 2.678303e-01 1.241274e-01 5.663998e-01 4.319032e-01 4.015390e-01 4.933812e-01 2.903776e-01 4.983514e-01 4.504983e-01 2.369909e-01 4.042010e-01 1.872485e-01 7.709698e-02 4.808438e-02
<GCONST> 8.006827e+01
<STATE> 3
<MEAN> 39
 1.648410e+00 4.739437e+00 1.532095e+01 6.961260e+00 -4.478022e+00 1.105749e+00 -1.366376e+01 -6.639489e+00 -5.715577e+00 -1.061731e+01 -3.093210e-02 -2.286827e+00 3.996122e+01 4.927385e-01 -1.981095e-01 1.362155e-01 -5.520300e-01 -1.171397e+00 -4.058830e-01 -2.038570e-02 5.093084e-01 8.332185e-01 3.927594e-01 2.696731e-01 4.846691e-01 4.544541e-01 -2.301359e-02 -3.705792e-01 -2.388880e-01 -4.653399e-01 -6.984122e-01 -3.687112e-01 5.396385e-02 1.951885e-01 2.526178e-01 4.146484e-01 2.652237e-01 -1.471422e-01 1.222509e-01
<VARIANCE> 39
 3.204642e+00 8.106503e+00 1.045459e+01 9.257854e+00 1.084163e+01 1.093396e+01 1.417017e+01 2.203833e+01 1.745090e+01 1.428553e+01 1.331000e+01 9.958938e+00 2.258154e+00 4.874899e-01 7.207974e-01 1.149600e+00 1.658028e+00 4.801723e+00 2.326757e+00 1.171016e+00 3.027308e+00 1.051495e+00 2.158470e+00 2.061246e+00 1.170301e+00 3.352842e-01 1.970802e-01 2.560217e-01 4.436576e-01 2.526833e-01 6.796208e-01 3.488024e-01 3.500255e-01 7.472776e-01 3.330127e-01 4.789169e-01 4.586840e-01 3.306837e-01 1.160634e-01
<GCONST> 9.130099e+01
<STATE> 4
<MEAN> 39
 5.795343e+00 3.550008e+00 1.548899e+01 6.485876e-01 -1.806142e+01 -5.988970e+00 -1.485390e+01 -4.506835e+00 -1.168793e+00 -5.542315e+00 4.886899e+00 -5.198686e-01 4.389813e+01 1.450401e+00 -1.678968e+00 1.009038e+00 -2.299607e+00 -5.466989e+00 -1.355049e+00 -3.897385e-01 -4.381207e-01 8.155054e-01 1.641832e+00 1.844917e+00 -8.818006e-01 2.095817e+00 -1.432346e-01 -4.407830e-01 3.078884e-01 2.099440e-01 2.382166e-01 6.319920e-01 -7.042720e-02 -3.099537e-01 -2.675072e-01 -3.276044e-01 -2.494975e-01 -3.156151e-01 1.107282e-01
<VARIANCE> 39
 2.613752e+00 2.324254e+01 7.458964e+00 1.053197e+01 4.837130e+01 1.693070e+01 8.803474e+00 2.050454e+01 4.436471e+00 3.446331e+00 9.380135e+00 6.582194e+00 8.497036e+00 2.641503e-01 2.257816e+00 1.698215e+00 1.783481e+00 1.062709e+00 4.762815e+00 2.651371e+00 1.930783e+00 1.227145e+00 1.842499e+00 2.196816e+00 7.689648e-01 2.206050e-01 3.717391e-02 3.888526e-01 1.529811e-01 2.604565e-01 1.136669e+00 4.136350e-01 2.695987e-01 3.646964e-01 1.919222e-01 2.670614e-01 2.267599e-01 2.648170e-01 1.098886e-01
<GCONST> 8.619073e+01
<TRANSP> 5
 0.000000e+00 1.000000e+00 0.000000e+00 0.000000e+00 0.000000e+00
 0.000000e+00 5.311936e-01 4.688064e-01 0.000000e+00 0.000000e+00
 0.000000e+00 0.000000e+00 8.219485e-01 1.780516e-01 0.000000e+00
 0.000000e+00 0.000000e+00 0.000000e+00 4.287595e-01 5.712406e-01
 0.000000e+00 0.000000e+00 0.000000e+00 0.000000e+00 0.000000e+00
<ENDHMM>
