~o
<STREAMINFO> 1 39
<VECSIZE> 39<NULLD><MFCC_D_A_0><DIAGC>
~h "d"
<BEGINHMM>
<NUMSTATES> 5
<STATE> 2
<MEAN> 39
 -1.551824e+00 1.200531e+00 1.094042e+01 2.951975e+00 -5.605814e+00 2.618038e+00 -1.049081e+01 -2.332245e+00 -2.859268e+00 -7.341910e+00 1.666067e+00 -4.014536e+00 3.849375e+01 8.987448e-01 1.323499e+00 8.879965e-01 6.697926e-01 3.696134e-01 2.758665e-01 -2.055606e-01 -5.607623e-01 -5.966560e-01 -6.137856e-01 -5.670629e-01 -2.269213e-01 2.896037e-01 -1.586826e-01 -3.039089e-01 -3.579918e-01 -3.558456e-01 -2.416491e-01 -7.727987e-02 -5.619766e-03 1.289332e-01 2.747209e-01 3.127681e-01 3.103277e-01 1.449638e-01 -5.093293e-02
<VARIANCE> 39
 3.425776e+01 3.118712e+01 4.519152e+01 1.462293e+01 2.612207e+01 1.776178e+01 3.339593e+01 2.049017e+01 1.611379e+01 2.083241e+01 1.236545e+01 4.901140e+00 1.473052e+01 4.057133e+00 1.743100e+00 4.050243e+00 2.085962e+00 4.189397e+00 2.061851e+00 4.394677e+00 2.211965e+00 1.923439e+00 1.340307e+00 1.601326e+00 1.025488e+00 2.705284e+00 4.596419e-01 5.579495e-01 7.221426e-01 5.337700e-01 4.244408e-01 4.245289e-01 7.743320e-01 4.075952e-01 3.647312e-01 3.447198e-01 3.045273e-01 1.445678e-01 1.793181e-01
<GCONST> 1.092858e+02
<STATE> 3
<MEAN> 39
 1.092750e+00 4.244277e+00 1.199831e+01 2.938885e+00 -5.841754e+00 1.252388e+00 -1.270491e+01 -3.525734e+00 -2.164715e+00 -6.973395e+00 1.353192e+00 -4.663013e+00 3.946823e+01 2.021585e-01 1.170203e-01 -7.879004e-01 -9.190588e-01 -5.537065e-01 -7.992210e-01 -4.467074e-01 4.018771e-02 5.949191e-01 8.826784e-01 6.048217e-01 4.044819e-01 1.140823e-02 5.876817e-01 -2.773288e-01 8.644434e-02 -8.307662e-01 -1.427337e+00 -8.603111e-01 -6.513431e-01 -1.604413e-01 2.820298e-01 3.010451e-01 5.358760e-01 2.807145e-01 6.084209e-01
<VARIANCE> 39
 5.254013e+00 5.789811e+00 1.438159e+01 8.665978e+00 1.638743e+01 1.626441e+01 1.206412e+01 1.297844e+01 1.022861e+01 1.391867e+01 8.273582e+00 1.381462e+01 2.658333e+00 1.954173e+00 1.058272e+00 1.209470e+00 3.077270e+00 8.252465e+00 3.627992e+00 2.433748e+00 1.616906e+00 1.131041e+00 1.464747e+00 1.418833e+00 2.034787e+00 1.326089e+00 1.157819e-01 2.099953e-01 2.839939e-01 2.508535e-01 4.690011e-01 4.592050e-01 3.820021e-01 4.044167e-01 2.626248e-01 2.657039e-01 2.230274e-01 3.448440e-01 9.686445e-02
<GCONST> 9.256542e+01
<STATE> 4
<MEAN> 39
 6.244091e+00 3.637497e+00 9.765141e+00 -5.427176e+00 -1.656190e+01 -5.502566e+00 -1.728504e+01 -5.006368e+00 3.406644e-01 -3.319199e+00 5.813587e+00 3.429371e-02 4.356863e+01 1.685779e+00 -5.867648e-01 -4.375460e-01 -2.245927e+00 -2.910077e+00 -1.513742e+00 -1.498033e+00 -2.010895e-01 9.496168e-01 6.926090e-01 1.167309e+00 4.288709e-01 1.526072e+00 -2.378132e-01 -2.753972e-01 -1.294539e-01 2.821639e-01 6.916149e-01 8.061436e-01 3.426591e-01 3.067269e-02 -2.478687e-01 -2.944268e-01 -1.715349e-01 -2.609080e-01 -9.140321e-02
<VARIANCE> 39
 1.060137e+01 6.395805e+00 1.495294e+01 1.185526e+01 2.368469e+01 2.833727e+01 1.549892e+01 1.365062e+01 8.975676e+00 1.376111e+01 1.036049e+01 6.278686e+00 8.035710e+00 6.654549e-01 1.240732e+00 2.444761e+00 1.562712e+00 4.840583e+00 4.678788e+00 1.559396e+00 1.650173e+00 1.453970e+00 1.646110e+00 1.264269e+00 9.745870e-01 3.850927e-01 1.276454e-01 1.905114e-01 2.507358e-01 1.780581e-01 8.156930e-01 5.081915e-01 1.495366e-01 3.786236e-01 1.843386e-01 3.065304e-01 2.525566e-01 1.184893e-01 7.899027e-02
<GCONST> 8.985322e+01
<TRANSP> 5
 0.000000e+00 1.000000e+00 0.000000e+00 0.000000e+00 0.000000e+00
 0.000000e+00 6.003470e-01 3.996531e-01 0.000000e+00 0.000000e+00
 0.000000e+00 0.000000e+00 6.887145e-01 3.112855e-01 0.000000e+00
 0.000000e+00 0.000000e+00 0.000000e+00 6.315303e-01 3.684697e-01
 0.000000e+00 0.000000e+00 0.000000e+00 0.000000e+00 0.000000e+00
<ENDHMM>
