~o
<STREAMINFO> 1 39
<VECSIZE> 39<NULLD><MFCC_D_A_0><DIAGC>
~h "f"
<BEGINHMM>
<NUMSTATES> 5
<STATE> 2
<MEAN> 39
 5.940436e+00 -3.154180e+00 -3.344058e-01 -1.291546e+01 -1.282179e+01 8.198555e+00 -2.013847e+00 5.337398e+00 3.473674e+00 -4.605376e+00 4.877787e+00 -7.695225e-01 4.479986e+01 -2.728037e+00 1.262972e+00 5.438738e-01 4.031250e+00 2.968340e+00 -1.265776e+00 9.438087e-01 2.618322e-01 2.273951e-01 1.012543e+00 -5.177621e-01 2.757955e-01 -2.876722e+00 -3.257985e-01 -7.113189e-01 -4.183412e-01 -1.380834e-01 1.203414e-01 1.168476e-01 -5.573513e-01 -3.713652e-01 -2.589642e-01 -8.339614e-02 2.577915e-01 -2.630789e-01 -1.543428e-02
<VARIANCE> 39
 1.505346e+01 4.735021e+00 4.174120e+00 2.862840e+01 1.299725e+01 1.700157e+01 6.177539e+00 1.318413e+01 7.804907e+00 1.520097e+01 1.509508e+01 6.380091e+00 1.195638e+01 2.847238e-01 1.011135e+00 5.197007e-01 5.864405e-01 9.779031e-01 4.963731e-01 5.375837e-01 1.415499e+00 1.038592e+00 5.252413e-01 3.067908e-01 6.583538e-01 1.376825e-01 1.045067e-01 2.565805e-01 7.564983e-02 4.781838e-01 5.921417e-01 2.315610e-01 1.657650e-01 3.287288e-01 1.546017e-01 9.172845e-02 2.716850e-01 2.553634e-01 8.760952e-02
<GCONST> 7.353852e+01
<STATE> 3
<MEAN> 39
 -2.855293e-01 -3.317678e+00 -1.467867e+00 -7.375403e+00 -7.634011e+00 4.868440e+00 -4.415934e+00 3.179699e+00 3.510454e+00 -1.280232e+00 5.260152e+00 -2.171322e+00 3.956457e+01 -2.567155e+00 -6.903417e-01 -1.409589e-01 1.685046e+00 1.466734e+00 -1.116486e+00 -8.936453e-01 -6.793348e-02 -1.006289e-01 -1.499399e-01 -7.073894e-01 -3.001153e-01 -1.836714e+00 2.999654e-01 -4.817029e-01 -4.530283e-02 -6.454087e-01 -3.810861e-01 4.539689e-01 -1.739004e-01 1.728460e-01 1.269406e-02 -3.843831e-01 1.812108e-02 -6.703299e-02 4.928221e-01
<VARIANCE> 39
 9.858295e+00 1.232017e+01 7.476718e+00 9.420988e+00 8.404187e+00 1.055127e+01 1.173363e+01 1.002743e+01 7.161874e+00 7.207153e+00 1.744811e+01 8.731645e+00 4.548722e+00 4.072883e-01 1.760708e+00 4.790789e-01 7.433691e-01 1.142300e+00 2.431582e+00 1.107867e+00 1.596786e+00 1.588350e+00 1.611043e+00 1.787966e+00 9.280798e-01 4.418684e-01 1.290601e-01 2.056773e-01 1.045012e-01 1.714422e-01 3.015329e-01 2.942043e-01 3.444896e-01 3.480360e-01 2.855751e-01 2.632141e-01 2.534873e-01 1.967018e-01 3.304316e-02
<GCONST> 8.013448e+01
<STATE> 4
<MEAN> 39
 -6.003618e+00 -5.258401e+00 -1.501539e-01 -3.190177e+00 -3.434436e+00 5.788862e+00 -4.021091e+00 5.146844e+00 2.360238e+00 -2.407863e+00 3.890344e+00 -2.486697e+00 3.607840e+01 -8.894785e-01 -5.020126e-01 1.890250e-01 7.378931e-01 9.140223e-01 4.507374e-01 -4.961397e-02 -2.923326e-01 -4.368751e-01 2.962332e-02 -1.795056e-01 -1.104996e-01 -4.309494e-01 2.635110e-01 1.132301e-01 4.263819e-02 -9.916390e-02 -1.236592e-01 1.472262e-01 1.067726e-01 -1.511933e-01 1.319457e-02 1.815481e-01 1.214883e-01 3.953002e-02 1.691172e-01
<VARIANCE> 39
 4.497201e+00 1.305896e+01 6.617685e+00 7.581119e+00 8.981325e+00 1.341124e+01 1.012663e+01 1.077709e+01 1.589935e+01 1.400412e+01 1.323696e+01 1.238179e+01 1.067012e+00 4.166395e-01 5.302164e-01 6.671691e-01 6.598982e-01 8.143643e-01 1.328608e+00 1.267084e+00 2.146048e+00 1.174988e+00 1.146235e+00 7.705413e-01 4.860665e-01 9.449936e-02 5.247598e-02 5.466967e-02 1.164091e-01 9.405173e-02 1.399826e-01 2.308874e-01 1.780302e-01 3.268936e-01 3.362355e-01 2.495175e-01 2.723086e-01 1.366310e-01 2.317753e-02
<GCONST> 6.924595e+01
<TRANSP> 5
 0.000000e+00 1.000000e+00 0.000000e+00 0.000000e+00 0.000000e+00
 0.000000e+00 3.340247e-01 6.659753e-01 0.000000e+00 0.000000e+00
 0.000000e+00 0.000000e+00 6.468610e-01 3.531390e-01 0.000000e+00
 0.000000e+00 0.000000e+00 0.000000e+00 7.692321e-01 2.307679e-01
 0.000000e+00 0.000000e+00 0.000000e+00 0.000000e+00 0.000000e+00
<ENDHMM>
