~o
<STREAMINFO> 1 39
<VECSIZE> 39<NULLD><MFCC_D_A_0><DIAGC>
~h "g"
<BEGINHMM>
<NUMSTATES> 5
<STATE> 2
<MEAN> 39
 2.647412e+00 4.511077e+00 1.414657e+01 2.069488e+00 -7.898744e+00 4.872647e+00 -7.922131e+00 -4.421742e+00 -6.465270e+00 -1.172496e+01 -8.188985e-01 -3.010067e+00 4.076440e+01 -6.844420e-01 1.382780e-01 -7.664181e-01 5.309393e-01 1.634861e+00 6.542754e-01 1.017038e+00 5.138496e-01 -6.830574e-01 -6.805369e-01 -7.016852e-02 1.225343e-01 -7.278011e-01 8.536115e-02 -2.217272e-01 3.361501e-02 -2.997275e-01 -4.708664e-01 1.590530e-02 -1.714525e-01 -1.089555e-01 3.095579e-01 1.321997e-01 5.118543e-02 9.696860e-03 1.850070e-01
<VARIANCE> 39
 3.130051e+00 2.887912e+00 6.625179e+00 7.286657e+00 2.585615e+01 1.129933e+01 8.823385e+00 9.841305e+00 9.668549e+00 1.316540e+01 1.269504e+01 8.718773e+00 3.939742e+00 1.112973e-01 9.291051e-01 4.257344e-01 9.170741e-01 1.743032e+00 9.312228e-01 1.261239e+00 4.659045e-01 1.848073e+00 1.882360e+00 1.227878e+00 8.344392e-01 3.227116e-01 1.843163e-02 6.742109e-02 9.331287e-02 1.056981e-01 1.934422e-01 2.098233e-01 3.189004e-01 9.940781e-02 2.123814e-01 3.723149e-01 2.573854e-01 1.830447e-01 2.328620e-02
<GCONST> 6.838673e+01
<STATE> 3
<MEAN> 39
 5.083885e-01 3.086182e+00 1.011259e+01 8.834862e-02 -5.960309e+00 6.850117e+00 -4.638962e+00 -2.780764e+00 -4.893292e+00 -1.119689e+01 -1.166131e-01 -1.887886e+00 3.931283e+01 1.062084e+00 -3.890673e-01 2.990788e-01 -1.566494e+00 -3.393815e+00 -1.565548e+00 -1.143072e+00 -8.374175e-01 1.126072e+00 1.774360e+00 8.886327e-01 4.561975e-01 1.097517e+00 5.903379e-01 -3.585974e-01 5.363258e-01 -4.726681e-01 -1.642690e+00 -7.014410e-01 -6.742520e-01 -1.114780e-01 4.111769e-01 5.542904e-01 2.182884e-01 -1.278243e-01 6.851714e-01
<VARIANCE> 39
 7.765011e+00 4.787771e+00 3.359108e+00 6.288632e+00 1.817177e+01 2.029913e+01 3.066286e+01 2.117089e+01 1.312517e+01 2.836432e+01 8.645683e+00 9.787929e+00 3.245058e+00 1.546549e+00 1.276770e+00 1.752444e+00 9.554439e-01 8.306669e+00 2.349192e+00 4.523208e+00 1.886382e+00 8.919240e-01 2.992646e+00 9.062828e-01 8.718160e-01 1.188163e+00 1.277344e-01 5.880511e-01 2.017281e-01 1.170227e-01 4.260336e-01 3.011765e-01 7.107865e-01 5.213377e-01 2.597456e-01 4.479057e-01 9.747829e-02 2.759847e-01 4.914308e-02
<GCONST> 9.133310e+01
<STATE> 4
<MEAN> 39
 7.459786e+00 -1.581234e+00 1.545157e+01 -7.179057e+00 -2.818443e+01 -2.078488e+00 -1.144613e+01 -6.887451e+00 8.479949e-01 -1.591936e+00 3.388744e+00 -2.069882e+00 4.767572e+01 1.776323e+00 -3.522331e+00 1.021578e+00 -2.576893e+00 -6.358196e+00 -1.517478e+00 -3.917381e-01 1.607360e+00 2.711365e+00 1.907304e+00 9.127694e-01 -5.065133e-01 3.117193e+00 -3.666098e-01 -5.542741e-01 -8.882485e-01 2.391669e-01 1.505141e+00 8.827241e-01 1.080266e+00 1.371644e+00 1.184550e-01 -9.723729e-01 -3.659216e-01 -2.001798e-01 -1.426192e-01
<VARIANCE> 39
 4.069765e+00 2.737246e+01 2.899122e+01 6.875319e+00 5.005819e+01 1.316303e+01 5.918397e+00 2.097985e+01 1.347028e+01 1.134727e+01 1.424648e+01 8.289450e+00 1.626397e+01 5.516303e-01 2.657751e+00 3.446451e+00 6.866115e-01 5.793844e+00 1.616638e+00 2.464341e+00 4.529810e+00 1.370397e+00 3.644293e+00 1.288664e+00 1.311115e+00 3.513236e-01 7.962298e-02 6.001008e-01 3.868192e-01 7.630114e-02 1.014213e+00 2.001036e-01 4.193719e-01 3.304347e-01 1.340776e-01 3.942467e-01 2.677631e-01 2.174451e-01 1.597273e-01
<GCONST> 9.481483e+01
<TRANSP> 5
 0.000000e+00 1.000000e+00 0.000000e+00 0.000000e+00 0.000000e+00
 0.000000e+00 8.540085e-01 1.459915e-01 0.000000e+00 0.000000e+00
 0.000000e+00 0.000000e+00 7.382208e-01 2.617792e-01 0.000000e+00
 0.000000e+00 0.000000e+00 0.000000e+00 5.708691e-01 4.291309e-01
 0.000000e+00 0.000000e+00 0.000000e+00 0.000000e+00 0.000000e+00
<ENDHMM>
