~o
<STREAMINFO> 1 39
<VECSIZE> 39<NULLD><MFCC_D_A_0><DIAGC>
~h "i"
<BEGINHMM>
<NUMSTATES> 5
<STATE> 2
<MEAN> 39
 4.547594e+00 1.877257e+00 1.494463e+01 -2.162560e+00 -1.916648e+01 -3.840305e+00 -1.577410e+01 -6.424597e+00 -8.940727e-01 -4.602431e+00 3.901820e+00 -2.077311e+00 4.368290e+01 1.225254e+00 -4.213451e-01 1.395323e+00 -1.085690e+00 -3.035198e+00 -7.660640e-01 -1.167678e+00 -8.926455e-01 2.678193e-01 -4.415945e-02 2.613508e-01 -5.132719e-01 1.428675e+00 -5.744807e-01 -3.844658e-01 -4.204816e-01 2.411812e-01 8.787779e-01 5.746691e-01 4.436253e-01 3.226674e-01 3.656759e-02 -1.045989e-01 -1.247136e-01 -1.085552e-02 -3.587248e-01
<VARIANCE> 39
 1.405473e+01 1.615480e+01 2.270196e+01 1.648431e+01 6.477418e+01 2.211276e+01 1.883945e+01 2.093396e+01 9.823449e+00 8.191473e+00 1.171576e+01 1.068453e+01 1.325768e+01 1.194345e+00 3.446789e+00 2.317199e+00 1.276936e+00 4.293640e+00 3.731897e+00 2.211005e+00 2.836116e+00 1.665493e+00 1.809141e+00 1.782092e+00 1.238556e+00 7.786835e-01 2.028731e-01 3.493036e-01 3.502481e-01 3.010682e-01 7.689022e-01 4.451614e-01 4.606136e-01 4.978710e-01 2.973869e-01 1.909975e-01 2.314564e-01 3.009126e-01 1.070441e-01
<GCONST> 1.016199e+02
<STATE> 3
<MEAN> 39
 7.280765e+00 -1.182834e+00 1.820229e+01 -4.098849e+00 -2.463233e+01 -3.546568e+00 -1.763457e+01 -6.440466e+00 6.987230e-01 -5.799828e+00 5.406765e+00 -3.174898e+00 4.774714e+01 2.926334e-02 -3.634622e-02 -2.384507e-01 1.316245e-03 2.794009e-01 1.714043e-01 7.675947e-02 5.507577e-02 4.079713e-02 -7.203290e-02 -5.307146e-02 3.842022e-02 -1.518662e-02 -1.551973e-01 2.352951e-01 -2.682979e-01 2.287615e-01 6.144233e-01 8.009600e-02 1.575310e-01 7.629228e-02 -8.099283e-02 3.891860e-02 -1.577560e-01 3.794684e-02 -2.834529e-01
<VARIANCE> 39
 4.743004e+00 1.656005e+01 2.260831e+01 1.288404e+01 2.398533e+01 3.809900e+01 1.895981e+01 1.737596e+01 1.241267e+01 1.604126e+01 1.552317e+01 7.932518e+00 8.786576e+00 1.504736e-01 5.921736e-01 1.268215e+00 9.137899e-01 1.828398e+00 1.211930e+00 1.082594e+00 1.012510e+00 1.065991e+00 7.532502e-01 9.562911e-01 7.718605e-01 2.895011e-01 5.341746e-02 1.121451e-01 1.476354e-01 2.001982e-01 3.432129e-01 3.065154e-01 2.306263e-01 2.799254e-01 2.156563e-01 1.737745e-01 2.598006e-01 2.002108e-01 6.024339e-02
<GCONST> 8.078415e+01
<STATE> 4
<MEAN> 39
 1.873858e+00 1.700815e+00 1.138866e+01 -1.261881e+00 -1.271584e+01 -8.279983e-01 -1.363831e+01 -5.066439e+00 -1.889050e+00 -6.391610e+00 1.636980e+00 -3.117437e+00 4.105371e+01 -8.517610e-01 1.951600e-01 -8.183031e-01 6.409207e-01 2.017906e+00 7.244431e-01 7.308308e-01 4.146631e-01 -9.677487e-02 1.071500e-01 -4.544933e-01 -1.324197e-01 -8.878582e-01 -1.151224e-01 -1.651052e-01 -9.005298e-02 -4.293998e-02 -2.557140e-02 2.890967e-02 7.952870e-02 5.615915e-02 5.320341e-02 7.265197e-02 1.328436e-01 -4.176037e-04 -2.560480e-02
<VARIANCE> 39
 2.179518e+01 1.935462e+01 2.077818e+01 1.746199e+01 5.257180e+01 2.960152e+01 2.084925e+01 1.882051e+01 1.759022e+01 1.128228e+01 1.748282e+01 9.877356e+00 1.520917e+01 3.497572e-01 1.695163e+00 9.368518e-01 1.174182e+00 3.024594e+00 2.015602e+00 2.486473e+00 1.931270e+00 1.805223e+00 1.379984e+00 2.056928e+00 8.274641e-01 4.871226e-01 4.923806e-02 1.338919e-01 1.435240e-01 1.764229e-01 3.555786e-01 2.625563e-01 3.214431e-01 2.967673e-01 2.472512e-01 2.718066e-01 3.594164e-01 2.077778e-01 4.636709e-02
<GCONST> 9.199192e+01
<TRANSP> 5
 0.000000e+00 1.000000e+00 0.000000e+00 0.000000e+00 0.000000e+00
 0.000000e+00 5.059551e-01 4.940449e-01 0.000000e+00 0.000000e+00
 0.000000e+00 0.000000e+00 8.252224e-01 1.747776e-01 0.000000e+00
 0.000000e+00 0.000000e+00 0.000000e+00 7.615501e-01 2.384499e-01
 0.000000e+00 0.000000e+00 0.000000e+00 0.000000e+00 0.000000e+00
<ENDHMM>
