~o
<STREAMINFO> 1 39
<VECSIZE> 39<NULLD><MFCC_D_A_0><DIAGC>
~h "j"
<BEGINHMM>
<NUMSTATES> 5
<STATE> 2
<MEAN> 39
 -2.678732e+00 1.150237e+00 8.440039e+00 2.235835e+00 -2.021598e+00 6.785903e+00 -6.996761e+00 -3.247160e-01 -1.555826e+00 -8.027962e+00 -4.420797e-01 -3.275671e+00 3.732742e+01 -9.820083e-01 -1.449765e+00 -1.253461e+00 -5.164058e-01 1.252803e-01 2.889471e-01 1.284965e+00 1.701730e+00 8.315017e-01 3.875718e-01 8.513103e-01 7.707130e-01 -3.867345e-01 1.509358e-01 2.152288e-01 3.166359e-01 1.186898e-02 -4.830111e-01 -5.221058e-01 -3.537124e-01 -3.647853e-01 -1.093863e-01 2.180051e-01 2.368713e-01 2.380706e-02 9.456292e-02
<VARIANCE> 39
 2.762454e+00 5.649137e+00 1.250351e+01 4.341706e+00 6.653142e+00 6.286933e+00 1.039301e+01 1.307395e+01 9.201097e+00 7.325387e+00 9.466219e+00 1.453866e+01 5.813703e-01 2.276203e-01 1.926990e-01 1.220382e+00 3.874410e-01 1.203889e+00 1.297136e+00 1.076952e+00 5.582527e-01 5.152786e-01 8.331942e-01 3.941264e-01 1.134675e+00 6.105280e-02 4.405412e-02 1.483739e-01 2.671795e-01 1.290935e-01 1.376195e-01 1.290567e-01 2.423035e-01 2.255115e-01 1.111810e-01 9.522410e-02 2.679333e-01 3.661513e-01 6.475162e-03
<GCONST> 6.002741e+01
<STATE> 3
<MEAN> 39
 -3.751583e+00 -3.001908e-03 7.798846e+00 1.326054e+00 -5.215607e+00 2.998869e+00 -7.289166e+00 3.176839e-01 7.257929e-02 -4.168349e+00 2.800489e+00 -1.979367e+00 3.691240e+01 1.347172e+00 7.381239e-01 3.290060e-01 -1.593709e+00 -3.032209e+00 -2.151394e+00 -1.775043e+00 -9.859005e-01 8.058742e-01 9.706776e-01 8.750204e-01 3.017013e-01 8.176659e-01 6.733592e-01 4.649308e-02 1.947572e-02 -7.563842e-01 -1.042058e+00 -3.524044e-01 -3.894348e-01 2.431552e-01 5.304673e-01 -4.180079e-02 -6.995642e-02 3.553502e-02 5.015496e-01
<VARIANCE> 39
 5.806015e+00 4.956160e+00 2.778052e+00 8.583344e+00 1.353907e+01 8.858924e+00 1.380551e+01 1.516356e+01 1.003263e+01 8.655305e+00 7.125585e+00 4.539627e+00 1.444006e+00 1.599928e+00 3.019916e-01 1.217035e+00 3.022524e+00 5.845596e+00 1.275498e+00 2.095062e+00 1.407265e+00 1.998197e+00 6.101637e-01 8.580931e-01 4.329446e-01 8.318322e-01 8.802236e-02 3.050521e-01 4.887953e-01 1.801740e-01 4.673380e-01 3.479033e-01 7.667440e-01 1.107773e+00 3.658003e-01 3.049448e-01 1.547051e-01 6.662279e-02 4.563251e-02
<GCONST> 8.145428e+01
<STATE> 4
<MEAN> 39
 4.460252e+00 1.466370e+00 9.304059e+00 -8.976228e+00 -2.343692e+01 -7.355063e+00 -1.522439e+01 3.038730e-01 8.446211e+00 -3.871244e-01 5.368365e+00 1.924632e-02 4.280106e+01 2.409042e+00 -1.048792e+00 -5.696149e-01 -3.335707e+00 -4.565430e+00 -1.441688e+00 3.328264e-02 3.096610e+00 3.143201e+00 3.268740e-01 -1.614838e-01 1.077885e-01 2.217452e+00 -4.012428e-01 -7.585085e-01 -9.157789e-01 5.308487e-01 1.781232e+00 1.358873e+00 1.312755e+00 7.871412e-01 -4.012990e-01 -4.996303e-01 -4.698726e-01 -4.473612e-01 -1.154752e-01
<VARIANCE> 39
 4.081397e+00 5.702438e+00 2.652102e+01 1.029982e+01 2.384361e+01 1.116318e+01 7.647622e+00 2.565271e+01 5.298746e+00 5.593160e+00 1.294571e+01 1.013604e+00 3.148878e+00 3.889326e-01 2.351729e-01 2.322852e+00 7.209160e-01 3.793062e+00 2.167581e+00 2.170089e+00 1.211682e+00 1.679035e+00 4.041555e+00 9.235782e-01 3.269945e-01 1.842110e-01 8.513682e-02 5.621897e-02 5.588844e-01 3.047656e-01 4.983072e-01 1.690367e-01 1.741550e-01 5.031480e-01 2.134598e-01 1.934803e-01 1.813162e-01 4.804139e-02 4.888533e-02
<GCONST> 7.566209e+01
<TRANSP> 5
 0.000000e+00 1.000000e+00 0.000000e+00 0.000000e+00 0.000000e+00
 0.000000e+00 7.501225e-01 2.498775e-01 0.000000e+00 0.000000e+00
 0.000000e+00 0.000000e+00 7.645974e-01 2.354027e-01 0.000000e+00
 0.000000e+00 0.000000e+00 0.000000e+00 5.000001e-01 5.000000e-01
 0.000000e+00 0.000000e+00 0.000000e+00 0.000000e+00 0.000000e+00
<ENDHMM>
