~o
<STREAMINFO> 1 39
<VECSIZE> 39<NULLD><MFCC_D_A_0><DIAGC>
~h "k"
<BEGINHMM>
<NUMSTATES> 5
<STATE> 2
<MEAN> 39
 -1.103863e+01 -8.281634e+00 2.371445e+00 6.540474e-01 -3.903919e+00 4.268937e+00 -5.816985e+00 -1.395715e-01 -3.743728e+00 -3.608551e+00 3.163968e+00 -5.862675e-01 3.362878e+01 2.740845e-01 -1.158688e-01 -8.739600e-01 -4.443612e-01 5.764791e-01 1.300899e+00 1.663699e-01 -3.242450e-01 -3.917846e-01 7.084899e-02 -1.376800e-01 -6.041399e-02 2.399394e-01 4.794524e-01 2.864711e-01 1.500232e-02 -2.199636e-01 -5.642987e-01 -2.611733e-01 -2.111988e-01 -1.304989e-01 4.189814e-01 1.437314e-01 2.908250e-01 -2.092381e-01 2.534171e-01
<VARIANCE> 39
 2.055621e+01 2.072449e+01 2.401148e+01 7.093991e+00 2.163168e+01 1.622121e+01 1.256026e+01 1.374641e+01 1.858524e+01 1.334514e+01 1.860396e+01 9.965971e+00 4.955300e+00 1.433100e+00 8.055792e-01 8.561034e-01 1.118860e+00 1.281268e+00 3.094496e+00 3.413536e-01 1.194445e+00 2.135338e+00 5.382544e-01 2.096418e+00 1.803383e+00 5.016404e-01 1.156034e-01 1.303534e-01 1.943008e-01 1.310108e-01 2.708273e-01 4.362451e-01 1.900048e-01 2.135146e-01 4.682927e-01 2.154639e-01 3.730590e-01 1.642895e-01 4.448722e-02
<GCONST> 8.617310e+01
<STATE> 3
<MEAN> 39
 -5.352143e+00 -5.545178e+00 1.465140e+00 -3.862732e+00 -9.865932e+00 2.006736e+00 -8.631327e+00 -2.343603e+00 -1.012573e+00 -2.514953e+00 5.650766e+00 -1.947788e+00 3.695836e+01 2.999844e+00 1.930426e+00 5.235506e-01 -2.331189e+00 -3.005117e+00 -1.794982e+00 -1.528721e+00 -8.269452e-01 -9.087248e-02 -5.690334e-01 7.169017e-01 5.890568e-01 1.619299e+00 5.770262e-01 1.266784e-01 2.915750e-02 -5.527545e-01 -3.123579e-01 9.033431e-02 -2.453294e-01 -2.022240e-01 -3.126215e-01 -3.640747e-01 1.393572e-01 3.992414e-01 4.040378e-01
<VARIANCE> 39
 2.900531e+01 3.974972e+01 3.000917e+01 2.072212e+01 6.216283e+01 7.036539e+01 2.307413e+01 8.257088e+00 1.651395e+01 1.105160e+01 1.703412e+01 1.139701e+01 5.978274e+00 3.030909e+00 3.192556e+00 3.629118e+00 3.598459e+00 3.443828e+00 5.605345e+00 1.577800e+00 1.552395e+00 2.301626e+00 2.140741e+00 2.533399e+00 2.335444e+00 1.066588e+00 4.164808e-01 8.873251e-01 8.174246e-01 5.197183e-01 1.307436e+00 2.316161e+00 3.458507e-01 3.063602e-01 2.918606e-01 2.547561e-01 5.099531e-01 3.943975e-01 1.163683e-01
<GCONST> 1.138470e+02
<STATE> 4
<MEAN> 39
 6.955317e+00 1.285370e+00 1.395719e+00 -1.498789e+01 -1.968795e+01 -2.172239e+00 -1.290843e+01 -6.153939e+00 -5.956720e+00 -6.211491e+00 9.028897e+00 2.672530e+00 4.409566e+01 3.812098e+00 2.728733e-01 -1.120002e+00 -3.279987e+00 -1.583172e+00 1.324129e+00 -1.563946e+00 -1.478496e+00 -9.667976e-01 -1.058797e+00 9.688168e-01 1.138271e+00 2.792003e+00 -9.423798e-01 -1.226740e+00 -3.593887e-01 1.036955e+00 1.130971e+00 1.018199e+00 3.589816e-01 1.763135e-01 4.972733e-01 5.681235e-01 -1.624927e-01 -5.330826e-01 -2.938941e-01
<VARIANCE> 39
 9.685589e-01 2.585011e+00 8.254178e+00 2.917159e+00 2.912494e+00 4.633078e+00 9.867135e+00 7.779718e+00 4.620856e+00 2.505096e+00 7.890275e+00 1.800587e+00 1.417162e+00 1.690773e+00 1.596212e+00 6.799542e-01 8.010744e-01 2.742392e+00 3.998767e+00 2.023271e+00 3.893955e-01 1.277686e+00 2.337035e-01 1.212334e-02 1.826118e-01 5.224312e-01 1.104914e-01 3.499350e-01 7.472896e-01 1.412462e-01 3.475684e-01 7.670230e-01 3.242659e-01 2.532369e-01 8.861130e-02 2.931180e-01 8.300465e-02 1.608214e-01 3.383358e-02
<GCONST> 6.206497e+01
<TRANSP> 5
 0.000000e+00 1.000000e+00 0.000000e+00 0.000000e+00 0.000000e+00
 0.000000e+00 6.373945e-01 3.626055e-01 0.000000e+00 0.000000e+00
 0.000000e+00 0.000000e+00 7.773916e-01 2.226084e-01 0.000000e+00
 0.000000e+00 0.000000e+00 0.000000e+00 1.664001e-07 9.999998e-01
 0.000000e+00 0.000000e+00 0.000000e+00 0.000000e+00 0.000000e+00
<ENDHMM>
