~o
<STREAMINFO> 1 39
<VECSIZE> 39<NULLD><MFCC_D_A_0><DIAGC>
~h "m"
<BEGINHMM>
<NUMSTATES> 5
<STATE> 2
<MEAN> 39
 6.960222e+00 -9.726983e-01 6.516194e+00 -1.951542e+00 -7.086284e+00 5.141655e+00 -1.367749e+01 -7.117137e+00 -5.585434e+00 -9.586724e+00 2.886011e+00 -3.139397e+00 4.513614e+01 -4.792984e-01 2.225937e+00 2.077318e+00 1.569116e+00 1.992684e-01 -1.261927e+00 -7.281289e-01 -9.596617e-01 -1.386095e+00 -6.677032e-01 -5.152146e-03 6.812669e-01 -9.678515e-01 -9.086481e-02 -5.972156e-01 -3.114705e-01 -2.679976e-01 -1.167197e-02 3.015891e-01 8.904158e-02 3.717840e-01 4.591128e-01 6.287407e-02 -1.696362e-01 -2.167823e-01 1.518002e-01
<VARIANCE> 39
 1.090120e+01 1.867975e+01 1.489403e+01 1.285301e+01 1.381680e+01 1.985067e+01 1.816488e+01 2.215735e+01 2.540269e+01 1.364019e+01 1.071204e+01 1.532834e+01 1.062717e+01 2.584310e+00 1.989497e+00 8.517338e-01 2.122762e+00 2.573366e+00 1.164245e+00 2.243244e+00 2.339192e+00 2.312319e+00 1.057409e+00 2.163105e+00 2.332862e+00 1.513372e+00 1.044067e-01 1.294538e-01 2.397771e-01 1.663378e-01 2.746415e-01 1.433409e-01 4.667506e-01 4.597897e-01 3.338304e-01 2.690676e-01 3.265959e-01 3.363403e-01 7.331146e-02
<GCONST> 9.555278e+01
<STATE> 3
<MEAN> 39
 2.984627e+00 3.714430e+00 1.063550e+01 -7.760582e-01 -9.451440e+00 2.337084e-01 -1.264487e+01 -3.853612e+00 -3.248387e+00 -7.930148e+00 1.508351e+00 -3.373153e+00 4.101230e+01 9.283023e-02 1.440263e-01 4.488688e-02 1.507883e-01 6.369305e-02 9.934508e-02 1.790104e-01 -1.617507e-02 5.257487e-02 -7.622821e-02 -1.616387e-01 -6.026984e-02 1.575513e-02 -7.158291e-02 -5.146196e-01 -5.889490e-01 -3.123059e-01 5.141026e-02 3.504615e-01 3.507420e-01 2.039891e-01 2.054649e-01 1.605627e-01 7.121179e-02 -4.910924e-02 5.735370e-02
<VARIANCE> 39
 9.199758e+00 4.312289e+00 6.766579e+00 1.069970e+01 2.307010e+01 2.642248e+01 2.074864e+01 2.005765e+01 1.607205e+01 1.165973e+01 9.129979e+00 1.073707e+01 5.710911e+00 1.027793e+00 6.383006e-01 9.544316e-01 1.026769e+00 1.268976e+00 1.468639e+00 1.806390e+00 1.162988e+00 1.230239e+00 8.521228e-01 1.271099e+00 8.471969e-01 4.789612e-01 2.440563e-01 2.947877e-01 3.968352e-01 3.509638e-01 3.774255e-01 4.028823e-01 3.505037e-01 2.444379e-01 3.976420e-01 2.269536e-01 2.535731e-01 2.659690e-01 1.082748e-01
<GCONST> 8.768440e+01
<STATE> 4
<MEAN> 39
 5.066831e+00 -1.504472e+00 4.872231e+00 -4.233144e+00 -9.787018e+00 4.934165e+00 -9.937914e+00 -3.201223e+00 -1.718727e+00 -8.173345e+00 7.430871e-01 -4.577637e+00 4.367625e+01 3.561508e-01 -2.934432e+00 -2.437996e+00 -1.764768e+00 -2.264423e-01 1.842290e+00 1.174426e+00 1.467987e+00 1.983956e+00 5.910487e-01 -2.533032e-01 -1.096298e+00 1.086079e+00 -3.537325e-02 -4.947087e-01 8.703275e-02 2.990158e-02 -1.518891e-02 8.476124e-02 -1.638800e-01 2.185280e-01 2.470104e-01 -3.751570e-02 7.221877e-02 -3.154688e-02 1.888566e-01
<VARIANCE> 39
 2.264797e+01 3.569111e+01 5.296135e+01 4.024526e+01 6.996515e+01 3.620052e+01 2.379464e+01 2.544881e+01 3.342942e+01 1.779648e+01 1.750883e+01 1.306223e+01 1.717186e+01 2.346178e+00 2.676237e+00 5.816046e+00 2.908250e+00 3.702170e+00 2.722781e+00 2.334074e+00 2.126702e+00 2.616887e+00 2.273302e+00 2.543858e+00 1.952994e+00 2.099459e+00 1.226855e-01 7.090804e-01 1.027190e+00 6.388610e-01 2.729384e-01 5.536770e-01 3.859443e-01 3.121704e-01 5.803533e-01 4.158061e-01 4.813291e-01 3.703820e-01 1.619734e-01
<GCONST> 1.158147e+02
<TRANSP> 5
 0.000000e+00 1.000000e+00 0.000000e+00 0.000000e+00 0.000000e+00
 0.000000e+00 6.798031e-01 3.201969e-01 0.000000e+00 0.000000e+00
 0.000000e+00 0.000000e+00 7.851489e-01 2.148512e-01 0.000000e+00
 0.000000e+00 0.000000e+00 0.000000e+00 6.488186e-01 3.511814e-01
 0.000000e+00 0.000000e+00 0.000000e+00 0.000000e+00 0.000000e+00
<ENDHMM>
