~o
<STREAMINFO> 1 39
<VECSIZE> 39<NULLD><MFCC_D_A_0><DIAGC>
~h "n"
<BEGINHMM>
<NUMSTATES> 5
<STATE> 2
<MEAN> 39
 6.823012e+00 2.545302e-01 7.597364e+00 -4.504832e+00 -1.245205e+01 9.441001e-01 -1.500102e+01 -6.267849e+00 -1.044797e+00 -5.984251e+00 1.384496e+00 -6.108891e+00 4.475595e+01 -1.135719e+00 2.326539e+00 2.041465e+00 2.181329e+00 4.850050e-01 -1.497887e+00 3.130767e-01 -3.848728e-01 -2.134847e+00 -1.534109e+00 -5.128374e-01 8.955122e-01 -1.609001e+00 2.065231e-01 -5.549788e-01 -4.107623e-01 -7.232648e-01 -1.459907e-01 4.319284e-01 -7.617715e-02 3.794322e-01 4.886962e-01 3.026752e-01 3.326391e-01 -1.445055e-01 4.238420e-01
<VARIANCE> 39
 7.566022e+00 7.549124e+00 6.833352e+00 1.008677e+01 2.275830e+01 1.204270e+01 1.349341e+01 1.529671e+01 1.834069e+01 1.528514e+01 6.378353e+00 9.542243e+00 8.083987e+00 2.306041e-01 8.640451e-01 6.672757e-01 1.861045e+00 1.525737e+00 8.624681e-01 1.454970e+00 2.779343e+00 2.517621e+00 1.496678e+00 1.191150e+00 1.284219e+00 3.929291e-01 2.721090e-02 1.047134e-01 8.636648e-02 1.308123e-01 1.369121e-01 1.216109e-01 2.454928e-01 2.627109e-01 3.708914e-01 3.502912e-01 2.262880e-01 2.508660e-01 3.148893e-02
<GCONST> 7.827764e+01
<STATE> 3
<MEAN> 39
 4.881201e+00 3.794197e+00 1.204189e+01 -9.671659e-01 -1.099614e+01 -3.920682e-01 -1.489850e+01 -5.450501e+00 -3.122262e+00 -8.304190e+00 1.226739e+00 -4.187775e+00 4.266118e+01 -5.470216e-01 1.202792e-01 3.911060e-01 7.609681e-01 6.528686e-01 3.396735e-01 4.448335e-01 2.772102e-02 -2.096896e-01 -8.063112e-02 -2.100106e-01 2.873354e-01 -4.225604e-01 -8.258798e-03 -3.224734e-01 -3.192215e-01 -1.132382e-01 1.591559e-01 3.151376e-01 1.398034e-01 1.557294e-01 2.255333e-01 1.066984e-01 2.173401e-02 -3.585669e-02 6.675121e-02
<VARIANCE> 39
 1.117178e+01 5.516971e+00 6.160439e+00 1.712356e+01 3.678291e+01 7.263972e+00 9.190408e+00 1.361689e+01 1.648194e+01 1.100074e+01 6.656435e+00 9.781869e+00 9.069713e+00 1.528599e-01 4.768475e-01 6.266555e-01 6.051217e-01 1.061959e+00 1.088405e+00 7.164625e-01 1.181861e+00 9.580930e-01 9.103363e-01 6.113083e-01 8.064066e-01 1.343086e-01 4.877190e-02 7.970262e-02 1.288196e-01 1.813695e-01 1.529398e-01 1.722929e-01 2.237966e-01 3.733335e-01 2.580191e-01 1.866842e-01 1.223164e-01 1.878941e-01 4.823060e-02
<GCONST> 7.073106e+01
<STATE> 4
<MEAN> 39
 2.424867e-01 1.167615e-01 9.492716e+00 8.262576e-01 -6.375563e+00 4.447579e+00 -9.878837e+00 -2.217015e+00 -9.129219e-01 -6.877233e+00 5.061908e-01 -3.268435e+00 3.988894e+01 -1.126827e+00 -1.143327e+00 -1.184448e+00 -6.580982e-01 3.320421e-01 6.857986e-01 1.345800e+00 1.411161e+00 8.875470e-01 5.634845e-01 4.696591e-01 2.108009e-01 -5.678771e-01 -6.380156e-02 -7.975227e-02 -1.345037e-01 -2.745846e-01 -3.499146e-01 -2.341981e-01 -3.355537e-02 -4.981486e-02 -7.007705e-03 1.458589e-01 1.593360e-01 -6.565997e-02 6.488287e-03
<VARIANCE> 39
 1.387408e+01 1.312190e+01 1.685451e+01 1.548147e+01 8.728828e+01 1.573245e+01 8.372923e+00 1.637029e+01 1.781516e+01 1.425801e+01 1.119184e+01 1.063326e+01 1.080316e+01 9.351287e-01 7.395599e-01 1.501512e+00 8.779806e-01 1.920731e+00 1.575522e+00 1.285189e+00 1.901071e+00 1.386914e+00 2.394606e+00 1.246459e+00 8.342953e-01 6.079712e-01 6.193988e-02 1.606276e-01 1.923044e-01 2.136967e-01 2.554520e-01 2.299117e-01 1.671171e-01 3.426874e-01 3.571810e-01 3.152768e-01 2.557139e-01 1.819140e-01 3.782387e-02
<GCONST> 8.791409e+01
<TRANSP> 5
 0.000000e+00 1.000000e+00 0.000000e+00 0.000000e+00 0.000000e+00
 0.000000e+00 6.064909e-01 3.935091e-01 0.000000e+00 0.000000e+00
 0.000000e+00 0.000000e+00 8.274035e-01 1.725965e-01 0.000000e+00
 0.000000e+00 0.000000e+00 0.000000e+00 7.224072e-01 2.775928e-01
 0.000000e+00 0.000000e+00 0.000000e+00 0.000000e+00 0.000000e+00
<ENDHMM>
