~o
<STREAMINFO> 1 39
<VECSIZE> 39<NULLD><MFCC_D_A_0><DIAGC>
~h "ng"
<BEGINHMM>
<NUMSTATES> 5
<STATE> 2
<MEAN> 39
 2.198037e+00 2.945872e+00 1.056580e+01 -4.898400e+00 -1.554752e+01 2.078433e-01 -1.264162e+01 -2.518060e+00 1.590904e+00 -5.737910e+00 -1.691226e+00 -6.479357e+00 4.091999e+01 -4.479568e-01 1.162740e+00 -7.592422e-01 3.364274e-01 1.152143e+00 -1.135630e+00 -3.002129e-01 -2.090207e-01 4.827281e-02 1.265357e-01 -1.591543e-01 2.991147e-01 -8.596043e-01 8.708309e-02 -2.781990e-01 1.185560e-01 1.147835e-01 -3.342786e-01 -1.723675e-01 -1.143785e-01 7.793939e-03 1.727829e-01 -1.255390e-02 4.093647e-01 5.043194e-02 1.509715e-01
<VARIANCE> 39
 1.669557e+00 2.670448e+00 3.501120e+00 2.203877e+01 2.827765e+01 8.433558e+00 6.779663e+00 5.368543e+00 2.762367e+00 1.436635e+01 5.885004e+00 8.371284e+00 1.985415e+00 7.344616e-02 6.550708e-01 9.730139e-01 1.441381e+00 3.840620e+00 6.545897e-01 1.310937e+00 2.243796e+00 1.722741e+00 1.110257e-01 8.313583e-01 1.899087e-01 4.435570e-01 3.729348e-02 1.221539e-01 5.407470e-02 9.623875e-02 3.472067e-02 1.477568e-01 1.053391e-01 1.480310e-02 3.692949e-02 2.231946e-01 2.053252e-01 4.704758e-01 9.861710e-03
<GCONST> 5.570207e+01
<STATE> 3
<MEAN> 39
 1.016492e+00 3.380014e+00 8.669695e+00 -3.642963e+00 -1.317254e+01 -2.189950e+00 -1.234981e+01 -1.187501e+00 8.476380e-01 -7.008582e+00 -7.602017e-01 -4.825999e+00 3.942609e+01 -6.226684e-01 -2.825382e-01 -5.163309e-01 2.656834e-01 1.194119e+00 7.482238e-01 3.557344e-01 2.978667e-01 -9.417655e-02 1.738818e-01 1.264177e-01 -4.860394e-02 -4.799723e-01 -1.089138e-01 -3.194517e-01 1.737735e-02 5.347542e-03 4.264625e-02 3.516435e-01 2.307786e-01 4.852217e-02 -5.685846e-02 1.285909e-01 4.651105e-02 -8.442622e-02 3.796545e-02
<VARIANCE> 39
 3.333566e+00 1.809802e+00 7.974293e+00 1.021486e+01 1.378290e+01 1.505824e+01 7.508941e+00 7.358723e+00 4.540759e+00 6.718562e+00 4.404791e+00 9.513519e+00 1.275867e+00 3.062313e-01 3.364395e-01 5.869859e-01 5.143485e-01 8.170256e-01 2.261033e+00 1.052165e+00 8.331100e-01 3.544931e-01 7.991089e-01 5.841141e-01 1.173517e+00 9.860293e-02 5.282922e-02 4.229995e-02 1.414469e-01 1.120407e-01 2.230927e-01 2.469922e-01 1.754066e-01 2.758006e-01 1.423897e-01 1.190052e-01 1.150834e-01 2.698046e-01 2.529035e-02
<GCONST> 6.027193e+01
<STATE> 4
<MEAN> 39
 -3.876268e+00 -2.542288e+00 5.606847e+00 -1.565981e+00 -6.746355e+00 4.621942e+00 -6.009591e+00 5.239421e-01 5.068021e-02 -5.361045e+00 3.074156e-01 -4.247724e+00 3.718795e+01 -1.101136e+00 -1.265511e+00 -3.099678e-01 5.180454e-01 4.586904e-01 3.864471e-01 8.545815e-01 3.392440e-01 -3.439859e-01 1.358811e-01 5.519376e-01 6.976569e-01 -4.055347e-01 -2.009324e-02 2.417937e-02 7.654118e-02 -3.838557e-02 -3.556699e-01 -3.392191e-01 -2.662887e-01 -5.688203e-02 8.024115e-02 -6.247838e-02 5.625519e-02 2.342602e-01 9.986992e-04
<VARIANCE> 39
 5.890300e+00 8.949821e+00 2.848483e+00 2.184973e+00 6.602561e+00 1.150718e+01 9.552667e+00 7.279191e+00 7.218125e+00 8.715922e+00 6.813144e+00 4.069876e+00 9.938799e-01 6.296667e-01 1.303947e+00 3.272722e-01 1.928452e-01 1.670123e+00 1.064307e+00 1.079845e+00 1.256266e+00 1.691172e+00 5.450655e-01 1.525495e+00 5.972944e-01 8.255309e-02 9.331743e-02 1.014546e-01 5.624406e-02 3.791745e-02 2.270964e-01 2.273224e-01 1.382204e-01 2.441784e-01 1.752379e-01 1.092083e-01 3.024942e-01 7.103839e-02 1.728214e-02
<GCONST> 5.973503e+01
<TRANSP> 5
 0.000000e+00 1.000000e+00 0.000000e+00 0.000000e+00 0.000000e+00
 0.000000e+00 1.906747e-41 1.000000e+00 0.000000e+00 0.000000e+00
 0.000000e+00 0.000000e+00 8.389823e-01 1.610177e-01 0.000000e+00
 0.000000e+00 0.000000e+00 0.000000e+00 7.797116e-01 2.202884e-01
 0.000000e+00 0.000000e+00 0.000000e+00 0.000000e+00 0.000000e+00
<ENDHMM>
