~o
<STREAMINFO> 1 39
<VECSIZE> 39<NULLD><MFCC_D_A_0><DIAGC>
~h "p"
<BEGINHMM>
<NUMSTATES> 5
<STATE> 2
<MEAN> 39
 -2.760256e+00 -1.283926e+00 6.442330e+00 5.991632e-01 -5.241475e+00 2.817046e+00 -9.213695e+00 -9.511750e-01 -8.131903e-01 -6.544596e+00 9.123802e-01 -3.797274e+00 3.790045e+01 -2.016995e+00 -1.446405e+00 -7.182855e-01 4.092664e-01 8.075089e-01 9.274837e-01 1.907007e+00 1.997493e+00 1.048287e+00 2.442511e-01 -5.535385e-01 -2.142735e-01 -1.103174e+00 1.618205e-01 -1.929567e-01 -1.321409e-01 -2.572585e-01 -3.175063e-01 -1.815273e-01 -3.127234e-01 -3.652990e-01 -1.891446e-01 3.948315e-01 6.288242e-01 3.141438e-01 1.747708e-01
<VARIANCE> 39
 7.889543e+00 8.837879e+00 8.300243e+00 1.137628e+01 1.427836e+01 9.308458e+00 1.550360e+01 2.085258e+01 1.396244e+01 1.800755e+01 1.581057e+01 1.193020e+01 1.583057e+00 4.326604e-01 9.856656e-01 1.675366e+00 1.326205e+00 1.989980e+00 1.685853e+00 1.984261e+00 2.934099e+00 2.752574e+00 3.642160e+00 3.382092e+00 1.877926e+00 2.581277e-01 6.016246e-02 1.818416e-01 2.084159e-01 1.702713e-01 2.479071e-01 2.409937e-01 2.690314e-01 3.592903e-01 2.562178e-01 4.339636e-01 4.773030e-01 2.811824e-01 3.455341e-02
<GCONST> 8.750347e+01
<STATE> 3
<MEAN> 39
 -8.032030e+00 -6.930561e+00 2.767096e+00 1.019750e+00 -4.043156e+00 4.101401e+00 -4.645573e+00 2.358184e+00 8.748942e-01 -3.326711e+00 3.208292e+00 -1.773444e+00 3.522900e+01 2.413271e-02 -1.237757e-01 -6.686637e-01 -7.410508e-01 -3.152629e-01 -1.606698e-01 3.231460e-01 1.817541e-01 2.800970e-01 7.208645e-01 2.724603e-01 8.296725e-02 4.894247e-03 7.552217e-01 2.150683e-01 -1.522385e-01 -5.876957e-01 -2.996991e-01 1.474724e-01 -2.717787e-01 -2.479775e-01 2.367042e-02 -1.512950e-01 -9.879706e-02 -2.299718e-01 5.246575e-01
<VARIANCE> 39
 5.469895e+00 1.430923e+01 1.122748e+01 9.661480e+00 1.373288e+01 1.176987e+01 1.186039e+01 1.615005e+01 1.150205e+01 1.057664e+01 1.189603e+01 7.794295e+00 1.408065e+00 2.792755e+00 1.453804e+00 1.182288e+00 2.564255e+00 1.624659e+00 1.180044e+00 1.346469e+00 1.666617e+00 1.563895e+00 1.472190e+00 1.839183e+00 1.040363e+00 1.119554e+00 3.745606e-01 2.986837e-01 4.160004e-01 6.864717e-01 2.704565e-01 4.086468e-01 2.784186e-01 4.464584e-01 5.818510e-01 2.871901e-01 3.964806e-01 2.464088e-01 2.722080e-01
<GCONST> 9.315510e+01
<STATE> 4
<MEAN> 39
 8.043516e-01 -6.426056e+00 -3.062021e+00 -1.038134e+01 -1.021393e+01 6.457974e+00 -5.053655e+00 1.661602e+00 3.743475e+00 -1.634447e+00 3.646248e+00 -4.438645e+00 4.177486e+01 3.454631e+00 -2.113269e+00 -2.319791e+00 -4.040695e+00 -1.702365e+00 2.213091e+00 -1.122809e+00 -3.571739e-01 1.307157e+00 3.734939e-01 1.008939e-01 -2.040781e+00 3.432172e+00 -1.868575e-01 -7.658641e-01 3.826362e-01 6.308813e-01 4.447403e-01 1.082892e-01 -4.898607e-01 1.802564e-01 2.238371e-01 -4.276387e-01 -4.444971e-01 -3.151025e-01 2.306064e-01
<VARIANCE> 39
 7.259185e+01 1.698421e+01 3.329924e+01 8.672829e+01 2.981984e+01 3.319483e+01 1.670533e+01 1.019049e+01 1.559848e+01 8.709766e+00 7.483570e+00 2.388350e+01 4.650974e+01 6.727846e+00 3.078234e+00 2.182953e+00 7.744165e+00 4.243317e+00 3.627581e+00 2.645566e+00 9.713210e-01 3.152505e+00 1.540540e+00 1.585332e+00 2.531772e+00 5.900525e+00 9.763762e-01 5.582872e-01 4.990551e-01 1.597205e+00 4.648986e-01 8.191015e-01 2.763598e-01 1.709516e-01 3.028747e-01 2.533269e-01 2.023652e-01 4.915421e-01 6.884634e-01
<GCONST> 1.169154e+02
<TRANSP> 5
 0.000000e+00 1.000000e+00 0.000000e+00 0.000000e+00 0.000000e+00
 0.000000e+00 7.169554e-01 2.830446e-01 0.000000e+00 0.000000e+00
 0.000000e+00 0.000000e+00 7.495643e-01 2.504357e-01 0.000000e+00
 0.000000e+00 0.000000e+00 0.000000e+00 5.018156e-01 4.981845e-01
 0.000000e+00 0.000000e+00 0.000000e+00 0.000000e+00 0.000000e+00
<ENDHMM>
