~o
<STREAMINFO> 1 39
<VECSIZE> 39<NULLD><MFCC_D_A_0><DIAGC>
~h "r"
<BEGINHMM>
<NUMSTATES> 5
<STATE> 2
<MEAN> 39
 8.793423e+00 -4.817064e+00 8.499228e+00 -5.182907e+00 -1.846650e+01 -3.330339e+00 -1.608319e+01 -4.206036e-01 4.572813e+00 -5.598300e+00 3.861613e+00 -1.558493e+00 4.839408e+01 -8.700315e-01 7.541747e-01 -1.419551e+00 1.373991e+00 3.732506e+00 2.117084e-01 -1.264908e+00 -6.059087e-01 1.013036e+00 1.308661e+00 -8.331653e-01 -8.991277e-01 -1.262830e+00 1.726817e-02 7.297737e-04 1.413475e-02 -1.910447e-01 -2.309809e-01 7.456337e-02 -5.445665e-02 -4.344657e-01 -1.618802e-01 4.008007e-01 2.477861e-01 -2.673934e-01 5.377005e-02
<VARIANCE> 39
 4.502394e+00 3.505349e+01 2.220859e+01 2.286510e+01 4.398017e+01 2.282713e+01 2.789866e+01 6.463221e+01 2.158621e+01 3.020576e+01 1.835100e+01 8.004591e+00 1.110842e+01 3.898083e-01 9.828320e-01 6.505403e-01 9.484633e-01 1.391554e+00 1.526230e+00 3.270732e+00 1.290838e+00 1.484917e+00 1.849284e+00 1.364196e+00 1.374262e+00 6.548652e-01 1.140138e-01 2.250818e-01 1.627554e-01 2.328219e-01 3.589849e-01 2.072594e-01 5.145369e-01 2.893911e-01 3.547842e-01 3.268239e-01 2.341629e-01 1.583356e-01 1.767252e-01
<GCONST> 9.460085e+01
<STATE> 3
<MEAN> 39
 7.709893e+00 -3.285158e+00 4.991991e+00 -4.963588e+00 -1.385937e+01 -2.996397e+00 -1.826544e+01 -2.271888e+00 7.126233e+00 -6.923617e-01 3.596672e+00 -4.787847e+00 4.658288e+01 2.947069e-01 -3.452161e-02 -1.545061e+00 -5.809955e-01 1.535411e+00 5.139938e-01 -1.301577e+00 -1.166153e+00 3.883308e-01 1.357707e+00 3.262949e-01 -7.883692e-01 5.661449e-02 3.882367e-01 -4.339771e-01 4.357322e-02 -5.578262e-01 -6.544934e-01 3.089477e-01 1.490985e-01 -4.010308e-03 -3.161386e-01 -3.647426e-01 2.625674e-01 1.255064e-01 5.208191e-01
<VARIANCE> 39
 6.602205e+00 3.294269e+01 2.598862e+01 2.952492e+01 3.514381e+01 2.264444e+01 3.363224e+01 4.677228e+01 2.914170e+01 1.818566e+01 1.643883e+01 1.018435e+01 1.413426e+01 9.474028e-01 1.487602e+00 9.155691e-01 1.839701e+00 2.550260e+00 1.576994e+00 2.205409e+00 1.579218e+00 1.160158e+00 1.657408e+00 1.379756e+00 8.332384e-01 1.391769e+00 1.384260e-01 2.370177e-01 2.511600e-01 2.846307e-01 4.575693e-01 3.618280e-01 6.130583e-01 4.567129e-01 2.597269e-01 4.558946e-01 3.224512e-01 2.202340e-01 1.818427e-01
<GCONST> 1.008025e+02
<STATE> 4
<MEAN> 39
 1.037160e+01 -4.981999e+00 8.994513e-01 -7.754527e+00 -1.087275e+01 -4.265486e-01 -2.223823e+01 -6.688539e+00 6.870447e+00 1.244159e+00 4.953487e+00 -5.755129e+00 4.867434e+01 1.204168e+00 -1.560653e+00 -1.267320e+00 -1.621668e+00 2.237241e-01 1.893720e+00 -4.744473e-01 -6.505378e-01 -5.711644e-01 -5.438488e-01 7.446620e-01 -2.899152e-02 1.470370e+00 -1.480529e-01 -4.977881e-03 4.418701e-01 9.830356e-02 -4.912270e-01 2.257368e-01 8.336697e-01 5.032588e-01 -3.977810e-01 -5.673367e-01 -3.836905e-02 2.827162e-01 -4.095430e-02
<VARIANCE> 39
 4.539115e+00 2.215116e+01 1.743918e+01 2.040141e+01 1.652441e+01 2.551983e+01 1.861274e+01 5.889722e+01 3.055259e+01 1.124454e+01 2.303275e+01 7.565427e+00 7.563553e+00 2.615238e-01 9.521743e-01 1.384523e+00 8.450123e-01 1.209565e+00 1.063161e+00 1.384618e+00 2.626391e+00 1.666914e+00 1.662471e+00 2.201850e+00 1.071886e+00 3.412291e-01 5.590200e-02 8.999506e-02 1.271377e-01 3.177191e-01 4.131202e-01 1.253579e-01 3.200320e-01 2.163018e-01 2.465971e-01 1.673707e-01 1.309766e-01 1.083278e-01 5.594955e-02
<GCONST> 8.488289e+01
<TRANSP> 5
 0.000000e+00 1.000000e+00 0.000000e+00 0.000000e+00 0.000000e+00
 0.000000e+00 1.938181e-06 9.999980e-01 0.000000e+00 0.000000e+00
 0.000000e+00 0.000000e+00 7.499958e-01 2.500042e-01 0.000000e+00
 0.000000e+00 0.000000e+00 0.000000e+00 6.072981e-05 9.999393e-01
 0.000000e+00 0.000000e+00 0.000000e+00 0.000000e+00 0.000000e+00
<ENDHMM>
