~o
<STREAMINFO> 1 39
<VECSIZE> 39<NULLD><MFCC_D_A_0><DIAGC>
~h "sil"
<BEGINHMM>
<NUMSTATES> 5
<STATE> 2
<MEAN> 39
 -1.218111e+01 -1.061126e+01 4.824019e-01 5.435997e-01 -2.910317e+00 5.115602e+00 -4.469261e+00 1.277617e+00 -1.323341e+00 -3.343164e+00 3.753440e+00 -1.992692e+00 3.339805e+01 -5.818749e-02 -2.647475e-02 -1.619514e-03 3.409568e-02 2.968119e-02 1.325687e-02 1.929433e-02 -1.793550e-02 -3.636513e-03 4.214242e-02 2.155561e-02 -5.820453e-03 -3.543823e-02 1.652843e-02 1.795127e-02 1.122114e-02 -5.088289e-03 -1.263537e-02 -1.180747e-02 -1.234237e-02 -9.458379e-03 -7.127796e-03 -7.957553e-03 -7.544462e-03 2.664166e-04 6.903283e-03
<VARIANCE> 39
 1.016588e+01 1.659662e+01 1.756093e+01 1.301434e+01 1.680776e+01 1.430285e+01 1.583339e+01 1.681182e+01 1.482445e+01 1.600418e+01 1.581976e+01 1.139167e+01 2.547366e+00 3.006864e-01 7.149654e-01 7.979407e-01 9.471964e-01 1.101019e+00 1.125358e+00 1.301318e+00 1.459813e+00 1.431298e+00 1.603865e+00 1.604990e+00 1.200387e+00 1.040181e-01 5.762634e-02 1.464667e-01 1.676705e-01 1.988871e-01 2.315915e-01 2.317038e-01 2.682146e-01 2.980158e-01 2.842925e-01 3.337642e-01 3.357799e-01 2.491007e-01 2.023011e-02
<GCONST> 8.080040e+01
<STATE> 3
<MEAN> 39
 -1.181506e+01 -6.231742e+00 4.551205e-01 8.372307e-01 -9.835806e-01 3.777927e+00 -4.145421e+00 1.215997e+00 -9.135092e-01 -1.793769e+00 2.869101e+00 -2.278833e+00 3.193647e+01 8.484913e-01 1.955226e-01 -3.559406e-02 -4.784139e-01 -4.574294e-01 -1.150701e-01 -4.072950e-01 -8.027920e-02 4.964210e-02 -2.707549e-01 -7.080564e-02 -8.213117e-02 6.004467e-01 3.141028e-01 1.442622e-02 -2.337079e-02 -2.033420e-01 -1.814388e-01 5.756320e-03 -1.216159e-01 -1.299773e-02 1.590844e-02 -2.081724e-01 -6.230601e-02 -1.179417e-02 2.551455e-01
<VARIANCE> 39
 3.090772e+01 2.290025e+01 2.240810e+01 2.045472e+01 2.099121e+01 2.170986e+01 1.975002e+01 1.959758e+01 1.772697e+01 1.884366e+01 1.575600e+01 1.063158e+01 2.057086e+01 4.695240e+00 3.345290e+00 3.979708e+00 3.962273e+00 2.917056e+00 2.690231e+00 2.185284e+00 2.320071e+00 1.756721e+00 2.048364e+00 1.604598e+00 1.131113e+00 2.741434e+00 6.774636e-01 5.389121e-01 5.420719e-01 5.734897e-01 4.248776e-01 5.028008e-01 4.210701e-01 4.691854e-01 3.360376e-01 3.780448e-01 3.141734e-01 2.337738e-01 4.277178e-01
<GCONST> 1.116193e+02
<STATE> 4
<MEAN> 39
 -9.123013e+00 -4.909853e+00 2.336993e+00 1.537377e-01 -2.582254e+00 5.977112e+00 -3.198316e+00 2.000090e+00 -4.086264e-01 -3.929349e+00 2.293090e+00 -1.204489e+00 3.379800e+01 1.405938e-01 -2.072061e-02 -4.064779e-02 -9.199792e-02 -3.711005e-02 -2.614472e-02 -1.295017e-01 -7.976442e-02 -4.653908e-02 -1.626114e-01 -7.240428e-02 1.332653e-02 1.211950e-01 2.343545e-02 8.231308e-03 2.589742e-02 2.001300e-02 1.336492e-02 9.971675e-03 -1.958378e-02 -7.033974e-03 -1.346313e-03 -8.775330e-03 -3.833213e-03 -3.269592e-03 2.122750e-02
<VARIANCE> 39
 2.840291e+01 1.978105e+01 2.330469e+01 1.720830e+01 1.499672e+01 2.234280e+01 1.988266e+01 1.761769e+01 1.436767e+01 2.091566e+01 1.244165e+01 1.123224e+01 1.767437e+01 1.729557e+00 1.524364e+00 1.330401e+00 1.480706e+00 1.317209e+00 1.133087e+00 1.631986e+00 1.585333e+00 1.369687e+00 1.713970e+00 1.430159e+00 1.050370e+00 1.116862e+00 1.790597e-01 2.074701e-01 2.010096e-01 2.168123e-01 2.437965e-01 1.986286e-01 2.886167e-01 3.038808e-01 2.548895e-01 3.269419e-01 2.942151e-01 2.038096e-01 9.026340e-02
<GCONST> 9.397094e+01
<TRANSP> 5
 0.000000e+00 1.000000e+00 0.000000e+00 0.000000e+00 0.000000e+00
 0.000000e+00 9.720069e-01 2.799313e-02 0.000000e+00 0.000000e+00
 0.000000e+00 0.000000e+00 7.926765e-01 2.073235e-01 0.000000e+00
 0.000000e+00 0.000000e+00 0.000000e+00 9.077884e-01 9.221162e-02
 0.000000e+00 0.000000e+00 0.000000e+00 0.000000e+00 0.000000e+00
<ENDHMM>
