~o
<STREAMINFO> 1 39
<VECSIZE> 39<NULLD><MFCC_D_A_0><DIAGC>
~h "u"
<BEGINHMM>
<NUMSTATES> 5
<STATE> 2
<MEAN> 39
 8.267114e+00 5.383368e-01 6.437269e+00 -9.605703e+00 -1.762504e+01 -4.557906e+00 -1.957700e+01 -5.129807e+00 2.760562e+00 -1.047844e+00 7.982224e+00 -2.326956e+00 4.597182e+01 1.505847e+00 -1.010055e+00 -6.574880e-01 -1.765373e+00 -9.322879e-01 1.009997e+00 -7.005792e-01 -5.076053e-01 2.525780e-03 -4.157102e-02 1.072963e+00 3.773594e-01 1.566180e+00 -7.173031e-01 -4.049515e-01 -2.876474e-01 6.229553e-01 1.014176e+00 8.758462e-01 8.149253e-01 1.499804e-01 -2.701225e-01 -2.577114e-02 -1.895728e-01 -4.985146e-02 -4.471537e-01
<VARIANCE> 39
 1.137567e+01 7.941946e+00 2.140680e+01 1.973062e+01 2.661608e+01 2.672089e+01 2.462998e+01 2.404927e+01 2.077557e+01 1.649503e+01 5.521231e+00 1.239990e+01 1.076382e+01 1.525493e+00 1.223452e+00 1.459637e+00 1.889459e+00 4.636313e+00 4.111733e+00 1.845146e+00 1.671370e+00 2.004858e+00 1.404456e+00 8.749478e-01 7.061253e-01 1.023014e+00 1.935926e-01 3.585536e-01 4.490896e-01 2.810663e-01 9.164259e-01 4.019741e-01 2.198737e-01 2.573774e-01 2.958849e-01 4.148725e-01 1.278953e-01 2.923635e-01 8.088830e-02
<GCONST> 9.739944e+01
<STATE> 3
<MEAN> 39
 1.135228e+01 -4.680903e+00 1.489631e+00 -1.358866e+01 -1.559929e+01 4.316988e+00 -1.763036e+01 -6.863111e+00 1.216317e+00 -4.266841e-01 1.110964e+01 -2.491920e+00 4.992380e+01 1.043334e-02 -7.178432e-01 -3.415315e-01 -2.917953e-01 4.442124e-01 1.377705e+00 5.876769e-01 -2.281823e-01 -2.223364e-01 -2.636151e-02 2.070148e-01 2.379734e-02 2.971829e-01 -3.819579e-01 2.813126e-01 3.420949e-01 4.615537e-01 1.126172e-01 -2.720301e-01 2.585317e-01 2.461748e-01 1.719764e-01 -5.769841e-02 -3.836649e-01 -9.384840e-02 -3.737868e-01
<VARIANCE> 39
 6.545022e+00 1.528594e+01 1.277798e+01 1.609721e+01 1.417641e+01 3.328415e+01 2.610796e+01 2.308076e+01 1.772088e+01 1.376853e+01 5.676177e+00 1.338629e+01 8.910285e+00 4.771680e-01 9.287071e-01 1.595951e+00 9.832142e-01 1.535411e+00 1.203687e+00 1.939967e+00 1.068768e+00 2.387541e+00 2.046507e+00 1.001863e+00 1.634600e+00 5.334647e-01 1.011873e-01 1.520536e-01 2.451848e-01 2.118731e-01 3.367703e-01 2.747259e-01 3.726174e-01 1.920054e-01 3.478017e-01 3.436874e-01 2.171719e-01 2.228603e-01 1.181436e-01
<GCONST> 8.917544e+01
<STATE> 4
<MEAN> 39
 7.777168e+00 -1.751832e+00 4.683066e+00 -8.453333e+00 -1.310124e+01 3.765905e+00 -1.399265e+01 -6.365909e+00 6.243491e-01 -2.303558e+00 7.327168e+00 -1.625887e+00 4.618395e+01 -1.295363e+00 8.622286e-01 9.251036e-01 1.518048e+00 8.189601e-01 -2.374749e-01 1.735119e+00 1.253017e+00 8.733661e-02 -4.382302e-01 -1.218341e+00 -2.934092e-01 -1.274215e+00 -5.569379e-02 1.067945e-01 1.176474e-01 1.143066e-01 3.847294e-02 -1.451097e-01 -1.056992e-01 1.454682e-01 -1.310415e-01 -2.932785e-02 5.334328e-02 -4.758637e-02 -7.205870e-02
<VARIANCE> 39
 1.447253e+01 2.055304e+01 1.359905e+01 2.561076e+01 2.496646e+01 3.197674e+01 2.509767e+01 2.261036e+01 3.088478e+01 2.920441e+01 1.862744e+01 1.576540e+01 1.742567e+01 8.057207e-01 9.933937e-01 1.982214e+00 1.508548e+00 2.324411e+00 2.327873e+00 1.989789e+00 1.441155e+00 1.735102e+00 1.548049e+00 2.039093e+00 1.476135e+00 7.173259e-01 8.607555e-02 1.350594e-01 2.035114e-01 2.003947e-01 2.157265e-01 2.286250e-01 4.241096e-01 3.110777e-01 4.048070e-01 3.545095e-01 2.796682e-01 3.737794e-01 1.014999e-01
<GCONST> 9.779030e+01
<TRANSP> 5
 0.000000e+00 1.000000e+00 0.000000e+00 0.000000e+00 0.000000e+00
 0.000000e+00 5.154482e-01 4.845518e-01 0.000000e+00 0.000000e+00
 0.000000e+00 0.000000e+00 7.517431e-01 2.482568e-01 0.000000e+00
 0.000000e+00 0.000000e+00 0.000000e+00 6.399921e-01 3.600079e-01
 0.000000e+00 0.000000e+00 0.000000e+00 0.000000e+00 0.000000e+00
<ENDHMM>
