~o
<STREAMINFO> 1 39
<VECSIZE> 39<NULLD><MFCC_D_A_0><DIAGC>
~h "uw"
<BEGINHMM>
<NUMSTATES> 5
<STATE> 2
<MEAN> 39
 8.972313e+00 1.693525e+00 8.352228e+00 -8.572248e+00 -1.836217e+01 -2.442966e+00 -1.658228e+01 -4.232358e+00 -1.084083e+00 -6.112334e+00 7.013475e+00 1.235597e-01 4.646905e+01 6.641000e-01 -8.206494e-01 -9.482535e-01 -1.545357e+00 -8.041797e-01 8.291368e-01 -2.742592e-01 6.941980e-02 -3.627062e-01 -3.522641e-01 2.504221e-01 4.834817e-01 7.816311e-01 -3.524505e-01 6.697282e-02 1.968056e-02 3.458776e-01 5.676492e-01 3.799983e-01 4.546958e-01 1.004511e-01 -1.143617e-01 -1.032005e-01 -2.845001e-01 -3.945379e-02 -2.944455e-01
<VARIANCE> 39
 6.220706e+00 9.349537e+00 2.397908e+01 1.098109e+01 1.279926e+01 3.412881e+01 8.437165e+00 1.170846e+01 1.653774e+01 1.638165e+01 1.035946e+01 5.026295e+00 6.987819e+00 4.628392e-01 4.223064e-01 1.623150e+00 1.832778e+00 1.593885e+00 7.140769e-01 5.656149e-01 1.313926e+00 7.986915e-01 1.178568e+00 1.619760e+00 8.387311e-01 3.618015e-01 4.352431e-02 1.249803e-01 3.585736e-01 2.113416e-01 4.221649e-01 5.234171e-01 9.035221e-02 1.866104e-01 2.736822e-01 2.070239e-01 1.489011e-01 1.095684e-01 2.946264e-02
<GCONST> 7.810702e+01
<STATE> 3
<MEAN> 39
 8.929416e+00 1.053894e-01 4.362704e+00 -1.276767e+01 -1.918498e+01 6.876797e-01 -1.213626e+01 -2.505487e+00 -1.220010e+00 -6.269984e+00 7.360980e+00 2.333879e+00 4.652108e+01 2.018644e-01 -5.995875e-01 -9.208679e-01 -9.132180e-01 -1.177123e-01 8.164523e-01 7.149146e-01 2.912569e-01 3.098725e-01 3.609190e-01 6.383969e-01 -2.947958e-02 2.984899e-01 3.032897e-02 -1.622492e-01 -2.187313e-01 -3.371863e-02 2.048119e-01 1.592454e-01 -1.012289e-01 -8.058999e-02 1.057785e-01 3.131082e-01 1.828866e-01 -2.897067e-01 4.819681e-02
<VARIANCE> 39
 7.755133e+00 7.865304e+00 2.393170e+01 1.446762e+01 5.772624e+00 2.023137e+01 1.787300e+01 1.219206e+01 1.663704e+01 8.862787e+00 8.927107e+00 4.571539e+00 1.064607e+01 8.549735e-02 3.792590e-01 7.369068e-01 3.648735e-01 3.569821e-01 1.347564e+00 7.610061e-01 6.165838e-01 1.129753e+00 1.000334e+00 7.402052e-01 8.310641e-01 8.894869e-02 1.668431e-02 6.027132e-02 1.125917e-01 6.908676e-02 9.868005e-02 1.890211e-01 1.540017e-01 1.518775e-01 2.249283e-01 9.303711e-02 9.538527e-02 1.361467e-01 1.431666e-02
<GCONST> 6.188052e+01
<STATE> 4
<MEAN> 39
 1.128914e+01 -7.257876e+00 -3.729620e+00 -1.791679e+01 -1.649713e+01 7.883331e+00 -1.235015e+01 -2.536645e+00 2.409621e+00 -2.492562e-01 1.256500e+01 -2.911586e+00 5.025348e+01 2.134630e-01 -1.852840e+00 -1.767522e+00 -7.643834e-01 1.015156e+00 1.794189e+00 -7.512113e-03 1.223010e-01 1.113459e+00 1.349594e+00 -8.256846e-02 -1.997658e+00 6.473612e-01 -1.260479e-01 5.116501e-02 2.427542e-01 1.291673e-01 -9.083369e-02 -1.549559e-01 1.133990e-01 1.873501e-01 1.210466e-01 -2.676236e-01 -5.151284e-01 -1.376756e-01 -8.065749e-02
<VARIANCE> 39
 7.509125e+00 1.382684e+01 2.550278e+01 7.749703e+00 7.452660e+00 1.185225e+01 7.724589e+00 6.794622e+00 9.102340e+00 1.377105e+01 7.435382e+00 1.487077e+01 1.033035e+01 1.341990e-01 2.174717e-01 8.253890e-01 4.948320e-01 1.053141e+00 9.396744e-01 8.371973e-01 4.981603e-01 8.073887e-01 9.213105e-01 1.435838e+00 5.645493e-01 8.198529e-02 1.368085e-02 1.067151e-01 9.748298e-02 8.705701e-02 1.564404e-01 2.444946e-01 1.457916e-01 1.072239e-01 1.641324e-01 2.346233e-01 1.772869e-01 1.979056e-01 3.619563e-02
<GCONST> 6.495190e+01
<TRANSP> 5
 0.000000e+00 1.000000e+00 0.000000e+00 0.000000e+00 0.000000e+00
 0.000000e+00 6.185959e-01 3.814041e-01 0.000000e+00 0.000000e+00
 0.000000e+00 0.000000e+00 8.393589e-01 1.606411e-01 0.000000e+00
 0.000000e+00 0.000000e+00 0.000000e+00 7.414253e-01 2.585747e-01
 0.000000e+00 0.000000e+00 0.000000e+00 0.000000e+00 0.000000e+00
<ENDHMM>
