~o
<STREAMINFO> 1 39
<VECSIZE> 39<NULLD><MFCC_D_A_0><DIAGC>
~h "initial_0_D_A_6"
<BEGINHMM>
<NUMSTATES> 6
<STATE> 2
<MEAN> 39
 -4.640403e+00 -5.190188e+00 -7.226144e+00 -1.096526e+01 -4.713362e+00 -8.416049e+00 -5.929972e+00 -1.123225e+00 -3.665646e+00 3.274453e+00 -6.334477e+00 -8.758301e+00 7.284119e+01 6.360358e-01 -1.939405e+00 -1.253160e+00 -1.331071e+00 3.378599e-01 -7.345955e-01 7.229585e-01 2.112097e+00 2.028906e-01 -2.810362e-02 -1.474323e+00 -1.614119e+00 2.352732e+00 -2.675053e-01 3.929268e-01 3.888752e-01 5.712947e-01 3.122849e-01 1.607251e-01 3.320808e-01 -1.861119e-01 -2.513286e-01 -3.917336e-01 -1.697462e-02 3.846790e-01 -8.815162e-01
<VARIANCE> 39
 2.915854e+01 2.522147e+01 4.554051e+01 2.577300e+01 6.028158e+01 7.001836e+01 4.908433e+01 7.053519e+01 5.648935e+01 5.776818e+01 4.510294e+01 3.862110e+01 7.421710e+01 3.530481e+00 1.519575e+00 2.801635e+00 3.376641e+00 3.228320e+00 2.894063e+00 4.474226e+00 4.350529e+00 4.179783e+00 4.871152e+00 4.358772e+00 3.684273e+00 2.915805e+00 5.132241e-01 4.846338e-01 5.809391e-01 6.737615e-01 5.780030e-01 7.085001e-01 8.434527e-01 9.044341e-01 7.529187e-01 1.107376e+00 6.826194e-01 7.581346e-01 5.599916e-01
<GCONST> 1.327802e+02
<STATE> 3
<MEAN> 39
 -5.603355e+00 -7.707510e+00 -9.299282e+00 -1.107745e+01 -3.913605e+00 -8.843236e+00 -2.704431e+00 1.780535e+00 -3.263361e+00 -2.142396e+00 -1.250716e+01 -1.042711e+01 7.829070e+01 7.961836e-02 1.414284e-03 1.220728e-01 4.209841e-01 1.550046e-01 -5.257785e-01 3.882920e-01 1.747786e-01 -2.159999e-01 -2.928911e-01 -3.708781e-01 3.923581e-01 -1.226602e-01 9.732929e-02 5.864168e-01 4.507832e-01 3.754346e-01 -3.051024e-01 -2.949762e-02 -4.484885e-01 -5.853775e-01 -6.374003e-02 3.889087e-01 4.470392e-01 4.020990e-01 -6.614504e-01
<VARIANCE> 39
 1.815661e+01 1.325974e+01 3.657313e+01 1.446960e+01 3.827001e+01 5.244481e+01 4.143147e+01 6.340812e+01 5.238833e+01 6.047625e+01 3.661641e+01 4.032899e+01 7.378540e+01 5.068274e-01 8.110062e-01 1.146986e+00 1.227625e+00 2.256986e+00 2.469667e+00 2.387593e+00 2.236507e+00 2.491950e+00 3.555407e+00 1.839361e+00 2.278765e+00 3.337623e-01 1.702093e-01 2.521589e-01 2.445953e-01 3.296550e-01 3.830519e-01 3.819407e-01 4.740792e-01 5.396186e-01 6.181850e-01 5.284449e-01 3.242828e-01 5.074289e-01 2.883161e-01
<GCONST> 1.108151e+02
<STATE> 4
<MEAN> 39
 -2.468152e+00 -7.486715e+00 -6.812466e+00 -9.837184e+00 -3.195064e+00 -9.440750e+00 -3.181526e+00 2.726725e+00 -5.810052e+00 2.701739e+00 -9.305717e+00 -7.315326e+00 7.278919e+01 4.853371e-01 1.641619e+00 1.279823e+00 1.550695e+00 -5.817410e-01 -4.911489e-01 -5.453507e-01 -1.773094e+00 -7.529598e-02 5.765075e-01 9.820222e-01 9.594303e-01 -1.836627e+00 -1.869500e-01 6.830341e-01 5.658313e-01 4.393648e-01 -4.861907e-02 5.011606e-01 -3.042024e-01 -8.537745e-01 6.115590e-02 -2.837209e-01 2.644374e-01 1.575771e-01 -8.112190e-01
<VARIANCE> 39
 2.315376e+01 1.924624e+01 3.523537e+01 1.270731e+01 3.594597e+01 6.406126e+01 4.326680e+01 9.450185e+01 5.977149e+01 5.884196e+01 4.793929e+01 4.739735e+01 5.087572e+01 1.105412e+00 1.778238e+00 1.825692e+00 1.831288e+00 2.790800e+00 4.432565e+00 3.026572e+00 7.373700e+00 4.058116e+00 2.650208e+00 2.710509e+00 2.164541e+00 1.198958e+00 2.352225e-01 3.456456e-01 3.231617e-01 3.479941e-01 4.127995e-01 6.038520e-01 3.647812e-01 1.298073e+00 9.724923e-01 6.745879e-01 5.677612e-01 6.179875e-01 5.397790e-01
<GCONST> 1.226746e+02
<STATE> 5
<MEAN> 39
 -3.686228e+00 -3.545284e-01 -3.483100e+00 -3.771244e+00 -4.838903e+00 -1.022389e+01 -5.132211e+00 -4.619622e+00 -4.128621e+00 6.761429e-02 -6.612701e+00 -5.604208e+00 6.630640e+01 -5.974120e-01 2.698197e+00 2.514565e+00 2.450291e+00 1.784074e-01 1.734510e+00 -8.230864e-01 -1.699394e+00 -5.898868e-01 -7.540208e-01 3.961461e-01 1.105358e+00 -4.036914e+00 -3.861454e-01 -2.392268e-01 -3.942867e-02 -1.531665e-01 2.898970e-01 4.954755e-01 3.696212e-01 3.661922e-01 -8.996157e-02 -2.671961e-01 -1.720419e-01 -5.421342e-02 -7.662382e-02
<VARIANCE> 39
 2.153037e+01 3.250810e+01 5.569420e+01 4.323655e+01 5.759004e+01 7.240357e+01 3.426126e+01 5.549776e+01 5.109612e+01 5.406230e+01 5.570873e+01 3.451820e+01 8.790502e+01 3.887897e+00 3.001679e+00 3.209054e+00 2.641871e+00 3.353413e+00 4.200645e+00 3.493449e+00 9.048844e+00 6.596149e+00 4.901238e+00 3.286448e+00 4.418401e+00 4.527427e+00 4.063275e-01 6.328780e-01 5.268483e-01 7.492517e-01 5.872183e-01 8.309856e-01 4.636317e-01 1.043471e+00 7.084599e-01 6.647911e-01 5.719393e-01 4.533728e-01 9.039617e-01
<GCONST> 1.342825e+02
<TRANSP> 6
 0.000000e+00 1.000000e+00 0.000000e+00 0.000000e+00 0.000000e+00 0.000000e+00
 0.000000e+00 6.020029e-01 3.979971e-01 0.000000e+00 0.000000e+00 0.000000e+00
 0.000000e+00 0.000000e+00 6.825079e-01 3.174921e-01 0.000000e+00 0.000000e+00
 0.000000e+00 0.000000e+00 0.000000e+00 4.739209e-01 5.260791e-01 0.000000e+00
 0.000000e+00 0.000000e+00 0.000000e+00 0.000000e+00 5.295839e-01 4.704161e-01
 0.000000e+00 0.000000e+00 0.000000e+00 0.000000e+00 0.000000e+00 0.000000e+00
<ENDHMM>
