~o
<STREAMINFO> 1 39
<VECSIZE> 39<NULLD><MFCC_D_A_0><DIAGC>
~h "initial_0_D_A_6"
<BEGINHMM>
<NUMSTATES> 6
<STATE> 2
<MEAN> 39
 -1.865464e+00 -6.916960e+00 -4.250242e+00 -6.750684e+00 1.852158e+00 -5.062917e+00 -7.703903e-01 5.208431e-01 -6.428712e+00 -7.999424e+00 -1.117099e+01 -9.948571e+00 6.819335e+01 1.500197e+00 -2.081588e+00 -9.641813e-02 -2.421475e+00 -1.115925e+00 -6.566691e-01 -4.354410e-01 1.121895e+00 -9.689527e-01 4.053901e-01 1.687400e+00 -9.798212e-01 3.890472e+00 -6.423280e-01 -6.058780e-01 -1.652999e-01 -8.350079e-02 -5.049062e-01 4.039364e-03 1.180910e-01 4.662821e-01 6.948260e-01 4.514911e-01 3.983548e-01 6.972415e-01 -2.480518e-01
<VARIANCE> 39
 2.620169e+01 2.490973e+01 1.073608e+01 4.871913e+00 3.513926e+01 2.778684e+01 1.152225e+01 5.155615e+01 4.729673e+01 2.078485e+01 6.523153e-01 2.627709e+01 2.961310e+00 1.042734e+00 4.717032e-01 1.002800e+00 5.189137e-01 1.753446e+00 1.553649e+00 2.777258e+00 1.414024e+00 1.385221e-01 8.867497e-01 2.149182e+00 4.481452e+00 1.535170e+00 1.681420e-01 2.728093e-01 1.852701e-01 3.540659e-02 1.675932e-01 1.083413e-01 9.574080e-01 1.850120e-01 5.934374e-01 1.585766e+00 8.108669e-02 1.080119e-02 1.373917e-01
<GCONST> 8.487378e+01
<STATE> 3
<MEAN> 39
 -4.585181e+00 -6.090828e+00 -7.249589e-01 -6.893088e+00 -6.570595e+00 -9.880629e+00 1.023879e-01 3.784837e+00 -4.927905e+00 -5.365909e+00 -4.508816e+00 -5.185616e+00 7.188059e+01 -1.120528e-01 4.592422e-01 8.142378e-01 -7.236411e-02 -1.070234e+00 -3.269226e-01 -2.351190e-03 1.224228e-01 -5.710331e-01 7.580119e-01 5.845835e-01 9.531983e-01 -4.032059e-02 -9.369401e-02 1.946451e-01 1.483714e-01 6.637671e-02 1.117325e-01 9.185249e-02 3.088851e-03 -9.825153e-02 -1.051065e-01 9.502707e-02 -1.127702e-01 1.325328e-01 -2.790030e-01
<VARIANCE> 39
 1.621032e+01 2.378296e+01 4.887352e+01 1.198042e+01 9.053513e+01 4.716397e+01 1.665962e+01 3.901418e+01 3.091134e+01 2.058788e+01 1.906110e+01 8.346037e+01 1.120249e+01 1.632945e-01 1.318501e+00 1.175775e+00 9.366342e-01 1.884012e+00 5.621926e-01 1.166277e+00 8.163556e-01 1.132768e+00 1.123317e+00 1.123336e+00 2.289947e+00 1.215095e+00 6.466067e-02 1.566961e-01 7.488336e-02 1.387479e-01 2.689553e-01 1.132275e-01 2.511059e-01 1.631978e-01 1.296975e-01 2.401250e-01 1.903915e-01 4.561820e-01 1.265218e-01
<GCONST> 9.120913e+01
<STATE> 4
<MEAN> 39
 -9.486922e+00 7.929466e+00 1.041021e+01 -4.421839e+00 -6.614262e+00 -8.664069e-01 9.051219e-01 -3.465414e+00 -1.338872e+01 5.331396e+00 -3.577579e+00 2.946554e+00 5.965308e+01 -9.347264e-01 8.048938e-01 -8.056380e-01 6.176100e-01 1.327027e+00 1.214930e+00 4.927433e-01 -1.313642e+00 6.339946e-01 -2.592103e-01 -3.470007e-01 -2.835289e-01 -1.335542e+00 -1.240219e-01 -2.930090e-01 -3.980635e-01 2.623003e-03 -5.539899e-02 -1.423282e-01 8.903040e-02 5.648592e-02 2.206308e-01 -1.430693e-01 1.748841e-01 -6.636302e-02 8.984070e-02
<VARIANCE> 39
 3.064853e+01 4.341463e+01 4.861811e+01 3.404673e+01 3.731118e+01 6.289381e+01 1.848585e+01 5.062375e+01 3.512166e+01 3.884387e+01 2.773098e+01 2.283496e+01 4.608972e+01 8.095541e-01 3.775878e+00 3.969352e+00 1.459578e+00 2.792409e+00 2.993463e+00 2.171133e+00 2.610819e+00 2.520667e+00 4.227416e+00 2.423141e+00 3.412328e+00 1.504428e+00 1.239014e-01 4.549516e-01 3.598699e-01 3.222153e-01 4.109703e-01 4.837834e-01 4.380327e-01 5.312308e-01 3.753758e-01 5.882712e-01 4.670798e-01 5.261354e-01 1.494087e-01
<GCONST> 1.170850e+02
<STATE> 5
<MEAN> 39
 -1.555881e+01 3.940048e+00 -2.218995e+00 -1.758850e+00 1.501603e+00 4.919579e+00 6.948524e+00 -8.093987e+00 -7.065786e+00 2.073735e+00 -1.389904e+00 5.092605e-01 5.029590e+01 -1.040967e+00 -1.382211e+00 -1.916881e+00 -4.523886e-01 -5.628480e-01 -8.060167e-01 7.913049e-01 5.497463e-01 5.543431e-01 1.088047e+00 1.411382e+00 2.791022e-01 -3.823951e-01 5.110154e-01 5.970225e-01 6.584383e-01 3.736213e-01 7.115734e-02 -1.352774e-01 -3.420800e-01 2.767551e-01 -5.866061e-01 1.514331e-01 -5.349181e-02 -1.062481e-01 7.838187e-02
<VARIANCE> 39
 1.247065e+01 1.246147e+01 3.479978e+00 3.866543e+00 3.295440e+01 1.404122e+01 5.199408e+00 1.524211e+01 2.063295e+01 1.296999e+01 6.801203e+00 5.777904e+00 6.622267e+01 4.760414e-01 1.810687e+00 3.908719e-01 9.011630e-01 3.875044e-01 1.263863e+00 1.822309e+00 1.738247e+00 1.854571e+00 3.939346e-01 2.683003e+00 1.678493e+00 5.223626e-01 1.309238e-01 2.278264e-02 7.202867e-02 5.677581e-02 5.144882e-01 1.563652e-01 3.501028e-01 7.727145e-02 2.115250e-01 3.124336e-01 7.255440e-01 1.525457e-01 8.170696e-02
<GCONST> 7.820785e+01
<TRANSP> 6
 0.000000e+00 1.000000e+00 0.000000e+00 0.000000e+00 0.000000e+00 0.000000e+00
 0.000000e+00 0.000000e+00 1.000000e+00 0.000000e+00 0.000000e+00 0.000000e+00
 0.000000e+00 0.000000e+00 9.301779e-01 6.982209e-02 0.000000e+00 0.000000e+00
 0.000000e+00 0.000000e+00 0.000000e+00 9.033312e-01 9.666884e-02 0.000000e+00
 0.000000e+00 0.000000e+00 0.000000e+00 0.000000e+00 4.999951e-01 5.000049e-01
 0.000000e+00 0.000000e+00 0.000000e+00 0.000000e+00 0.000000e+00 0.000000e+00
<ENDHMM>
