~o
<STREAMINFO> 1 39
<VECSIZE> 39<NULLD><MFCC_D_A_0><DIAGC>
~h "initial_0_D_A_6"
<BEGINHMM>
<NUMSTATES> 6
<STATE> 2
<MEAN> 39
 -4.668755e+00 4.410147e+00 4.722871e+00 -1.638823e+00 -6.616458e+00 -1.536999e+01 -4.438927e+00 -4.563836e+00 -1.389863e+01 -2.232115e-01 -8.968198e+00 -2.004688e+00 6.084033e+01 3.333054e-01 1.474462e+00 -8.260881e-01 1.034615e+00 -3.361925e-02 2.132913e+00 -8.646731e-02 -2.554087e+00 -8.705252e-02 -2.349771e+00 1.692294e-01 8.334109e-01 -2.558891e+00 -5.607970e-02 -8.250339e-02 -6.945418e-01 -6.774974e-01 2.846338e-02 8.321158e-01 2.178546e-03 -3.145376e-01 3.071024e-01 -2.649459e-01 1.867055e-01 -3.820315e-01 4.465864e-01
<VARIANCE> 39
 1.595860e+01 7.099636e+00 3.252996e+01 3.896749e+01 4.723255e+01 6.669143e+01 2.314554e+01 8.681092e+01 1.686955e+01 5.405831e+01 9.957475e+01 2.061775e+01 4.029382e+01 1.311779e+00 1.836327e+00 9.704399e+00 2.983553e+00 5.446969e+00 4.844800e+00 1.936112e+00 7.892015e+00 5.375526e+00 3.325695e+00 9.409264e+00 1.898084e+00 4.459776e+00 1.302237e-01 2.295016e-01 9.177164e-01 1.487087e-01 6.782901e-01 9.791986e-01 3.246530e-01 1.215878e+00 5.405581e-01 9.981016e-01 8.959056e-01 5.935883e-01 4.107034e-01
<GCONST> 1.258780e+02
<STATE> 3
<MEAN> 39
 -2.587725e+00 8.965820e+00 7.001338e+00 3.657502e+00 -9.105395e+00 -8.215183e+00 -2.711620e+00 -9.151377e+00 -1.463266e+01 -6.387433e+00 -1.396559e+00 -2.097593e+00 5.343216e+01 -1.386634e+00 1.035316e+00 -3.786657e-01 -1.311504e+00 1.406556e+00 1.390380e+00 7.435042e-02 -1.071568e+00 4.400097e-01 -2.040902e-02 7.048389e-01 3.349856e-02 5.402756e-01 -6.782842e-01 -8.253586e-01 -3.576167e-01 -1.072045e+00 2.385985e-01 -6.350132e-01 -1.544718e-02 1.427137e-01 4.578812e-01 7.812639e-01 -2.393887e-01 1.390181e-02 1.674051e+00
<VARIANCE> 39
 5.493976e+00 7.862447e+00 3.415699e+01 6.075502e+01 7.669378e+00 3.612037e+01 5.553571e+01 3.999812e+01 2.021684e+01 3.030563e+01 7.966444e+01 1.830057e+01 2.346883e+01 3.859537e+00 2.968572e+00 1.239285e+01 3.423050e+00 8.134338e+00 2.265600e+00 2.928140e+00 3.165148e+00 4.162931e+00 2.818646e+00 7.206537e+00 1.364292e+00 7.198767e+00 6.487308e-01 3.140956e-01 5.257607e-01 2.124358e-01 8.084313e-01 1.892394e-01 5.132766e-01 3.335772e-01 2.092080e-01 2.381390e-01 6.425598e-01 2.055050e-01 3.062826e-01
<GCONST> 1.176856e+02
<STATE> 4
<MEAN> 39
 -7.288065e+00 7.532001e+00 -4.473963e+00 -9.360416e+00 -3.304969e+00 -4.434972e+00 -2.895544e+00 -9.834820e+00 -1.340578e+01 -5.450877e-01 -5.587181e+00 -2.039225e+00 6.886612e+01 -1.021084e+00 -1.767721e+00 -6.105845e-01 -2.056950e+00 -1.587536e-01 -7.493440e-01 -4.717435e-01 -4.350695e-01 2.533283e-01 2.124571e-01 1.397563e+00 6.815824e-01 3.307071e+00 4.074257e-01 -5.616214e-01 1.315093e+00 4.814650e-01 -1.140420e+00 -5.665516e-01 -7.075778e-01 2.099973e-02 3.409114e-01 -5.131867e-01 -8.513253e-03 -2.804215e-02 2.794945e-02
<VARIANCE> 39
 4.084521e+01 2.607510e+01 1.706582e+02 8.888493e+01 5.544672e+01 1.339400e+01 4.562754e+01 5.194382e+01 3.755684e+01 1.473093e+01 4.543551e+01 1.202155e+01 9.408159e+01 3.996887e+00 3.154232e+00 1.246448e+01 4.543040e+00 5.923211e+00 3.100157e+00 4.190263e+00 2.775352e+00 6.034493e+00 2.437204e+00 3.278017e+00 1.032980e+00 1.297869e+00 3.408591e-01 7.754224e-01 1.719081e+00 2.672935e-01 9.955203e-01 4.008749e-01 7.716278e-01 3.803542e-01 1.630776e+00 1.866806e-01 1.465523e+00 3.015175e-01 3.656089e-01
<GCONST> 1.286573e+02
<STATE> 5
<MEAN> 39
 -9.619611e+00 3.452930e+00 -5.385939e-02 -9.241212e+00 -7.127656e+00 -7.832422e+00 -5.894859e+00 -1.369414e+01 -1.164813e+01 -2.560204e+00 -1.014403e+00 -1.012104e+00 6.935703e+01 -8.213373e-01 -1.347051e+00 5.320405e-01 -1.444854e+00 -1.150177e+00 -7.132214e-01 -1.254558e+00 -3.274568e-01 9.675307e-01 -4.010979e-01 1.010191e+00 2.764425e-01 3.044152e+00 8.334760e-01 4.203170e-01 3.376999e-01 6.247742e-01 -4.855948e-01 1.060288e-01 2.624861e-02 5.358289e-01 -5.035728e-01 -2.563163e-01 -3.133193e-01 -2.650479e-01 -9.510828e-01
<VARIANCE> 39
 4.886475e+01 1.813259e+01 1.843512e+02 4.453130e+01 9.706355e+01 5.756420e+00 4.024384e+01 6.872927e+01 3.222129e+01 2.281570e+01 3.828792e+01 1.328796e+01 7.277519e+01 2.343824e+00 2.702673e+00 3.254701e+00 4.388349e+00 2.199903e+00 2.687781e+00 7.339785e+00 1.832502e+00 3.197202e+00 7.659593e-01 4.350908e-01 5.925340e-01 1.383027e+00 4.886091e-01 4.207373e-01 1.446912e+00 1.805770e-01 1.948756e+00 3.171211e-01 1.784082e-01 3.753607e-01 3.331254e-01 4.313028e-01 1.844528e+00 3.008468e-01 2.280156e-01
<GCONST> 1.174764e+02
<TRANSP> 6
 0.000000e+00 1.000000e+00 0.000000e+00 0.000000e+00 0.000000e+00 0.000000e+00
 0.000000e+00 3.334511e-01 6.665489e-01 0.000000e+00 0.000000e+00 0.000000e+00
 0.000000e+00 0.000000e+00 6.249608e-01 3.750392e-01 0.000000e+00 0.000000e+00
 0.000000e+00 0.000000e+00 0.000000e+00 4.000003e-01 5.999997e-01 0.000000e+00
 0.000000e+00 0.000000e+00 0.000000e+00 0.000000e+00 3.082857e-44 1.000000e+00
 0.000000e+00 0.000000e+00 0.000000e+00 0.000000e+00 0.000000e+00 0.000000e+00
<ENDHMM>
