~o
<STREAMINFO> 1 39
<VECSIZE> 39<NULLD><MFCC_D_A_0><DIAGC>
~h "initial_0_D_A_6"
<BEGINHMM>
<NUMSTATES> 6
<STATE> 2
<MEAN> 39
 -1.308038e+01 -1.170545e+00 -6.829380e-01 -2.066768e-01 4.002912e+00 -3.230448e+00 1.301310e+00 3.762164e-01 -7.082567e+00 -2.820725e+00 -6.688102e+00 4.494078e+00 5.733527e+01 9.287157e-02 -7.396283e-01 1.002872e-01 -3.368532e-01 4.307259e-01 6.527047e-01 -1.201911e+00 2.155255e-01 7.967766e-02 -1.178529e+00 5.396529e-01 4.347041e-01 -1.701572e-02 1.772469e-01 -6.018079e-02 -3.824674e-01 -2.867178e-01 -4.874987e-01 -3.545062e-01 -1.815691e-01 -2.344262e-01 1.749434e-02 1.693033e-01 -4.824629e-02 -6.361105e-01 1.977452e-01
<VARIANCE> 39
 2.159937e+01 2.494133e+01 7.012452e+00 1.812987e+01 1.103327e+02 2.732934e+01 1.334536e+01 3.314759e+01 5.922036e+01 3.214837e+01 4.447513e+01 4.093107e+01 1.904400e+02 3.114489e+00 6.865544e-01 2.189451e+00 1.224824e+00 4.228865e-01 4.457114e+00 4.984699e+00 1.760440e+00 1.907646e+00 9.911026e-01 3.196357e+00 2.516486e+00 4.452160e+00 1.173862e-01 9.880958e-02 3.586922e-01 3.911020e-01 3.602502e-01 2.489491e-01 1.942135e-01 4.835825e-01 2.271118e-01 2.186216e-01 3.619561e-01 1.177508e-01 8.173621e-02
<GCONST> 1.061303e+02
<STATE> 3
<MEAN> 39
 -1.105923e+01 -1.854256e+00 -2.647503e+00 9.844997e-01 2.076245e+00 -6.254712e+00 -8.751912e-01 5.322329e-02 -5.785614e+00 -4.661520e+00 -8.387286e+00 3.438349e+00 6.061574e+01 1.783018e-01 -4.881786e-01 -8.875222e-01 -2.480886e-01 2.736992e-03 -3.614187e-01 -9.906033e-01 -5.964310e-02 -3.674403e-02 -1.326995e+00 -2.828925e-01 -1.687440e-01 -5.673495e-01 6.143524e-03 1.204413e-01 -2.197494e-01 -2.144257e-01 -2.707224e-01 -1.922304e-01 -6.171172e-02 -5.720181e-02 -1.460119e-01 2.599402e-02 -1.234991e-01 -1.345498e-01 -4.057284e-02
<VARIANCE> 39
 9.419646e+00 2.350337e+01 1.289148e+01 1.096636e+01 1.064516e+02 1.548680e+01 3.972872e+01 7.014351e+01 6.018682e+01 1.369698e+01 1.906648e+01 4.613790e+01 1.556463e+02 1.070811e+00 4.611583e-01 7.263226e-01 1.539070e+00 1.751362e+00 1.648492e+00 2.613093e+00 6.166362e-01 1.983753e+00 4.996511e-01 2.408624e+00 8.924662e-01 2.354829e+00 3.711079e-01 6.054513e-02 6.138601e-01 6.292579e-02 2.345165e-01 8.164176e-01 7.864770e-01 4.468611e-01 6.001475e-01 2.162055e-01 4.095070e-01 3.994824e-01 2.279955e-01
<GCONST> 1.033875e+02
<STATE> 4
<MEAN> 39
 -1.025290e+01 -5.995972e+00 -5.480853e+00 -2.602488e+00 3.643036e+00 -2.201946e+00 -9.195898e-01 4.249979e+00 -2.421370e+00 -8.371647e+00 -8.686260e+00 5.935598e-01 5.476790e+01 8.196466e-01 1.128832e-01 -3.585557e-02 -4.995277e-01 -3.017097e-01 2.552078e-02 -5.429550e-01 -4.186011e-01 7.407068e-02 -7.139946e-02 -1.550768e-01 -1.345935e+00 1.153936e+00 2.332538e-01 2.327234e-02 5.555363e-02 -3.708168e-02 -9.374946e-02 -8.981758e-02 -1.104525e-01 -5.866469e-02 -4.114424e-02 2.210109e-01 1.392669e-01 -1.182824e-01 3.333308e-01
<VARIANCE> 39
 3.547765e+01 2.047606e+01 3.102547e+01 1.745998e+01 5.266523e+01 1.799062e+01 3.411333e+01 3.282026e+01 2.458561e+01 3.994614e+01 1.674602e+01 4.031581e+01 4.559913e+01 1.965667e+00 1.212265e+00 1.896511e+00 1.829994e+00 1.578018e+00 1.478852e+00 3.918723e+00 3.004424e+00 3.011215e+00 4.699742e+00 1.221061e+00 2.845149e+00 2.302523e+00 3.742897e-01 3.362986e-01 3.802981e-01 3.833228e-01 4.332679e-01 1.600484e-01 5.077058e-01 6.328256e-01 4.215551e-01 6.004928e-01 2.628966e-01 3.745908e-01 2.373937e-01
<GCONST> 1.128822e+02
<STATE> 5
<MEAN> 39
 -4.639143e+00 -2.211062e+00 -5.235246e+00 -5.878527e+00 -5.950113e-01 -6.178755e+00 -6.740926e+00 -4.969763e+00 -6.682492e+00 -5.424320e+00 -9.733669e+00 -6.291591e+00 6.651771e+01 2.153791e+00 -7.940796e-01 -8.273467e-01 -1.327378e+00 -1.791526e+00 -9.660594e-01 -2.107483e+00 -1.824879e-01 -2.316994e-01 9.451792e-01 1.210372e+00 -9.603251e-01 2.596596e+00 -2.135268e-01 -5.442616e-01 -3.031923e-01 1.370347e-02 -5.722410e-01 6.677587e-03 3.803011e-01 -7.820097e-02 8.209591e-01 3.582232e-01 2.913627e-01 3.640394e-01 9.164106e-03
<VARIANCE> 39
 2.332432e+01 4.044217e+01 7.054094e+00 1.760834e+01 4.096586e+01 3.398664e+01 5.101162e+01 6.920204e+01 4.521634e+01 4.327430e+01 4.094785e+00 2.655303e+01 2.771948e+01 2.281044e+00 2.085677e+00 6.469415e+00 1.769892e+00 1.923052e+00 2.205760e+00 4.488039e+00 3.590096e+00 7.969899e-01 1.192574e+00 1.534884e+00 3.191511e+00 5.099401e+00 4.134385e-01 1.463225e-01 2.825872e-01 1.850531e-01 1.115248e-01 8.366350e-02 1.290061e+00 5.775071e-01 3.480425e-01 1.181666e+00 1.990650e-01 2.856797e-01 3.351429e-01
<GCONST> 1.101624e+02
<TRANSP> 6
 0.000000e+00 1.000000e+00 0.000000e+00 0.000000e+00 0.000000e+00 0.000000e+00
 0.000000e+00 1.305084e-27 1.000000e+00 0.000000e+00 0.000000e+00 0.000000e+00
 0.000000e+00 0.000000e+00 6.000112e-01 3.999888e-01 0.000000e+00 0.000000e+00
 0.000000e+00 0.000000e+00 0.000000e+00 8.461518e-01 1.538482e-01 0.000000e+00
 0.000000e+00 0.000000e+00 0.000000e+00 0.000000e+00 3.980459e-15 1.000000e+00
 0.000000e+00 0.000000e+00 0.000000e+00 0.000000e+00 0.000000e+00 0.000000e+00
<ENDHMM>
