~o
<STREAMINFO> 1 39
<VECSIZE> 39<NULLD><MFCC_D_A_0><DIAGC>
~h "initial_0_D_A_6"
<BEGINHMM>
<NUMSTATES> 6
<STATE> 2
<MEAN> 39
 2.554066e-01 8.037894e+00 6.731821e+00 -2.516921e-03 -4.486629e+00 -7.628648e+00 -6.883427e+00 -4.503068e+00 -6.741507e+00 -4.412614e+00 -5.564194e+00 -6.063064e+00 5.983317e+01 -1.963608e+00 1.129294e+00 8.025796e-01 2.996677e-01 1.000763e+00 3.314378e+00 2.342292e+00 -3.111591e-01 8.442752e-01 6.886371e-01 -1.135082e+00 -1.132645e+00 -1.310122e+00 -1.100467e+00 -5.675573e-01 2.990023e-01 -9.412596e-01 -3.871173e-01 3.244355e-01 -8.347222e-01 2.880072e-01 1.201124e-01 -4.737870e-01 4.373613e-01 1.046514e+00 1.043889e+00
<VARIANCE> 39
 9.064633e-01 7.965043e+00 3.340064e-01 6.728214e+00 7.348897e+00 4.247712e+01 1.187275e+00 3.824466e+01 2.347166e+01 2.310336e+01 1.219776e+02 6.459926e+01 5.085788e+01 2.632752e+00 1.899453e-01 7.391131e-01 1.700977e+00 2.561132e+00 1.914418e+00 4.280872e-01 1.396002e+00 2.296517e-01 3.744426e-01 5.930862e+00 1.066387e+00 2.606240e-01 8.131871e-02 5.419398e-03 7.106084e-02 2.713425e-02 6.141663e-01 4.905561e-01 3.140920e-01 8.392825e-01 2.824022e-01 8.163884e-01 4.205601e-01 2.903630e-01 1.902563e-01
<GCONST> 8.013628e+01
<STATE> 3
<MEAN> 39
 -8.095347e+00 8.124799e+00 8.051971e+00 -3.586601e+00 -1.147439e+00 -3.025451e-01 -7.327504e+00 -2.659135e+00 -5.247410e+00 -7.412308e+00 -4.580614e+00 -3.960971e+00 6.232443e+01 -3.768836e+00 -7.519366e-01 8.506448e-01 -2.386682e+00 -3.318870e-01 8.957874e-01 -6.499416e-01 -1.047642e+00 -1.522510e-01 -6.941572e-01 1.468401e+00 2.047301e+00 3.039871e+00 6.070014e-01 -6.148961e-01 -4.411800e-01 -6.836627e-02 -1.289517e+00 -1.787497e+00 -7.975859e-01 -6.157343e-01 -3.398879e-01 5.032031e-01 1.670826e-01 8.200644e-02 1.059712e+00
<VARIANCE> 39
 5.191536e+01 1.466882e+01 1.932360e+01 4.227428e+01 2.078368e+01 4.977162e+01 8.801556e+00 2.144891e+01 1.831483e+01 2.802948e+01 6.070327e+01 2.674308e+01 1.139921e+02 2.051135e+00 1.141854e+00 2.974995e+00 1.508518e+00 8.268283e+00 7.969240e+00 1.238471e+00 5.446484e+00 6.567956e-01 3.647366e+00 9.684938e+00 2.698273e+00 4.406167e+00 1.879559e+00 2.471434e-01 4.890513e-01 1.116644e+00 5.771759e-01 1.213238e+00 1.838100e-01 9.041812e-01 1.750728e-01 1.050041e+00 1.524495e+00 1.386036e+00 7.989604e-01
<GCONST> 1.249461e+02
<STATE> 4
<MEAN> 39
 -1.684403e+01 7.559573e+00 8.927626e+00 -1.100399e+01 -8.471874e+00 -2.484782e+00 -9.657702e+00 -1.131663e+01 -7.034158e+00 -6.501635e+00 9.153736e-01 3.012032e+00 7.291110e+01 1.235702e+00 -1.810280e+00 -1.202546e+00 7.845667e-01 -4.798143e+00 -5.436305e+00 -1.564464e+00 -2.608421e+00 -6.678525e-01 2.854493e+00 2.774211e-01 1.117671e-01 3.568899e+00 2.359873e+00 -6.692285e-01 -8.105180e-01 1.027737e+00 -2.050925e-01 -9.088191e-01 -2.391684e-01 8.042094e-01 -1.596055e-01 7.291545e-01 -5.526358e-01 -7.711400e-01 -8.917674e-01
<VARIANCE> 39
 2.178869e+00 1.956082e+01 4.731703e+01 1.095707e+00 5.746082e+00 2.012631e+01 1.563457e+00 6.101608e+01 5.828243e+00 8.453402e+00 1.986166e+01 3.439450e+00 6.248263e+01 1.141881e+00 5.181058e-02 6.703757e+00 1.784555e+00 1.856043e+00 1.790959e+00 2.577543e-01 8.539452e+00 1.254256e+00 1.659922e+00 4.626399e+00 3.734420e+00 5.963934e-01 1.661071e-01 7.761865e-01 7.250182e-01 1.268910e-01 3.088931e-01 5.955189e-01 7.852800e-02 1.091482e-01 3.075963e-01 1.392678e-01 1.629500e+00 4.308469e-01 1.855080e-01
<GCONST> 8.957738e+01
<STATE> 5
<MEAN> 39
 -9.868496e+00 3.318354e+00 8.194198e+00 -3.046692e+00 -1.306870e+01 -1.639486e+01 -1.246626e+01 -1.030463e+01 -9.427122e+00 -1.801713e+00 -1.811340e+00 -2.594725e+00 7.347832e+01 3.797315e+00 -2.747268e+00 -1.450746e+00 1.132741e+00 -3.492393e+00 -5.187962e+00 -1.794897e+00 -3.425915e-01 -1.710082e+00 2.479594e+00 -7.025535e-01 -5.196070e-01 1.623808e+00 1.128671e+00 -2.377545e-01 -6.318395e-01 1.184730e-01 8.041062e-01 1.069305e+00 2.286760e-01 9.329649e-01 3.473976e-01 2.155568e-01 -5.763901e-01 -3.971234e-01 -1.035490e+00
<VARIANCE> 39
 3.938041e+00 4.948720e+00 3.313739e+01 3.835243e-01 2.279642e+01 3.267480e+01 7.342699e-01 3.393523e+01 8.224573e+00 8.311381e-01 2.201708e+00 2.610863e+01 6.079502e+01 1.066453e-01 3.368505e+00 4.956962e+00 5.457267e-01 2.780718e-01 4.742178e+00 1.162539e+00 3.276790e+00 2.746496e+00 6.216646e-01 8.852890e+00 4.380462e+00 8.015432e-01 3.175904e-01 3.555216e-01 2.399712e-01 5.117071e-02 5.715295e-01 2.469755e-01 4.042543e-01 4.266757e-01 1.787932e-01 1.064605e-01 1.790003e-01 1.186520e-01 1.560830e-02
<GCONST> 8.038667e+01
<TRANSP> 6
 0.000000e+00 1.000000e+00 0.000000e+00 0.000000e+00 0.000000e+00 0.000000e+00
 0.000000e+00 0.000000e+00 1.000000e+00 0.000000e+00 0.000000e+00 0.000000e+00
 0.000000e+00 0.000000e+00 6.999996e-01 3.000005e-01 0.000000e+00 0.000000e+00
 0.000000e+00 0.000000e+00 0.000000e+00 2.690929e-13 1.000000e+00 0.000000e+00
 0.000000e+00 0.000000e+00 0.000000e+00 0.000000e+00 0.000000e+00 1.000000e+00
 0.000000e+00 0.000000e+00 0.000000e+00 0.000000e+00 0.000000e+00 0.000000e+00
<ENDHMM>
