~o
<STREAMINFO> 1 39
<VECSIZE> 39<NULLD><MFCC_D_A_0><DIAGC>
~h "initial_0_D_A_6"
<BEGINHMM>
<NUMSTATES> 6
<STATE> 2
<MEAN> 39
 -1.182798e+00 2.000918e+00 3.923804e+00 -1.734946e+00 -1.044105e+01 -1.083150e+01 -8.373462e+00 -1.066350e+01 -7.027492e+00 3.497673e+00 -8.817864e+00 -9.143519e+00 6.582408e+01 9.734135e-01 1.056928e+00 1.654716e+00 9.353974e-01 -7.062944e-01 1.595897e+00 -7.311073e-01 -1.914240e+00 2.600670e-01 6.899566e-01 -8.369223e-01 -6.557111e-01 -1.938422e+00 -3.565594e-01 -2.615168e-01 -2.293935e-01 -5.106711e-01 -1.930772e-01 9.038850e-02 4.580115e-02 3.578682e-01 3.525463e-03 -2.916107e-01 1.405156e-01 3.732518e-01 6.001955e-01
<VARIANCE> 39
 1.035767e+01 2.850326e+01 2.523117e+01 1.591356e+01 4.075867e+01 4.364999e+01 3.046604e+01 4.064531e+01 6.909202e+01 5.657193e+01 8.166650e+01 2.622244e+01 8.755731e+01 8.048059e-01 3.678002e+00 4.542662e+00 3.740988e+00 3.588157e+00 3.692827e+00 2.393068e+00 9.912483e+00 3.856679e+00 2.709797e+00 5.154794e+00 1.317058e+00 2.487627e+00 1.684027e-01 2.141403e-01 8.698482e-01 4.168302e-01 8.413072e-01 6.519233e-01 3.764047e-01 7.830118e-01 4.581626e-01 4.186439e-01 5.477582e-01 2.527859e-01 1.563785e-01
<GCONST> 1.215767e+02
<STATE> 3
<MEAN> 39
 -1.536176e+00 1.790021e+00 7.278596e+00 -2.828259e+00 -1.598108e+01 -8.921878e+00 -1.157493e+01 -1.385459e+01 -3.282171e+00 1.604915e+00 -1.351751e+01 -8.757801e+00 7.059975e+01 9.215186e-02 3.370175e-01 2.160672e-01 -1.556034e-01 8.440305e-02 5.953937e-01 -3.872590e-01 -7.312714e-03 -3.566211e-02 -4.482287e-01 1.283534e-01 2.425718e-01 -3.744550e-01 -4.509431e-01 -1.209072e-01 -5.866812e-01 -4.007901e-01 6.748122e-01 -4.461992e-01 2.125917e-01 8.028588e-01 -1.757655e-01 -3.488411e-01 5.007255e-01 1.452149e-01 5.208383e-01
<VARIANCE> 39
 7.669263e+00 1.876679e+01 2.083440e+01 1.142445e+01 3.147191e+01 2.872570e+01 2.445348e+01 2.021944e+01 3.238638e+01 4.165596e+01 7.004045e+01 2.434842e+01 1.078263e+02 7.221819e-01 1.614252e+00 1.739956e+00 1.175068e+00 1.985523e+00 1.549553e+00 1.505513e+00 4.352320e+00 2.219600e+00 1.458195e+00 2.053929e+00 8.330283e-01 1.172324e+00 1.923909e-01 2.639758e-01 5.628213e-01 3.552972e-01 4.167639e-01 2.662070e-01 3.141261e-01 9.267729e-01 5.852481e-01 5.689152e-01 6.359529e-01 3.743224e-01 2.924781e-01
<GCONST> 1.084145e+02
<STATE> 4
<MEAN> 39
 6.935067e-01 5.728630e-01 4.975808e+00 -2.459650e+00 -8.704867e+00 -6.354271e+00 -1.085044e+01 -8.292696e+00 -7.635118e+00 2.341668e+00 -3.930119e+00 -6.232743e+00 6.372517e+01 -8.217747e-01 7.152628e-01 -3.047785e-01 -4.127342e-01 1.185676e+00 -1.231017e-01 5.276128e-01 7.271047e-01 -2.777712e-01 -4.558543e-01 5.646010e-01 -5.794984e-02 1.336580e-02 -4.370061e-01 -1.049567e-02 -1.591941e-01 -2.967118e-01 1.623552e-01 1.583893e-03 3.452007e-01 3.783130e-01 -1.916799e-03 7.660842e-02 -1.089964e-01 -6.257088e-02 1.745641e-01
<VARIANCE> 39
 9.016862e+00 4.592095e+01 1.058001e+01 1.292112e+01 2.780326e+01 3.607409e+01 3.010352e+01 2.270029e+01 3.116917e+01 6.199173e+01 9.721245e+01 3.027432e+01 6.055552e+01 1.023425e+00 1.282959e+00 2.239889e+00 1.633313e+00 3.068117e+00 2.050937e+00 2.428299e+00 3.737752e+00 2.676448e+00 2.719079e+00 3.586613e+00 1.596269e+00 1.930350e+00 1.699300e-01 1.720310e-01 3.279532e-01 4.094865e-01 2.296968e-01 4.917807e-01 3.535339e-01 1.111255e+00 5.447704e-01 3.238500e-01 6.678783e-01 2.964690e-01 2.254198e-01
<GCONST> 1.122184e+02
<STATE> 5
<MEAN> 39
 -5.892247e+00 5.347845e+00 3.075501e+00 -4.524737e+00 -7.022666e+00 -9.563827e+00 -8.132225e+00 -8.894717e+00 -5.663855e+00 -6.902508e-01 -7.774853e+00 -7.468908e+00 6.578532e+01 -1.548018e+00 -3.032499e-01 -9.164692e-01 -7.073067e-01 9.136227e-01 5.875335e-01 9.114082e-01 1.137074e+00 4.874513e-01 -4.285390e-01 2.714862e-01 8.736932e-02 3.264228e-01 -1.325761e-02 -4.347855e-01 -1.465455e-01 -8.665911e-03 -4.020195e-01 2.483254e-01 6.155777e-02 -2.340161e-01 8.356385e-02 9.466099e-02 -2.705311e-01 7.176064e-02 1.007590e-02
<VARIANCE> 39
 1.947109e+01 3.826704e+01 5.161152e+01 1.709623e+01 7.041444e+01 2.971234e+01 2.256685e+01 3.972807e+01 4.604177e+01 1.977629e+01 1.159126e+02 2.913923e+01 1.055512e+02 1.568010e+00 2.479218e+00 3.865068e+00 3.280105e+00 4.164207e+00 2.629392e+00 2.858254e+00 3.462812e+00 4.069662e+00 3.529889e+00 4.417518e+00 2.730475e+00 4.835421e+00 3.021212e-01 4.636984e-01 3.630381e-01 3.020554e-01 6.069894e-01 7.464381e-01 7.206635e-01 7.735847e-01 9.927882e-01 4.525842e-01 8.838686e-01 6.386761e-01 4.922583e-01
<GCONST> 1.267976e+02
<TRANSP> 6
 0.000000e+00 1.000000e+00 0.000000e+00 0.000000e+00 0.000000e+00 0.000000e+00
 0.000000e+00 2.802758e-01 7.197242e-01 0.000000e+00 0.000000e+00 0.000000e+00
 0.000000e+00 0.000000e+00 5.297659e-01 4.702341e-01 0.000000e+00 0.000000e+00
 0.000000e+00 0.000000e+00 0.000000e+00 5.777683e-01 4.222317e-01 0.000000e+00
 0.000000e+00 0.000000e+00 0.000000e+00 0.000000e+00 4.639828e-01 5.360172e-01
 0.000000e+00 0.000000e+00 0.000000e+00 0.000000e+00 0.000000e+00 0.000000e+00
<ENDHMM>
