~o
<STREAMINFO> 1 39
<VECSIZE> 39<NULLD><MFCC_D_A_0><DIAGC>
~h "initial_0_D_A_6"
<BEGINHMM>
<NUMSTATES> 6
<STATE> 2
<MEAN> 39
 -5.848567e-01 -1.221630e+00 -2.381365e+00 -1.325211e+01 -1.449224e+01 6.985382e-01 -3.384704e+00 -1.351390e+01 -6.730442e+00 3.450685e+00 -9.330784e+00 -5.701935e+00 6.951853e+01 -9.021817e-02 8.813754e-01 4.256133e+00 1.227255e+00 -1.829963e+00 6.871719e-01 -2.856437e+00 -1.182584e-01 1.614802e+00 1.394780e+00 -4.790215e+00 -1.330972e+00 -2.188862e+00 2.586015e-04 -1.418978e-01 -2.994112e-01 2.182271e-01 3.034931e-01 -4.082796e-01 -3.252731e-01 7.434859e-01 1.998289e-01 -7.370228e-01 1.103575e+00 -2.008440e-01 2.776783e-01
<VARIANCE> 39
 1.815842e+01 4.241430e+01 3.641026e+01 1.364033e+01 1.830424e+01 1.801572e+00 3.989850e+00 1.085752e+02 1.376061e+01 2.777004e+01 7.871893e+01 1.736370e+01 7.951709e+01 9.220746e-02 1.119145e+00 2.878442e+00 4.058167e+00 6.990410e-02 1.550305e+00 5.177686e-02 3.413800e+00 6.274789e+00 1.569757e+00 1.211369e+01 2.026565e+00 1.558680e+00 6.857988e-02 2.975024e-02 1.285741e-01 3.700125e-01 1.498253e-01 4.565731e-01 2.547726e-01 5.585642e-01 1.630470e-01 2.110036e-02 1.376497e-01 2.146503e-01 5.295346e-03
<GCONST> 8.549728e+01
<STATE> 3
<MEAN> 39
 -2.727376e+00 1.058366e+00 5.290451e+00 -1.370454e+01 -1.776865e+01 -3.743221e+00 -1.225447e+01 -1.270748e+01 -1.074740e+00 -3.611992e+00 -1.808514e+01 -8.868489e+00 7.371352e+01 -3.574928e-02 4.688029e-01 1.490464e+00 1.052304e+00 -7.345896e-02 -7.054425e-01 -1.116399e+00 3.000257e-01 -1.108479e-01 -4.699824e-02 -1.925074e-01 -7.081145e-03 -8.706740e-01 5.919712e-02 1.298758e-02 -9.266489e-01 -5.387677e-02 4.664570e-01 -1.437794e-02 6.200122e-01 -8.076985e-02 -3.078135e-01 -1.218565e-01 1.127375e+00 3.179638e-01 2.000356e-01
<VARIANCE> 39
 3.896067e+00 2.208246e+01 2.234233e+01 1.784977e+01 7.931437e+00 6.488542e+00 5.805001e+00 1.424067e+01 5.776893e+01 2.692089e+01 4.522834e+01 2.102275e+01 1.226769e+02 2.552725e-01 4.514547e-01 2.174994e+00 5.506708e-01 4.634005e-01 2.336910e-01 2.269625e+00 3.121955e+00 3.128026e+00 1.716953e+00 4.401876e+00 3.211673e+00 8.374079e-01 2.122018e-02 1.570676e-01 5.346186e-01 2.319859e-01 1.677395e-01 3.141975e-01 1.410648e-01 4.664437e-01 5.276622e-01 4.895155e-01 2.279804e+00 3.033579e-01 2.712343e-01
<GCONST> 9.491700e+01
<STATE> 4
<MEAN> 39
 2.092114e+00 -4.310935e+00 4.153539e+00 -4.401253e+00 -1.207721e+01 -1.876397e+00 -5.186679e+00 -9.044118e+00 -9.035944e+00 9.831306e+00 1.235186e+00 -6.404527e+00 6.297112e+01 1.493309e-01 7.218407e-01 -2.597977e-01 8.009010e-01 -1.864963e-01 -2.209432e-01 6.748915e-01 -7.120432e-01 -7.787916e-01 -1.580514e-02 1.242958e+00 -2.086814e-01 -7.419403e-01 -9.731063e-02 1.662585e-01 -4.346052e-01 -2.732893e-01 2.676625e-01 1.743289e-01 2.641050e-01 -4.245157e-02 -1.662848e-01 -1.819016e-01 2.932845e-01 -1.026666e-02 6.056131e-02
<VARIANCE> 39
 6.564254e+00 1.725091e+01 1.255654e+01 1.123906e+01 1.017464e+01 7.865568e+00 1.242007e+01 9.810610e+00 1.950721e+01 3.764498e+01 9.794923e+01 7.946610e+00 2.879484e+01 8.553558e-02 4.685138e-01 3.254532e-01 1.936038e-01 9.247232e-01 2.086617e-01 1.851818e-01 1.007726e-01 8.463301e-01 8.796640e-01 1.967968e+00 6.964401e-01 3.831718e-01 5.678916e-02 1.158065e-01 9.622765e-01 2.323368e-01 3.375218e-01 1.013975e-01 1.793750e-01 4.407456e-01 3.832808e-01 1.615982e-01 5.005190e-01 2.140194e-01 2.291073e-01
<GCONST> 7.568704e+01
<STATE> 5
<MEAN> 39
 -6.689722e-02 3.530781e+00 4.333095e+00 -5.521821e+00 -1.531618e+01 -5.412216e+00 -7.014049e+00 -1.276307e+01 -1.075431e+01 3.290659e+00 -7.572081e+00 -6.805907e+00 6.212708e+01 -6.535656e-01 1.675218e+00 -3.448975e+00 -4.138393e-01 2.497383e+00 1.498350e+00 1.318953e+00 -5.557011e-01 -6.430548e-01 -7.437060e-01 2.924623e+00 1.395672e-01 -4.293594e-01 -3.818758e-01 6.415315e-02 -1.377341e+00 -1.060792e+00 8.286365e-01 2.966332e-01 3.403967e-01 -1.265525e-01 2.237414e-01 -5.267335e-02 1.763517e-01 3.910522e-01 8.380629e-01
<VARIANCE> 39
 7.791363e+00 1.166050e+01 2.774847e+01 4.259497e+01 1.068221e+00 4.463181e+00 3.000643e+01 1.011592e-01 1.685395e+01 2.952762e+01 1.986540e+02 3.068576e+00 8.952374e+01 1.303075e-01 1.718905e+00 8.686694e+00 9.455798e-01 2.368854e+00 1.917238e-01 1.863897e-01 4.954763e+00 9.813675e+00 3.070298e+00 1.070302e+01 5.774271e-02 2.742841e+00 6.929227e-02 8.017869e-02 1.010417e+00 7.142578e-02 6.557758e-01 3.290293e-02 2.265187e-01 6.284317e-01 6.633217e-01 8.465935e-02 8.677689e-01 2.181969e-01 4.159446e-01
<GCONST> 8.769663e+01
<TRANSP> 6
 0.000000e+00 1.000000e+00 0.000000e+00 0.000000e+00 0.000000e+00 0.000000e+00
 0.000000e+00 0.000000e+00 1.000000e+00 0.000000e+00 0.000000e+00 0.000000e+00
 0.000000e+00 0.000000e+00 7.499985e-01 2.500015e-01 0.000000e+00 0.000000e+00
 0.000000e+00 0.000000e+00 0.000000e+00 7.272739e-01 2.727261e-01 0.000000e+00
 0.000000e+00 0.000000e+00 0.000000e+00 0.000000e+00 0.000000e+00 1.000000e+00
 0.000000e+00 0.000000e+00 0.000000e+00 0.000000e+00 0.000000e+00 0.000000e+00
<ENDHMM>
