~o
<STREAMINFO> 1 39
<VECSIZE> 39<NULLD><MFCC_D_A_0><DIAGC>
~h "initial_0_D_A_6"
<BEGINHMM>
<NUMSTATES> 6
<STATE> 2
<MEAN> 39
 -7.939753e+00 8.348794e+00 2.617602e+00 -8.827580e-02 -1.793355e+00 -9.735077e+00 -7.089901e+00 -6.939363e+00 -5.563758e+00 -2.619744e+00 -5.441706e+00 -5.612145e+00 5.730928e+01 -9.839702e-01 1.211267e+00 7.679839e-01 1.949796e+00 2.085653e+00 3.090271e+00 1.796167e-01 3.719535e-01 4.226875e-01 -1.585771e+00 1.905890e-01 7.144642e-01 -4.632767e+00 -3.327438e-01 -1.126262e+00 -4.367874e-01 -5.404887e-01 -4.694706e-01 4.651619e-01 4.395007e-01 3.426932e-01 -1.568251e-01 4.686252e-01 1.607698e-01 -1.785169e-02 6.086912e-01
<VARIANCE> 39
 1.835422e+01 2.768801e+01 3.853266e+01 3.007946e+01 5.200902e+01 4.504348e+01 2.377465e+01 1.458722e+01 2.332687e+01 1.422591e+01 4.407553e+01 3.035159e+01 1.105131e+02 3.075069e+00 4.645666e+00 5.635746e+00 4.639747e+00 8.370704e+00 5.669419e+00 4.325094e+00 5.454831e+00 5.625884e+00 3.136201e+00 3.893549e+00 4.802564e+00 4.887990e+00 4.764234e-01 5.879993e-01 5.857813e-01 9.597011e-01 7.214245e-01 1.163107e+00 9.341167e-01 5.755875e-01 7.190582e-01 4.928142e-01 5.716719e-01 4.987258e-01 1.181286e+00
<GCONST> 1.318391e+02
<STATE> 3
<MEAN> 39
 -1.109376e+01 6.982815e+00 3.231762e+00 2.229134e+00 1.585316e+00 -1.986082e+00 -5.020129e+00 -6.866782e+00 -7.828222e+00 -4.770443e+00 -5.392660e+00 -4.650105e+00 5.010183e+01 -1.825269e+00 -1.782219e+00 -1.394162e+00 -2.822859e-01 1.611238e-01 1.375028e+00 1.303449e+00 9.297591e-01 1.134027e+00 2.796479e-01 6.423203e-01 9.729393e-01 -8.448267e-01 1.128694e-01 -6.026869e-01 -7.667239e-01 -8.654746e-01 -8.627818e-01 -9.520934e-01 1.030601e-02 9.320951e-02 3.975718e-01 8.610189e-01 9.755129e-02 2.030995e-02 1.604836e+00
<VARIANCE> 39
 1.159698e+01 1.500220e+01 2.476484e+01 1.744966e+01 6.639214e+00 2.082310e+01 1.763509e+01 1.200885e+01 2.089816e+01 1.907291e+01 3.077362e+01 2.342372e+01 6.850784e+01 1.649091e+00 1.665698e+00 3.312611e+00 4.467052e+00 3.360451e+00 5.255564e+00 3.747649e+00 2.333678e+00 1.776603e+00 3.008051e+00 3.316898e+00 2.344122e+00 7.904256e+00 2.881501e-01 4.850262e-01 6.457664e-01 6.092218e-01 7.892024e-01 1.031647e+00 5.951291e-01 4.638482e-01 6.280648e-01 5.176334e-01 6.529077e-01 6.374077e-01 7.837651e-01
<GCONST> 1.178866e+02
<STATE> 4
<MEAN> 39
 -1.704490e+01 6.366546e-01 -2.851337e+00 5.010993e-01 9.933237e-01 5.554203e-01 -2.242451e-01 -1.205245e+00 -5.552247e-01 4.571230e-01 -4.378267e-01 -7.843144e-02 5.128580e+01 -5.097819e-01 -1.163389e+00 -1.297227e+00 -1.578614e+00 -9.583641e-01 -7.071478e-01 2.587270e-01 9.371383e-02 6.866226e-01 8.417698e-01 3.216628e-01 6.318645e-01 1.960130e+00 6.982917e-01 3.046753e-01 2.648396e-01 -2.752078e-01 -3.808118e-01 -8.815190e-01 -6.605750e-01 -4.382072e-01 -4.929737e-01 -1.592896e-01 -4.241310e-01 -4.213424e-01 1.189121e+00
<VARIANCE> 39
 9.191204e+00 3.634394e+00 7.011446e+00 1.590360e+01 1.010584e+01 2.022980e+01 1.209576e+01 1.261357e+01 1.362009e+01 2.101664e+01 1.726585e+01 1.156370e+01 1.061096e+02 1.610288e+00 1.421722e+00 3.174212e+00 2.893431e+00 2.063403e+00 4.135464e+00 2.941838e+00 2.539616e+00 2.843277e+00 3.029034e+00 2.323355e+00 2.172364e+00 9.679994e+00 4.517184e-01 2.431412e-01 4.446641e-01 6.130255e-01 5.938537e-01 7.622601e-01 5.719545e-01 4.949213e-01 3.283361e-01 4.124838e-01 5.236776e-01 3.951173e-01 9.344788e-01
<GCONST> 1.099030e+02
<STATE> 5
<MEAN> 39
 -1.239572e+01 -6.540889e-01 -5.436994e+00 -7.162442e+00 -4.976339e+00 -8.222435e+00 -4.751264e+00 -5.751926e+00 -2.880923e+00 7.796807e-01 -4.380644e+00 -2.835084e+00 6.613434e+01 2.545368e+00 -1.046143e+00 -7.125295e-01 -1.616193e+00 -1.881571e+00 -2.380353e+00 -1.696248e+00 8.700904e-01 -2.016634e-01 1.090918e+00 -1.380585e+00 -1.834852e+00 4.372457e+00 3.918671e-01 2.005072e-03 4.607937e-01 4.844716e-01 3.586746e-01 4.868014e-01 -3.610788e-02 6.399766e-01 -2.873195e-01 -5.877772e-02 -2.513738e-01 -2.636922e-01 -7.932850e-01
<VARIANCE> 39
 4.240567e+01 2.518906e+01 2.560551e+01 2.308312e+01 3.181468e+01 5.085647e+01 3.741467e+01 4.072971e+01 3.208662e+01 3.200689e+01 2.537711e+01 3.529660e+01 1.853577e+02 4.970119e+00 3.931424e+00 5.408995e+00 5.277501e+00 5.633739e+00 6.457505e+00 5.691749e+00 6.707629e+00 3.633208e+00 3.296478e+00 4.735794e+00 3.819516e+00 1.147600e+01 9.007675e-01 5.018658e-01 6.004646e-01 4.144217e-01 3.714905e-01 9.320620e-01 1.426427e+00 1.101920e+00 7.009072e-01 5.735894e-01 7.387077e-01 8.687656e-01 1.255529e+00
<GCONST> 1.361634e+02
<TRANSP> 6
 0.000000e+00 1.000000e+00 0.000000e+00 0.000000e+00 0.000000e+00 0.000000e+00
 0.000000e+00 4.657076e-01 5.342923e-01 0.000000e+00 0.000000e+00 0.000000e+00
 0.000000e+00 0.000000e+00 5.492148e-01 4.507851e-01 0.000000e+00 0.000000e+00
 0.000000e+00 0.000000e+00 0.000000e+00 6.162283e-01 3.837717e-01 0.000000e+00
 0.000000e+00 0.000000e+00 0.000000e+00 0.000000e+00 5.564014e-01 4.435986e-01
 0.000000e+00 0.000000e+00 0.000000e+00 0.000000e+00 0.000000e+00 0.000000e+00
<ENDHMM>
