~o
<STREAMINFO> 1 39
<VECSIZE> 39<NULLD><MFCC_D_A_0><DIAGC>
~h "initial_0_D_A_6"
<BEGINHMM>
<NUMSTATES> 6
<STATE> 2
<MEAN> 39
 -3.717118e+00 -1.028049e+00 -5.755095e+00 -1.039595e+01 -7.668570e+00 -1.004203e+01 -7.589460e+00 -2.831079e+00 -6.815081e+00 1.564201e+00 -3.940802e+00 -5.656851e+00 6.957368e+01 7.006227e-01 5.134295e-01 -2.241712e-01 6.844760e-02 7.142079e-02 -4.408393e-01 -1.264672e-01 -9.596897e-01 -7.929049e-01 -5.424219e-02 7.676367e-01 -7.303054e-01 1.448212e-01 2.730839e-02 3.186510e-02 -8.859014e-02 -2.280818e-01 -2.721170e-01 3.659798e-01 2.421393e-01 -5.441947e-01 -3.114077e-01 3.143161e-02 9.156221e-02 2.693354e-02 2.389719e-01
<VARIANCE> 39
 4.524849e+01 7.732878e+01 3.323389e+01 1.220736e+02 2.778984e+01 4.139008e+01 3.109533e+01 3.627722e+01 9.573297e+01 7.613628e+01 2.487410e+01 3.083478e+01 1.822078e+02 1.687976e+00 3.609485e+00 2.786443e+00 1.710105e+00 3.087229e+00 8.956492e+00 1.931248e+00 3.075908e+00 3.581128e+00 2.653283e+00 8.015523e+00 4.071274e+00 3.139489e+00 4.634862e-01 2.748969e-01 4.567984e-01 1.525304e-01 2.271777e-01 2.976108e-01 6.868296e-01 5.700831e-01 1.082692e+00 6.171125e-01 8.457465e-01 5.132095e-01 3.497495e-01
<GCONST> 1.276697e+02
<STATE> 3
<MEAN> 39
 -3.433638e+00 -1.716334e+00 -7.906955e+00 -1.034931e+01 -8.326281e+00 -9.566185e+00 -7.767292e+00 -5.535070e+00 -7.464870e+00 1.095825e+00 -2.432212e+00 -7.693704e+00 7.591849e+01 6.041535e-01 -6.422482e-02 3.971742e-02 -4.727203e-01 -1.414159e-01 7.717941e-01 -2.330468e-01 -9.181625e-01 -1.502581e+00 -5.281757e-01 5.346923e-01 -7.135006e-01 6.825287e-01 -3.902602e-01 -3.535910e-01 1.959336e-01 -2.294801e-02 -2.650305e-01 9.808827e-03 3.919027e-01 4.090918e-01 7.595667e-02 -1.746840e-01 -2.992698e-01 -2.496668e-03 2.580177e-01
<VARIANCE> 39
 2.223178e+01 4.378733e+01 4.351940e+01 7.037297e+01 2.525979e+01 3.805030e+01 3.182322e+01 2.011370e+01 5.217616e+01 4.346029e+01 4.034725e+01 6.176699e+01 2.328499e+02 4.130702e+00 2.815299e+00 2.617369e+00 1.408300e+00 2.154714e+00 5.012565e+00 3.977188e+00 5.204401e+00 6.451777e+00 2.438710e+00 6.515010e+00 8.212413e+00 2.019518e+00 4.270397e-01 5.010228e-01 2.844703e-01 2.140511e-01 2.116415e-01 4.565564e-01 7.305086e-01 6.395868e-01 9.034716e-01 7.930808e-01 6.761119e-01 1.534805e+00 3.061932e-01
<GCONST> 1.286004e+02
<STATE> 4
<MEAN> 39
 6.270348e-01 1.359535e+00 -5.998352e+00 -1.647850e+01 -9.902360e+00 -5.411244e+00 -5.845243e+00 -5.328815e+00 -1.354515e+01 2.572353e+00 -2.523476e+00 -4.972158e+00 6.886269e+01 -5.588126e-01 -1.203124e+00 -1.792323e-01 5.924451e-01 -3.769162e-01 -6.720770e-02 1.535394e+00 -7.315420e-01 8.061920e-01 6.905380e-01 8.530284e-02 -6.833977e-01 1.491896e+00 -3.104873e-01 -3.052205e-01 4.756606e-02 2.764836e-01 4.870266e-02 -1.829667e-01 1.929862e-01 1.436034e-01 3.856267e-01 3.669366e-01 -4.170486e-01 -1.632966e-01 1.837211e-01
<VARIANCE> 39
 2.501004e+01 7.316782e+01 9.898190e+01 1.654494e+02 1.249067e+01 3.583269e+01 4.788313e+01 6.550684e+01 5.550669e+01 4.407148e+01 7.871320e+01 3.674413e+01 8.193452e+01 9.530264e-01 2.424035e+00 6.419643e+00 1.310704e+00 4.020648e+00 2.681663e+00 1.184480e+00 3.629058e+00 3.518620e+00 6.404625e+00 3.087335e+00 3.766469e+00 1.478346e+00 2.187001e-01 4.973799e-01 5.296521e-01 3.013428e-01 3.295752e-01 8.101102e-01 3.826204e-01 1.048205e+00 7.914501e-01 7.175101e-01 1.535399e+00 1.131919e+00 2.705264e-01
<GCONST> 1.283803e+02
<STATE> 5
<MEAN> 39
 -4.156670e+00 -4.257011e+00 -5.641871e+00 -1.000406e+01 -1.097031e+01 -7.100672e+00 -1.540817e+00 -7.612621e+00 -7.904751e+00 2.798008e+00 -1.699090e+00 -1.078160e+01 7.626601e+01 -1.283947e+00 -1.034626e+00 3.867043e-01 4.953541e-01 -6.757885e-01 -5.619035e-01 1.473766e+00 3.531041e-01 5.373219e-01 5.146288e-01 -1.692849e+00 -1.191103e+00 1.381038e+00 1.643666e-01 4.492095e-01 -9.583803e-02 -8.952184e-02 3.452907e-01 -1.637058e-01 -3.665120e-01 3.329502e-01 1.118183e-01 -2.243459e-01 -4.133296e-01 3.745378e-01 -4.099581e-01
<VARIANCE> 39
 3.030800e+01 5.998761e+01 2.215133e+02 7.912505e+01 2.295369e+01 5.627419e+01 5.050087e+01 3.411570e+01 8.388882e+01 4.979723e+01 4.669232e+01 5.079867e+01 9.871526e+01 5.947945e-01 2.043103e+00 2.500562e+00 3.819266e+00 4.885230e+00 3.244025e+00 2.109535e+00 5.438192e+00 2.410619e+00 1.824356e+00 6.120291e+00 3.284332e+00 8.306802e-01 1.115733e-01 3.181978e-01 1.561688e+00 2.501918e-01 4.573219e-01 7.396048e-01 2.078305e-01 9.876488e-01 1.050840e+00 1.298306e+00 2.939626e-01 6.705382e-01 1.277108e-01
<GCONST> 1.259050e+02
<TRANSP> 6
 0.000000e+00 1.000000e+00 0.000000e+00 0.000000e+00 0.000000e+00 0.000000e+00
 0.000000e+00 1.321653e-25 1.000000e+00 0.000000e+00 0.000000e+00 0.000000e+00
 0.000000e+00 0.000000e+00 5.912561e-01 4.087438e-01 0.000000e+00 0.000000e+00
 0.000000e+00 0.000000e+00 0.000000e+00 6.247087e-01 3.752913e-01 0.000000e+00
 0.000000e+00 0.000000e+00 0.000000e+00 0.000000e+00 7.461048e-32 1.000000e+00
 0.000000e+00 0.000000e+00 0.000000e+00 0.000000e+00 0.000000e+00 0.000000e+00
<ENDHMM>
