~o
<STREAMINFO> 1 39
<VECSIZE> 39<NULLD><MFCC_D_A_0><DIAGC>
~h "d"
<BEGINHMM>
<NUMSTATES> 5
<STATE> 2
<MEAN> 39
 -4.680212e+00 -4.897433e+00 3.856002e+00 -2.900956e+00 -8.009522e+00 5.549018e+00 -5.996590e+00 -2.493741e-01 2.547498e+00 -3.229444e+00 2.058914e+00 -1.485146e+00 3.301188e+01 1.152309e+00 -1.121093e+00 2.560998e-01 -8.826174e-01 -1.330024e+00 5.306446e-01 -6.094097e-01 -2.772115e-01 3.952851e-01 -4.236723e-01 2.749818e-01 9.221526e-02 1.584636e+00 4.150522e-01 -4.610269e-01 3.256545e-01 -1.514644e-01 -3.187657e-01 2.351225e-01 -3.633799e-01 1.227319e-01 1.695441e-01 -1.421699e-01 2.181742e-01 -1.072047e-01 5.730128e-01
<VARIANCE> 39
 7.501153e+01 2.389883e+01 1.564732e+01 2.344899e+01 3.595128e+01 3.270612e+01 3.011993e+01 2.454535e+01 2.295245e+01 1.782207e+01 1.663693e+01 1.406537e+01 7.179398e+01 6.881562e+00 5.084648e+00 3.642314e+00 2.329347e+00 3.542525e+00 4.769693e+00 2.994188e+00 2.962158e+00 2.084004e+00 1.870630e+00 1.687014e+00 2.114696e+00 6.234687e+00 7.172716e-01 6.198357e-01 5.232219e-01 3.163320e-01 5.427728e-01 6.693151e-01 4.871048e-01 3.692625e-01 4.441112e-01 3.836595e-01 3.212483e-01 4.294895e-01 6.705570e-01
<GCONST> 1.201704e+02
<STATE> 3
<MEAN> 39
 6.953382e+00 -1.337164e+01 7.843053e+00 -7.716681e+00 -1.473287e+01 9.441703e+00 -1.189336e+01 2.888238e+00 9.679274e+00 -5.863920e+00 3.327283e+00 -2.282733e+00 4.776484e+01 2.063541e-01 -1.055896e-01 2.410024e-01 2.722317e-01 1.267556e-01 3.027227e-02 -1.153062e-01 2.061778e-01 1.294728e-01 -6.230000e-02 -2.724301e-02 -1.128019e-01 2.321691e-01 -1.403392e-01 1.473606e-01 -3.875852e-02 1.133750e-01 1.308567e-01 -5.971117e-02 9.671365e-02 -2.220171e-02 -8.718611e-02 3.339148e-02 -4.213081e-02 -5.698909e-03 -2.004038e-01
<VARIANCE> 39
 9.470973e+01 8.010716e+01 3.392609e+01 3.024786e+01 2.396825e+01 3.594898e+01 3.451324e+01 2.674761e+01 3.540397e+01 2.448985e+01 1.678975e+01 1.924914e+01 9.415025e+01 3.819368e+00 5.414477e+00 2.763430e+00 2.245728e+00 1.853878e+00 3.058292e+00 2.695333e+00 2.154092e+00 2.648795e+00 1.878235e+00 2.016082e+00 1.629112e+00 4.979596e+00 5.552347e-01 8.876220e-01 4.970560e-01 3.809476e-01 3.532551e-01 6.098310e-01 4.932062e-01 4.084538e-01 4.734018e-01 3.340976e-01 3.882859e-01 3.165261e-01 5.667281e-01
<GCONST> 1.209501e+02
<STATE> 4
<MEAN> 39
 -1.161916e+01 -9.873332e+00 5.374739e+00 3.387367e+00 -5.144702e+00 4.572963e+00 -6.573622e+00 -1.690806e+00 -1.486018e+00 -5.673271e+00 1.686553e+00 -2.388541e+00 2.915850e+01 -4.722635e-02 8.048100e-03 8.768139e-03 1.904669e-02 3.415636e-02 1.509081e-05 -5.241123e-03 -2.184404e-02 -4.732404e-02 -4.723907e-02 -1.848250e-02 -7.883661e-03 -3.892508e-02 1.939288e-02 -4.216259e-03 -7.721016e-03 -2.675856e-02 -5.476882e-03 1.443476e-02 3.669163e-03 -1.938591e-03 5.586027e-03 -3.105908e-03 -2.539972e-03 6.134948e-03 1.697767e-02
<VARIANCE> 39
 2.504423e+01 2.271478e+01 1.653834e+01 1.199747e+01 1.303075e+01 1.176534e+01 1.288382e+01 1.548591e+01 1.914973e+01 1.643759e+01 1.228007e+01 1.098719e+01 1.731823e+01 6.010036e-01 8.213841e-01 1.141902e+00 8.755100e-01 1.097486e+00 1.205117e+00 1.468208e+00 1.464091e+00 1.566854e+00 1.482747e+00 1.228354e+00 1.300191e+00 4.338623e-01 8.523480e-02 1.510154e-01 2.263582e-01 1.982276e-01 2.290723e-01 2.364964e-01 2.880145e-01 3.053110e-01 3.136867e-01 3.020479e-01 2.478204e-01 2.649648e-01 4.247489e-02
<GCONST> 8.692078e+01
<TRANSP> 5
 0.000000e+00 1.000000e+00 0.000000e+00 0.000000e+00 0.000000e+00
 0.000000e+00 3.660438e-01 6.339563e-01 0.000000e+00 0.000000e+00
 0.000000e+00 0.000000e+00 8.846041e-01 1.153960e-01 0.000000e+00
 0.000000e+00 0.000000e+00 0.000000e+00 9.167491e-01 8.325096e-02
 0.000000e+00 0.000000e+00 0.000000e+00 0.000000e+00 0.000000e+00
<ENDHMM>
~h "f"
<BEGINHMM>
<NUMSTATES> 5
<STATE> 2
<MEAN> 39
 -1.589527e+01 -3.419060e+00 -4.454029e-01 -1.845417e-01 -1.707745e+00 2.828482e+00 -1.638324e+00 2.186363e+00 8.668796e-01 -1.261656e+00 5.553437e-01 -3.095018e-01 2.264074e+01 6.552352e-01 1.220878e-01 3.196782e-01 9.243278e-02 -4.837857e-02 1.669198e-01 -9.561615e-02 -2.638878e-02 1.211427e-01 -1.455385e-01 8.862266e-02 -3.395918e-02 4.847178e-01 1.160298e-01 -4.650471e-02 7.244295e-02 -4.458632e-02 -9.428195e-02 4.812025e-03 -9.466533e-02 3.535716e-02 3.249574e-03 4.261395e-03 6.709557e-03 -5.012139e-02 1.190419e-01
<VARIANCE> 39
 8.939538e+01 4.842006e+01 3.616105e+01 8.624925e+00 1.728861e+01 2.429799e+01 3.051644e+01 1.140836e+01 8.759593e+00 1.698766e+01 1.148852e+01 1.019406e+01 1.084471e+02 8.445271e+00 6.451861e+00 3.547549e+00 1.476850e+00 2.044826e+00 2.360368e+00 3.476716e+00 1.644793e+00 8.972737e-01 1.850689e+00 1.323726e+00 1.435140e+00 1.126595e+01 1.403787e+00 1.165634e+00 5.605050e-01 2.520092e-01 3.273818e-01 4.351730e-01 5.953689e-01 2.992643e-01 1.629589e-01 3.680208e-01 2.237336e-01 2.568554e-01 1.869484e+00
<GCONST> 1.144974e+02
<STATE> 3
<MEAN> 39
 1.023555e+01 -9.625861e+00 8.420986e+00 -6.735748e+00 -1.146620e+01 8.402446e+00 -1.348901e+01 1.480097e+00 8.044402e+00 -4.396556e+00 3.573680e+00 -3.305463e+00 5.003328e+01 -5.316136e-02 2.646008e-01 -3.917042e-02 9.892451e-02 2.670255e-02 -1.458537e-01 1.179098e-01 -5.177057e-02 -4.004538e-02 7.377704e-02 4.713450e-03 5.762878e-02 -1.966446e-01 -1.049767e-01 6.281904e-02 -5.965248e-02 2.236110e-02 4.064867e-02 -2.993121e-02 3.604067e-02 -2.847800e-02 -1.936312e-02 3.822062e-02 -2.311069e-02 1.117281e-02 -1.063341e-01
<VARIANCE> 39
 7.331824e+01 4.181756e+01 3.763005e+01 3.777421e+01 2.509533e+01 1.732759e+01 4.700857e+01 2.852944e+01 5.112546e+01 2.038750e+01 2.221924e+01 2.084261e+01 1.261472e+02 3.386832e+00 4.090370e+00 3.230057e+00 2.207973e+00 1.583771e+00 2.346127e+00 3.262857e+00 2.503055e+00 2.742384e+00 2.295292e+00 2.054619e+00 2.093258e+00 6.579347e+00 6.329391e-01 5.594054e-01 6.089903e-01 3.562293e-01 3.012258e-01 5.205359e-01 4.741236e-01 4.841860e-01 5.016173e-01 4.205110e-01 3.545970e-01 3.348778e-01 8.483027e-01
<GCONST> 1.216116e+02
<STATE> 4
<MEAN> 39
 -8.195457e-01 -5.173062e+00 7.728519e+00 -9.825348e-01 -7.092237e+00 6.669390e+00 -7.267311e+00 1.396141e+00 2.201177e+00 -4.996680e+00 2.682879e+00 -3.081756e+00 3.722339e+01 -6.534112e-03 3.581219e-03 -3.236621e-03 1.092750e-03 1.889822e-03 -3.489357e-03 3.516136e-03 2.793494e-04 6.694367e-05 2.952913e-03 -1.045358e-03 2.430103e-04 -7.143300e-03 6.969837e-04 -2.048812e-03 5.668770e-04 -7.080589e-04 -5.335921e-04 6.099225e-04 -5.906558e-04 3.308878e-04 6.591374e-04 -2.585197e-04 6.194895e-04 8.877527e-05 1.591041e-03
<VARIANCE> 39
 8.452620e+01 3.844359e+01 3.661742e+01 3.665541e+01 4.633584e+01 2.220748e+01 3.469213e+01 2.464083e+01 3.005584e+01 2.017683e+01 1.793841e+01 1.570727e+01 1.159558e+02 1.138463e+00 1.694306e+00 1.704685e+00 1.438338e+00 1.802351e+00 1.657224e+00 1.828529e+00 1.767390e+00 1.741985e+00 1.665447e+00 1.575177e+00 1.376820e+00 1.640859e+00 1.743613e-01 2.942243e-01 2.810203e-01 2.546824e-01 3.261101e-01 3.261748e-01 3.450722e-01 3.319696e-01 3.253071e-01 3.271244e-01 3.128248e-01 2.764263e-01 2.016523e-01
<GCONST> 1.073060e+02
<TRANSP> 5
 0.000000e+00 1.000000e+00 0.000000e+00 0.000000e+00 0.000000e+00
 0.000000e+00 9.225908e-01 7.740916e-02 0.000000e+00 0.000000e+00
 0.000000e+00 0.000000e+00 7.966805e-01 2.033195e-01 0.000000e+00
 0.000000e+00 0.000000e+00 0.000000e+00 9.982890e-01 1.711013e-03
 0.000000e+00 0.000000e+00 0.000000e+00 0.000000e+00 0.000000e+00
<ENDHMM>
~h "g"
<BEGINHMM>
<NUMSTATES> 5
<STATE> 2
<MEAN> 39
 -1.882027e+00 -4.884319e+00 5.327681e+00 -3.451214e-01 -6.332031e+00 5.896125e+00 -5.849745e+00 8.673612e-01 1.836471e+00 -4.910353e+00 2.241889e+00 -2.213058e+00 3.515588e+01 1.237062e+00 -1.304448e+00 -8.758489e-01 -1.133528e+00 -7.701098e-01 6.489298e-02 -5.706146e-01 -5.940377e-02 4.035554e-01 -1.020293e-01 -1.585864e-03 -2.581014e-01 1.661745e+00 6.457543e-01 -4.386770e-01 1.702006e-01 -3.139489e-01 -2.341052e-01 2.025333e-01 -4.838490e-01 8.258568e-02 1.893584e-01 -1.706658e-02 2.012191e-01 -2.251313e-01 8.653512e-01
<VARIANCE> 39
 6.293929e+01 4.156847e+01 5.109984e+01 3.399314e+01 4.549022e+01 2.856071e+01 2.893935e+01 1.903576e+01 2.075205e+01 1.645372e+01 1.414911e+01 1.670318e+01 5.631599e+01 6.776416e+00 6.678663e+00 3.315519e+00 4.170900e+00 3.257518e+00 2.798335e+00 3.214526e+00 1.624961e+00 2.851343e+00 2.348652e+00 1.544290e+00 2.219725e+00 9.731733e+00 6.708988e-01 8.905436e-01 6.709353e-01 5.962217e-01 5.922523e-01 4.916387e-01 5.041979e-01 2.809001e-01 2.925361e-01 3.480127e-01 3.046837e-01 4.225751e-01 9.187973e-01
<GCONST> 1.224895e+02
<STATE> 3
<MEAN> 39
 1.081650e+01 -1.101566e+01 7.089305e+00 -6.253675e+00 -1.030842e+01 7.859149e+00 -1.297004e+01 2.758608e+00 6.007161e+00 -5.832568e+00 2.995395e+00 -6.105931e+00 5.082849e+01 -2.527710e-01 5.380483e-01 3.557431e-01 2.952264e-01 1.420975e-01 -9.484100e-03 1.785856e-01 1.005610e-01 -2.614068e-02 1.984980e-01 1.406822e-01 4.279345e-02 -4.776907e-01 -2.949001e-01 2.129981e-01 -6.474559e-03 1.992362e-01 1.219265e-01 -8.119585e-02 1.834293e-01 -1.720288e-02 -9.646308e-02 3.936145e-02 -4.779994e-02 9.780877e-02 -3.806163e-01
<VARIANCE> 39
 7.767820e+01 6.765633e+01 5.525288e+01 3.519337e+01 4.810715e+01 4.537608e+01 4.903939e+01 5.240321e+01 4.346489e+01 2.609986e+01 2.371618e+01 2.389209e+01 1.250643e+02 3.152136e+00 3.979812e+00 3.233743e+00 2.086066e+00 2.408405e+00 2.244418e+00 4.154747e+00 3.102081e+00 2.199771e+00 2.107888e+00 1.664104e+00 2.037672e+00 5.910366e+00 3.815717e-01 7.609294e-01 5.240182e-01 3.837475e-01 4.225065e-01 3.876968e-01 6.731136e-01 5.260770e-01 3.831812e-01 4.239963e-01 3.079799e-01 3.904806e-01 6.489807e-01
<GCONST> 1.247177e+02
<STATE> 4
<MEAN> 39
 -6.168173e+00 -3.503412e+00 6.621828e+00 1.059411e+00 -5.031001e+00 5.181388e+00 -5.544838e+00 1.774869e+00 1.623489e+00 -3.251609e+00 3.179995e+00 -2.321211e+00 3.115176e+01 -5.038739e-02 3.726148e-02 3.619719e-02 4.535101e-02 4.285593e-02 2.636465e-03 4.726737e-03 -1.020215e-02 -1.439201e-02 1.894354e-02 4.508772e-03 9.232650e-03 -4.905527e-02 1.715945e-02 -2.030286e-02 -1.660847e-02 -2.154441e-02 -1.329684e-02 6.937769e-03 1.229624e-03 -2.836826e-03 1.715754e-03 -7.967886e-03 -7.440504e-03 -3.166989e-03 1.964844e-02
<VARIANCE> 39
 1.228082e+01 1.314743e+01 1.406972e+01 1.422563e+01 1.783482e+01 1.489855e+01 1.436805e+01 1.585656e+01 1.610394e+01 1.536587e+01 1.369802e+01 1.255559e+01 5.889352e+00 4.050853e-01 7.411680e-01 7.927873e-01 9.345833e-01 1.027125e+00 1.237852e+00 1.445914e+00 1.545670e+00 1.438710e+00 1.424471e+00 1.378905e+00 1.307541e+00 1.544307e-01 7.136505e-02 1.604441e-01 1.498903e-01 1.915623e-01 2.071053e-01 2.522583e-01 3.144077e-01 3.228681e-01 2.902418e-01 2.873012e-01 2.841034e-01 2.797635e-01 2.462698e-02
<GCONST> 8.250363e+01
<TRANSP> 5
 0.000000e+00 1.000000e+00 0.000000e+00 0.000000e+00 0.000000e+00
 0.000000e+00 5.134880e-01 4.865120e-01 0.000000e+00 0.000000e+00
 0.000000e+00 0.000000e+00 8.098699e-01 1.901301e-01 0.000000e+00
 0.000000e+00 0.000000e+00 0.000000e+00 9.578007e-01 4.219933e-02
 0.000000e+00 0.000000e+00 0.000000e+00 0.000000e+00 0.000000e+00
<ENDHMM>
~h "m"
<BEGINHMM>
<NUMSTATES> 5
<STATE> 2
<MEAN> 39
 -2.137183e+00 -3.492538e+00 6.559580e+00 -6.866825e-02 -6.311309e+00 5.927955e+00 -6.097689e+00 8.720812e-01 1.577446e+00 -4.560277e+00 2.754375e+00 -2.087852e+00 3.442599e+01 5.687151e-01 -5.850146e-01 -3.465654e-01 -3.976434e-01 -4.926975e-01 -7.626061e-01 -4.498089e-01 9.650324e-02 2.999738e-01 7.970574e-02 9.117913e-02 -2.945344e-02 8.157488e-01 6.387412e-01 -4.918819e-01 8.994106e-02 -3.105425e-01 -2.706358e-01 1.759568e-01 -3.329439e-01 6.775936e-02 1.682307e-01 -1.184496e-01 1.083743e-01 -1.277030e-01 8.512126e-01
<VARIANCE> 39
 6.208590e+01 2.318490e+01 4.057990e+01 2.370211e+01 2.818764e+01 2.400826e+01 3.338223e+01 1.633726e+01 1.618144e+01 1.920013e+01 1.396342e+01 1.423244e+01 4.594602e+01 5.430365e+00 4.020423e+00 2.622241e+00 2.701150e+00 2.749174e+00 1.777023e+00 2.352737e+00 1.820057e+00 3.385170e+00 1.677387e+00 1.820461e+00 1.787794e+00 7.061365e+00 6.316952e-01 6.748551e-01 3.373151e-01 2.998424e-01 4.148057e-01 4.052068e-01 3.834843e-01 3.889908e-01 3.959488e-01 3.315091e-01 3.454694e-01 4.238940e-01 7.759152e-01
<GCONST> 1.154130e+02
<STATE> 3
<MEAN> 39
 1.153773e+01 -9.503077e+00 1.004527e+01 -5.417674e+00 -1.246348e+01 5.937752e+00 -1.331267e+01 3.809610e+00 6.832461e+00 -6.422382e+00 2.761789e+00 -5.006670e+00 5.095475e+01 -2.149000e-01 3.350835e-01 2.726173e-03 1.175628e-01 2.249808e-01 -6.122769e-03 1.408024e-01 1.089506e-01 4.295381e-02 5.568565e-02 -1.419016e-01 -6.663142e-02 -3.603714e-01 -1.703089e-01 7.005006e-02 -6.071561e-02 5.839652e-02 7.931282e-02 3.237789e-02 1.098831e-01 -5.326562e-02 -8.177099e-02 1.596398e-02 -3.082108e-02 3.791700e-02 -2.009365e-01
<VARIANCE> 39
 6.701776e+01 6.590910e+01 5.994440e+01 3.489705e+01 5.047306e+01 2.630524e+01 4.043916e+01 3.997409e+01 4.280221e+01 2.926954e+01 2.722615e+01 2.062021e+01 1.092656e+02 2.367531e+00 4.237355e+00 3.411731e+00 2.060498e+00 2.624208e+00 2.021080e+00 2.881622e+00 2.404370e+00 2.587458e+00 2.080339e+00 1.973363e+00 1.673855e+00 4.740473e+00 2.508574e-01 6.535735e-01 4.961956e-01 3.053523e-01 4.114211e-01 3.780833e-01 4.012370e-01 3.429185e-01 4.032613e-01 3.459353e-01 3.681817e-01 3.288949e-01 4.416830e-01
<GCONST> 1.203096e+02
<STATE> 4
<MEAN> 39
 -5.207079e+00 -2.493454e+00 7.154017e+00 2.072226e+00 -3.037228e+00 7.487964e+00 -4.067883e+00 1.716451e+00 2.773572e-01 -4.841776e+00 2.225366e+00 -2.450873e+00 3.152379e+01 -3.624451e-02 -2.201637e-03 6.610497e-03 1.699345e-02 6.883448e-03 -6.932129e-04 -4.081960e-03 -2.545487e-02 -2.682192e-02 -1.358922e-03 -2.965676e-03 2.052706e-02 -2.425909e-02 1.488447e-02 -1.487090e-02 -1.724383e-03 -1.089738e-02 -6.474002e-03 1.151581e-02 -1.548969e-03 -3.663090e-03 -5.485239e-03 -4.848141e-03 7.221588e-03 8.372264e-03 1.927143e-02
<VARIANCE> 39
 7.191687e+00 7.764533e+00 1.521945e+01 1.430967e+01 1.201379e+01 1.558054e+01 1.611755e+01 1.424126e+01 1.442330e+01 1.719444e+01 1.414284e+01 1.209817e+01 3.059772e+00 3.254475e-01 5.819643e-01 6.125613e-01 8.032486e-01 1.069576e+00 1.191092e+00 1.230110e+00 1.376887e+00 1.455798e+00 1.635424e+00 1.447360e+00 1.264348e+00 1.236105e-01 6.671673e-02 1.228099e-01 1.252926e-01 1.648830e-01 2.249412e-01 2.398604e-01 2.456174e-01 2.872375e-01 2.946058e-01 3.447133e-01 3.097029e-01 2.662799e-01 2.964072e-02
<GCONST> 7.874631e+01
<TRANSP> 5
 0.000000e+00 1.000000e+00 0.000000e+00 0.000000e+00 0.000000e+00
 0.000000e+00 3.742459e-01 6.257541e-01 0.000000e+00 0.000000e+00
 0.000000e+00 0.000000e+00 8.450767e-01 1.549233e-01 0.000000e+00
 0.000000e+00 0.000000e+00 0.000000e+00 9.723042e-01 2.769584e-02
 0.000000e+00 0.000000e+00 0.000000e+00 0.000000e+00 0.000000e+00
<ENDHMM>
~h "n"
<BEGINHMM>
<NUMSTATES> 5
<STATE> 2
<MEAN> 39
 1.184341e+00 -2.014176e+00 5.338858e+00 -4.066903e+00 -1.152463e+01 3.972457e+00 -6.096826e+00 2.044177e+00 6.781638e+00 -2.171016e+00 3.535870e-01 -4.433892e+00 3.609178e+01 3.270796e-01 -7.043442e-01 -6.163282e-01 -3.793035e-01 -5.683979e-01 8.991534e-02 2.540153e-01 -1.060269e+00 -1.161865e+00 -8.736989e-01 8.311843e-01 1.496606e+00 5.649974e-01 1.174355e+00 -2.729574e-01 7.574883e-01 -5.088804e-01 -9.973243e-01 -2.410980e-02 -6.552672e-01 1.248158e-01 -1.253189e-02 1.801410e-02 8.610224e-01 3.822137e-01 1.233708e+00
<VARIANCE> 39
 5.959569e+00 6.874375e+00 8.490111e+00 1.456964e+01 1.163497e+01 6.402975e+00 2.668306e+01 1.850819e+01 8.663112e+00 2.097608e+01 1.997030e+01 1.933128e+01 3.149836e+00 1.915431e+00 1.683357e+00 1.244895e+00 2.251446e+00 1.728810e+00 1.081026e+00 3.973285e-01 1.200705e+00 7.746930e-01 4.006186e+00 2.087816e+00 9.835922e-01 2.416655e+00 5.145543e-01 9.229903e-02 6.934088e-01 2.259496e-01 5.228636e-01 1.984365e-01 3.143884e-01 3.084653e-01 4.057444e-01 7.575554e-01 3.023883e-01 4.102765e-01 5.467328e-01
<GCONST> 9.447758e+01
<STATE> 3
<MEAN> 39
 1.438684e+01 -1.274566e+01 8.201079e+00 -1.405171e+01 -1.874611e+01 8.307429e+00 -1.249049e+01 1.297169e+00 5.003831e+00 -5.139574e+00 5.452776e+00 -6.763760e+00 5.967609e+01 1.732001e-01 1.747081e-02 2.033475e-01 -2.902296e-02 -3.871902e-02 3.356142e-02 -1.569968e-01 -3.479938e-02 -5.773751e-02 -6.805884e-02 8.163714e-02 -1.483705e-02 2.301460e-01 -4.643243e-02 2.193934e-02 -4.987160e-03 3.916239e-02 3.608117e-02 -2.369850e-02 9.662941e-03 1.922459e-02 1.292532e-02 3.361022e-02 -1.194746e-02 -2.119624e-02 -5.534999e-02
<VARIANCE> 39
 1.644337e+01 5.626224e+01 1.226855e+02 3.925112e+01 4.093554e+01 2.774002e+01 3.717767e+01 4.143358e+01 3.398737e+01 2.169135e+01 2.020911e+01 2.056742e+01 6.718593e+01 1.492038e+00 2.798756e+00 3.846840e+00 1.960611e+00 2.874304e+00 1.636342e+00 2.460540e+00 2.233919e+00 1.918022e+00 1.225953e+00 1.233507e+00 1.536177e+00 3.758933e+00 2.189610e-01 4.120866e-01 4.166226e-01 3.121042e-01 4.512013e-01 2.874036e-01 4.061304e-01 3.194831e-01 2.548727e-01 2.214983e-01 2.407396e-01 2.719238e-01 3.584861e-01
<GCONST> 1.125655e+02
<STATE> 4
<MEAN> 39
 1.161931e+01 -1.911455e+00 1.810699e+01 -2.874883e+00 -1.260922e+01 5.138041e+00 -1.570810e+01 -1.506131e+00 -1.426638e+00 -1.054899e+01 3.947908e+00 -6.934279e+00 4.864742e+01 -8.669620e-01 2.177201e-01 -3.535578e-01 8.866212e-01 8.793254e-01 1.392491e-01 7.096021e-01 -9.269075e-02 -3.331147e-01 -7.872172e-02 -3.626266e-01 -1.108189e-01 -1.198299e+00 -1.251726e-01 -8.381841e-02 -2.951002e-01 -1.844777e-01 -1.122905e-03 9.711188e-02 1.901067e-01 9.852026e-02 9.759509e-02 6.446715e-02 8.682262e-02 1.145439e-01 -1.091171e-01
<VARIANCE> 39
 1.915643e+01 3.527814e+00 1.442146e+01 2.823618e+01 3.310177e+01 1.350753e+01 1.635240e+01 6.559125e+00 6.361270e+00 1.446150e+01 1.597937e+01 1.491523e+01 3.166721e+01 5.110194e-01 4.050882e-01 2.443886e+00 1.148348e+00 1.203752e+00 1.588002e+00 1.888478e+00 9.920387e-01 1.072595e+00 1.592600e+00 2.116188e+00 1.951108e+00 6.482159e-01 2.547484e-02 8.230421e-02 2.065154e-01 1.359416e-01 2.467676e-01 4.048141e-01 2.430318e-01 3.258462e-01 1.873154e-01 2.378941e-01 3.876733e-01 3.254998e-01 4.688520e-02
<GCONST> 8.556039e+01
<TRANSP> 5
 0.000000e+00 1.000000e+00 0.000000e+00 0.000000e+00 0.000000e+00
 0.000000e+00 4.349433e-01 5.650567e-01 0.000000e+00 0.000000e+00
 0.000000e+00 0.000000e+00 9.735872e-01 2.641286e-02 0.000000e+00
 0.000000e+00 0.000000e+00 0.000000e+00 8.738604e-01 1.261396e-01
 0.000000e+00 0.000000e+00 0.000000e+00 0.000000e+00 0.000000e+00
<ENDHMM>
~h "p"
<BEGINHMM>
<NUMSTATES> 5
<STATE> 2
<MEAN> 39
 -3.593884e+00 -4.046747e+00 5.195283e+00 -3.342031e-01 -5.130437e+00 6.614581e+00 -5.144648e+00 3.885799e-01 1.003689e-01 -5.243633e+00 2.056770e+00 -1.212490e+00 3.333994e+01 1.514493e+00 -1.897996e+00 -8.367246e-01 -1.570932e+00 -1.358202e+00 5.386096e-01 -4.546363e-01 -4.199845e-01 2.129241e-01 -3.624098e-01 2.830149e-01 1.876475e-02 1.987821e+00 8.332523e-01 -3.244258e-01 4.566892e-01 -3.096599e-01 -6.314238e-01 1.222340e-01 -4.085985e-01 2.298520e-02 3.260008e-01 -1.322203e-01 1.278822e-01 -1.984496e-01 9.743314e-01
<VARIANCE> 39
 3.431313e+01 1.685584e+01 4.160910e+01 2.334701e+01 3.465551e+01 3.441685e+01 2.354254e+01 1.859469e+01 2.544005e+01 1.583364e+01 1.856279e+01 1.705903e+01 2.774341e+01 5.447412e+00 5.065938e+00 5.380240e+00 3.467084e+00 6.875672e+00 4.178442e+00 4.552608e+00 2.810861e+00 3.456346e+00 2.592129e+00 2.745800e+00 2.600666e+00 7.066617e+00 5.442602e-01 7.966098e-01 1.334116e+00 5.603452e-01 8.224748e-01 6.066743e-01 6.288744e-01 4.844460e-01 4.887027e-01 4.163442e-01 4.250894e-01 4.210985e-01 6.752134e-01
<GCONST> 1.247102e+02
<STATE> 3
<MEAN> 39
 1.360172e+01 -1.051668e+01 1.465588e+01 -6.005122e+00 -1.564090e+01 8.398954e+00 -1.400296e+01 -1.351613e+00 3.768367e+00 -7.174208e+00 2.830091e+00 -5.198073e+00 5.564014e+01 9.477610e-02 2.760057e-01 2.515202e-01 2.033434e-01 1.657287e-01 2.469683e-02 -4.075082e-02 9.046553e-03 -5.726651e-02 -5.190723e-02 -3.058172e-02 -5.604811e-02 -9.325665e-03 -1.783815e-01 1.056965e-01 -8.312280e-02 8.874068e-02 1.359090e-01 -3.594153e-02 1.115861e-01 3.778432e-02 -1.561577e-02 3.208309e-02 -5.850567e-02 4.486097e-03 -2.307816e-01
<VARIANCE> 39
 2.405144e+01 6.065083e+01 1.087150e+02 3.117828e+01 8.387583e+01 3.332324e+01 3.332887e+01 5.332266e+01 3.685222e+01 2.366899e+01 2.872356e+01 2.032287e+01 5.975174e+01 1.958284e+00 3.256130e+00 5.300230e+00 2.001491e+00 4.081334e+00 2.106918e+00 3.161322e+00 3.094414e+00 2.005930e+00 2.044553e+00 2.259169e+00 1.355561e+00 4.058688e+00 2.364478e-01 5.949474e-01 6.089544e-01 3.552910e-01 6.078145e-01 3.992853e-01 5.207799e-01 4.257025e-01 2.967589e-01 3.588561e-01 3.713454e-01 2.425590e-01 3.564026e-01
<GCONST> 1.202249e+02
<STATE> 4
<MEAN> 39
 -1.876089e+00 -4.182240e+00 3.702296e+00 5.171595e-01 -1.949584e+00 9.899992e+00 -2.213717e+00 2.646102e+00 -2.648788e-01 -6.376929e+00 2.308870e+00 -1.561611e+00 3.414854e+01 -1.582542e-01 5.165221e-03 -5.447777e-02 9.376893e-02 7.059691e-02 -6.632096e-02 8.404218e-02 8.365618e-02 8.001690e-02 2.958611e-02 -4.195555e-02 -1.820952e-02 -1.448296e-01 3.330827e-02 -5.894785e-02 -3.334087e-04 -4.521813e-02 -5.505041e-02 1.510832e-02 -3.387016e-02 -2.280751e-02 -1.338755e-02 -1.407674e-02 2.134045e-02 1.664630e-02 5.672222e-02
<VARIANCE> 39
 1.334786e+01 2.382612e+01 3.186994e+01 2.946108e+01 3.214770e+01 2.894603e+01 3.479914e+01 2.172058e+01 2.259059e+01 2.581932e+01 1.627828e+01 1.536047e+01 1.116802e+01 6.392665e-01 1.207568e+00 1.448008e+00 1.317530e+00 1.716316e+00 2.193889e+00 2.260200e+00 2.070072e+00 1.661416e+00 1.621980e+00 1.687734e+00 1.240793e+00 6.057320e-01 1.073686e-01 2.378363e-01 2.510557e-01 2.505307e-01 3.666254e-01 4.377659e-01 4.361179e-01 4.175543e-01 3.418871e-01 3.144317e-01 3.547078e-01 2.519408e-01 1.087160e-01
<GCONST> 9.970530e+01
<TRANSP> 5
 0.000000e+00 1.000000e+00 0.000000e+00 0.000000e+00 0.000000e+00
 0.000000e+00 6.534477e-01 3.465523e-01 0.000000e+00 0.000000e+00
 0.000000e+00 0.000000e+00 9.407848e-01 5.921522e-02 0.000000e+00
 0.000000e+00 0.000000e+00 0.000000e+00 8.955141e-01 1.044858e-01
 0.000000e+00 0.000000e+00 0.000000e+00 0.000000e+00 0.000000e+00
<ENDHMM>
~h "s"
<BEGINHMM>
<NUMSTATES> 5
<STATE> 2
<MEAN> 39
 -7.620430e+00 -3.209113e+00 4.283810e+00 4.973281e-01 -3.955658e+00 4.669995e+00 -4.679429e+00 1.500157e+00 1.806943e+00 -2.702715e+00 2.217584e+00 -6.514817e-01 2.985635e+01 9.664483e-02 8.149275e-02 -2.808901e-01 -2.801768e-01 -1.704286e-02 5.853164e-02 -2.987370e-02 -8.495659e-02 6.175696e-02 2.993914e-02 7.145948e-02 -1.714395e-02 9.193754e-02 9.074339e-02 -4.353286e-02 -1.263791e-02 -1.114945e-01 -4.943966e-02 4.184162e-02 -9.377550e-02 -2.244203e-02 -7.231250e-02 -7.873020e-02 -5.742569e-02 -1.565228e-01 7.797321e-02
<VARIANCE> 39
 1.074646e+02 2.953651e+01 4.817973e+01 1.698405e+01 1.753739e+01 1.828076e+01 3.467725e+01 1.663432e+01 2.442024e+01 1.781458e+01 1.196614e+01 1.149839e+01 1.081956e+02 1.378133e+00 1.489842e+00 2.142223e+00 2.090052e+00 1.754130e+00 1.211349e+00 1.018393e+00 1.439835e+00 1.447895e+00 1.677498e+00 1.023443e+00 1.454453e+00 1.034047e+00 1.591671e-01 2.251664e-01 2.859192e-01 2.297382e-01 1.448244e-01 1.621942e-01 3.940479e-01 2.978877e-01 1.983408e-01 3.562522e-01 1.968790e-01 3.064556e-01 1.294731e-01
<GCONST> 9.948508e+01
<STATE> 3
<MEAN> 39
 5.799401e-01 -5.343608e+00 5.751892e+00 -3.850559e+00 -8.463239e+00 6.911670e+00 -7.687386e+00 1.286816e+00 4.190159e+00 -3.417006e+00 3.325830e+00 -1.426435e+00 3.896364e+01 -6.135727e-02 4.996713e-03 2.254110e-02 -2.970738e-02 -2.905326e-02 1.660261e-01 -6.312409e-02 -1.655040e-01 -9.112891e-03 -1.316276e-01 -2.062314e-01 -2.058953e-01 -7.776470e-02 -1.208892e-01 -5.210692e-02 2.141535e-01 1.860052e-01 2.163843e-02 5.416270e-03 -4.765772e-02 -5.345333e-02 -5.347475e-02 -1.044242e-01 -9.408573e-02 -7.672471e-02 -1.127224e-01
<VARIANCE> 39
 1.379340e+02 3.292234e+01 4.033822e+01 4.702980e+01 4.006307e+01 2.856558e+01 5.794298e+01 1.994341e+01 4.495798e+01 1.607689e+01 1.792270e+01 1.820661e+01 1.820415e+02 1.573891e+00 1.066680e+00 1.835067e+00 2.124491e+00 1.164298e+00 1.140916e+00 1.687820e+00 1.303746e+00 2.031877e+00 1.572327e+00 2.103999e+00 1.487510e+00 2.506271e+00 1.634558e-01 2.484823e-01 3.879651e-01 2.697712e-01 3.005666e-01 3.594869e-01 3.131828e-01 3.632189e-01 4.109731e-01 3.434746e-01 3.650533e-01 3.097395e-01 1.870018e-01
<GCONST> 1.098153e+02
<STATE> 4
<MEAN> 39
 -7.046288e+00 -9.143794e-01 9.161503e+00 2.621363e+00 -3.205821e+00 5.747266e+00 -6.270778e+00 6.514836e-01 1.158255e-01 -5.150093e+00 1.927526e+00 -2.973218e+00 2.991997e+01 -1.485381e-02 -1.398779e-02 4.542393e-03 -1.133869e-04 -5.901373e-03 4.664977e-05 -6.618871e-03 -4.220897e-03 9.696997e-03 1.626825e-05 -1.799031e-02 -2.204573e-02 -8.126162e-03 3.535206e-03 -6.955127e-03 -2.445179e-03 -5.173918e-03 -7.042959e-03 9.485841e-04 3.026207e-03 2.899076e-03 3.090196e-03 2.686969e-03 4.792816e-03 9.573977e-03 5.482108e-03
<VARIANCE> 39
 1.935159e+01 9.393198e+00 8.377739e+00 9.780968e+00 1.204538e+01 1.338560e+01 1.925287e+01 2.030738e+01 1.860859e+01 1.690172e+01 1.217993e+01 1.043772e+01 8.739081e+00 2.997239e-01 5.206000e-01 5.919285e-01 7.587000e-01 1.033124e+00 1.324269e+00 1.313723e+00 1.323397e+00 1.460730e+00 1.529231e+00 1.283691e+00 1.201582e+00 1.059695e-01 6.208552e-02 1.055212e-01 1.215850e-01 1.604092e-01 2.127777e-01 2.796545e-01 2.708630e-01 2.777391e-01 3.164119e-01 3.207023e-01 2.700570e-01 2.546493e-01 2.062838e-02
<GCONST> 7.908215e+01
<TRANSP> 5
 0.000000e+00 1.000000e+00 0.000000e+00 0.000000e+00 0.000000e+00
 0.000000e+00 2.448215e-01 7.551785e-01 0.000000e+00 0.000000e+00
 0.000000e+00 0.000000e+00 3.882735e-01 6.117265e-01 0.000000e+00
 0.000000e+00 0.000000e+00 0.000000e+00 9.715830e-01 2.841701e-02
 0.000000e+00 0.000000e+00 0.000000e+00 0.000000e+00 0.000000e+00
<ENDHMM>
~h "t"
<BEGINHMM>
<NUMSTATES> 5
<STATE> 2
<MEAN> 39
 -3.517687e+00 -4.608510e+00 4.616325e+00 -7.049872e-01 -6.042924e+00 5.850287e+00 -4.779947e+00 2.289609e+00 2.334996e+00 -3.841268e+00 2.318198e+00 -2.296705e+00 3.337049e+01 5.265350e-01 -6.418079e-01 -1.575004e-01 -4.132254e-01 -5.470297e-01 1.639581e-01 -3.303235e-01 -5.962121e-01 -3.416286e-01 -4.097876e-01 1.054856e-02 2.144536e-01 6.912012e-01 4.431424e-01 -7.489133e-02 3.565312e-01 -1.270836e-01 -3.199122e-01 2.211636e-02 -3.509591e-01 -9.176845e-02 8.710259e-02 -9.322041e-02 6.291340e-02 -3.210363e-02 5.009210e-01
<VARIANCE> 39
 5.503360e+01 3.060922e+01 3.016620e+01 2.811414e+01 2.688409e+01 2.384324e+01 2.843745e+01 1.833662e+01 2.022540e+01 1.952149e+01 1.282900e+01 1.389038e+01 4.567696e+01 4.146730e+00 3.986541e+00 2.494254e+00 2.928653e+00 4.490939e+00 2.575188e+00 2.207859e+00 2.132733e+00 2.193687e+00 2.442037e+00 1.590403e+00 1.394757e+00 4.558158e+00 6.218129e-01 6.823395e-01 7.361619e-01 4.024148e-01 5.608635e-01 4.431701e-01 4.011800e-01 3.866462e-01 3.584720e-01 3.516482e-01 3.714949e-01 2.705549e-01 5.990263e-01
<GCONST> 1.161247e+02
<STATE> 3
<MEAN> 39
 1.230110e+01 -8.937512e+00 1.258438e+01 -5.704606e+00 -1.384158e+01 8.126266e+00 -1.274070e+01 1.231671e-02 3.776893e+00 -6.342951e+00 4.009750e+00 -4.588679e+00 5.243375e+01 -8.665042e-02 2.156494e-01 1.094569e-01 1.754389e-01 1.866375e-01 -3.002045e-02 -2.341523e-02 -3.559203e-02 -6.321716e-02 5.202913e-02 1.158039e-02 -4.126724e-02 -1.511188e-01 -1.092536e-01 2.305621e-02 -7.485233e-02 2.674769e-02 6.890696e-02 -1.835110e-02 5.522245e-02 3.255632e-02 1.466705e-03 2.997093e-02 -2.837790e-02 -2.000253e-02 -1.236105e-01
<VARIANCE> 39
 5.561309e+01 5.768337e+01 9.543098e+01 3.588525e+01 7.408802e+01 2.975476e+01 3.883154e+01 5.351049e+01 3.228363e+01 2.765345e+01 3.070905e+01 1.957058e+01 9.426744e+01 1.680696e+00 2.463666e+00 4.224227e+00 1.808107e+00 3.004503e+00 1.773336e+00 2.498272e+00 2.735020e+00 1.815763e+00 1.901447e+00 2.100252e+00 1.355354e+00 2.848303e+00 1.818034e-01 3.961537e-01 4.612415e-01 3.025970e-01 4.617147e-01 3.330905e-01 3.945386e-01 3.875017e-01 2.916355e-01 3.434768e-01 3.236572e-01 2.501197e-01 2.460653e-01
<GCONST> 1.167792e+02
<STATE> 4
<MEAN> 39
 -6.884670e+00 -2.557734e+00 8.074547e+00 2.331968e+00 -4.064990e+00 5.560919e+00 -5.885245e+00 7.519195e-01 3.009652e-01 -4.799788e+00 2.026908e+00 -2.778809e+00 3.045272e+01 -3.632822e-02 -2.329779e-03 -1.898884e-03 2.199019e-03 1.892116e-03 -1.487821e-02 -8.012796e-03 -2.253292e-03 -6.238740e-03 4.825268e-03 6.661113e-03 -4.092584e-03 -2.674281e-02 1.168123e-02 -6.635141e-03 -5.166433e-03 -1.142314e-02 -7.306985e-03 5.402093e-03 2.152514e-03 -5.831636e-04 5.783972e-03 2.645184e-03 -1.852629e-03 -1.161258e-03 1.146148e-02
<VARIANCE> 39
 1.229771e+01 9.305237e+00 1.012095e+01 1.106979e+01 1.144730e+01 1.218585e+01 1.357234e+01 1.582666e+01 1.514226e+01 1.534349e+01 1.311563e+01 1.140886e+01 4.907578e+00 3.665267e-01 5.659046e-01 6.114554e-01 7.942752e-01 9.891406e-01 1.178753e+00 1.275079e+00 1.388545e+00 1.371145e+00 1.400144e+00 1.349334e+00 1.199372e+00 1.169292e-01 7.153942e-02 1.170087e-01 1.242277e-01 1.625255e-01 2.081903e-01 2.461637e-01 2.654241e-01 2.960794e-01 2.846245e-01 2.937995e-01 2.865130e-01 2.446488e-01 2.176761e-02
<GCONST> 7.774109e+01
<TRANSP> 5
 0.000000e+00 1.000000e+00 0.000000e+00 0.000000e+00 0.000000e+00
 0.000000e+00 3.876826e-01 6.123173e-01 0.000000e+00 0.000000e+00
 0.000000e+00 0.000000e+00 8.740683e-01 1.259318e-01 0.000000e+00
 0.000000e+00 0.000000e+00 0.000000e+00 9.738786e-01 2.612143e-02
 0.000000e+00 0.000000e+00 0.000000e+00 0.000000e+00 0.000000e+00
<ENDHMM>
~h "#N"
<BEGINHMM>
<NUMSTATES> 5
<STATE> 2
<MEAN> 39
 -1.701035e+01 -2.479137e+00 -9.107720e-01 1.618004e-01 -1.402412e+00 2.175970e+00 -1.213322e+00 1.763961e+00 4.591125e-01 -8.524526e-01 1.657473e-01 -3.530078e-01 2.124604e+01 3.478632e-01 2.208211e-01 1.603895e-01 1.427593e-01 1.779358e-01 6.769781e-02 2.869190e-02 -3.594113e-02 3.421210e-02 -6.498149e-02 1.324306e-01 1.381921e-01 1.887462e-01 3.353665e-01 -2.398109e-01 1.472498e-01 -1.232220e-01 -2.585348e-01 8.593838e-02 -2.230967e-01 6.178048e-02 5.295706e-02 -1.069035e-01 9.228716e-02 -3.677810e-02 3.683346e-01
<VARIANCE> 39
 4.566885e+01 3.456878e+01 2.501924e+01 8.347094e+00 1.185967e+01 1.261472e+01 2.248310e+01 1.282728e+01 7.761830e+00 1.133875e+01 8.549961e+00 1.051021e+01 5.203302e+01 6.706489e+00 5.071401e+00 2.316803e+00 1.380211e+00 2.249070e+00 1.629602e+00 3.036321e+00 1.512630e+00 8.270856e-01 1.415998e+00 1.033417e+00 1.256763e+00 8.415981e+00 6.490995e-01 4.460308e-01 2.695534e-01 1.495638e-01 2.173472e-01 1.947663e-01 2.309352e-01 2.516629e-01 1.739625e-01 2.215911e-01 1.208352e-01 2.026283e-01 6.021298e-01
<GCONST> 1.001142e+02
<STATE> 3
<MEAN> 39
 -6.617152e-01 -9.067760e+00 6.643661e+00 -3.590331e+00 -9.159298e+00 9.150131e+00 -7.360723e+00 2.165970e+00 3.186869e+00 -6.672254e+00 4.156247e+00 -1.946780e+00 3.793533e+01 1.239954e-01 9.809031e-02 -7.843920e-02 2.047079e-01 -4.399320e-02 2.984490e-02 2.980659e-01 -1.261619e-01 1.214145e-02 -1.455362e-01 -9.256080e-02 1.038261e-01 -3.634236e-02 -2.884719e-01 3.397779e-01 -1.389440e-01 8.699059e-02 1.465964e-01 -2.379704e-01 1.481508e-01 -6.294782e-02 -9.288499e-02 2.020148e-01 -1.307984e-01 -2.977419e-05 -3.944308e-01
<VARIANCE> 39
 7.960701e+01 9.205300e+01 5.037649e+01 4.117244e+01 5.217723e+01 4.564502e+01 4.648088e+01 1.922961e+01 2.490957e+01 3.412217e+01 1.883979e+01 1.569234e+01 8.474954e+01 5.947135e+00 1.007740e+01 5.249063e+00 3.742270e+00 4.412453e+00 5.093041e+00 4.815952e+00 3.093760e+00 2.183283e+00 4.022935e+00 2.144180e+00 1.710597e+00 1.005261e+01 1.191248e+00 1.555201e+00 8.743376e-01 6.202605e-01 8.639423e-01 9.961903e-01 9.507516e-01 6.133335e-01 5.077232e-01 7.594377e-01 4.431494e-01 2.873903e-01 1.750119e+00
<GCONST> 1.351851e+02
<STATE> 4
<MEAN> 39
 -3.525371e+00 -2.020723e+00 7.807740e+00 1.359110e+00 -5.701808e+00 5.842403e+00 -4.231748e+00 2.326414e+00 1.258560e+00 -4.481509e+00 2.537846e+00 -1.939471e+00 3.267222e+01 -7.654464e-02 1.654578e-01 -3.616467e-02 4.684280e-02 3.338647e-02 -1.202861e-01 2.527236e-02 -2.437747e-02 8.136273e-03 4.163113e-02 -1.925872e-02 2.637807e-02 -1.474023e-01 3.578281e-02 -7.193970e-02 9.911233e-03 -5.396153e-02 -4.622479e-02 2.475592e-02 -3.447258e-02 2.901187e-02 2.805140e-02 -2.994652e-02 -4.895996e-04 -2.385063e-02 6.412232e-02
<VARIANCE> 39
 2.711209e+01 3.302496e+01 2.513498e+01 2.187049e+01 2.851273e+01 1.764477e+01 1.540381e+01 1.429868e+01 1.640261e+01 1.544949e+01 1.447643e+01 1.275718e+01 1.500021e+01 4.779526e-01 1.357171e+00 1.096497e+00 1.143405e+00 1.450042e+00 1.493520e+00 1.413111e+00 1.443473e+00 1.697638e+00 1.579607e+00 1.601345e+00 1.282007e+00 7.311516e-01 9.558975e-02 2.142739e-01 2.328559e-01 2.442881e-01 2.901155e-01 2.998813e-01 3.037632e-01 3.146569e-01 3.579259e-01 3.486784e-01 3.584034e-01 2.542264e-01 1.333811e-01
<GCONST> 9.449677e+01
<TRANSP> 5
 0.000000e+00 1.000000e+00 0.000000e+00 0.000000e+00 0.000000e+00
 0.000000e+00 7.740780e-01 2.259220e-01 0.000000e+00 0.000000e+00
 0.000000e+00 0.000000e+00 7.349605e-01 2.650394e-01 0.000000e+00
 0.000000e+00 0.000000e+00 0.000000e+00 9.022028e-01 9.779727e-02
 0.000000e+00 0.000000e+00 0.000000e+00 0.000000e+00 0.000000e+00
<ENDHMM>
~h "aa"
<BEGINHMM>
<NUMSTATES> 5
<STATE> 2
<MEAN> 39
 -3.228602e+00 -9.144244e+00 3.807434e+00 1.778831e-01 -3.679883e+00 9.087865e+00 -7.799558e+00 7.391717e-01 2.253989e+00 -4.008158e+00 3.682116e+00 -3.501901e+00 3.512418e+01 9.692499e-01 -2.065647e+00 -1.154871e+00 -1.009727e+00 -5.846242e-01 8.636020e-01 -4.845550e-01 -1.013615e+00 -5.346547e-01 -1.217507e+00 -5.610631e-01 8.806610e-02 1.487879e+00 2.454561e-01 2.488648e-01 7.836576e-01 -3.494236e-01 -9.873673e-01 -4.065610e-01 8.648267e-02 -1.104690e-03 1.072801e-01 -6.315561e-02 1.163327e-01 2.211647e-01 5.059540e-01
<VARIANCE> 39
 2.613186e+01 1.077364e+02 9.986295e+01 3.165444e+00 7.186824e+01 4.007833e+01 3.202723e+01 1.979661e+01 2.028238e+01 1.866286e+01 9.002519e+00 9.784084e+00 3.452362e+01 2.956160e+00 1.387625e+01 7.839217e+00 3.347521e+00 1.732023e+01 9.131002e+00 3.307010e+00 2.741023e+00 1.521035e+00 2.444024e+00 1.149891e+00 3.313730e+00 6.064287e+00 5.214747e-01 3.215379e+00 2.089784e+00 2.783467e-01 2.392569e+00 1.359588e+00 8.975459e-01 4.714756e-01 3.695927e-01 4.861473e-01 2.545842e-01 5.037646e-01 1.386465e+00
<GCONST> 1.293036e+02
<STATE> 3
<MEAN> 39
 7.322468e+00 -1.088828e+01 2.118538e+01 -7.297146e+00 -2.423622e+01 6.499607e+00 -1.220658e+01 -4.480628e+00 -1.925332e-01 -1.073717e+01 5.611583e+00 -2.211639e+00 5.331636e+01 1.061999e+00 5.322571e-01 3.788116e+00 -5.611691e-01 -2.627257e+00 -1.789071e+00 -2.233184e+00 -4.726128e-01 3.935752e-01 4.583764e-01 9.681321e-01 -6.364225e-01 2.855234e+00 -3.815136e-01 2.215060e-01 -3.525697e-01 4.217737e-01 8.528252e-01 1.394486e-02 -8.871215e-02 1.788178e-01 2.065571e-01 4.716559e-01 1.313810e-01 -1.408453e-01 -6.674973e-01
<VARIANCE> 39
 2.654204e+01 2.933906e+01 1.441702e+02 2.822860e+01 1.102369e+02 4.801956e+01 8.890263e+01 2.101442e+01 1.694510e+01 2.039491e+01 1.730536e+01 2.299259e+01 6.694847e+01 2.654836e+00 4.850456e+00 1.189078e+01 2.316948e+00 1.208792e+01 2.778115e+00 9.200050e+00 1.798415e+00 1.444553e+00 2.854163e+00 1.724506e+00 3.731920e+00 7.233525e+00 2.211736e-01 7.877036e-01 2.975504e+00 4.771559e-01 1.883765e+00 1.483561e+00 2.339510e+00 3.038879e-01 3.435387e-01 5.086096e-01 4.676206e-01 1.181487e+00 4.283066e-01
<GCONST> 1.323411e+02
<STATE> 4
<MEAN> 39
 1.063189e+01 -5.794128e+00 2.884306e+01 -2.573753e+00 -2.176982e+01 5.273633e+00 -1.834115e+01 -6.425958e+00 1.143967e+00 -7.655972e+00 6.021670e+00 -4.707512e+00 5.332516e+01 1.070075e-01 8.215554e-01 -4.643006e-01 6.214907e-01 1.001016e+00 1.654175e-01 3.491723e-01 2.416532e-01 5.472261e-02 1.510551e-01 -2.225500e-01 -8.637032e-02 -1.026783e+00 3.585649e-02 -8.894040e-02 -6.076562e-02 -6.961067e-02 -9.138495e-02 -2.238704e-02 1.744691e-02 4.901952e-04 7.233100e-02 2.702290e-02 -5.068596e-02 9.954784e-03 8.710627e-02
<VARIANCE> 39
 1.229802e+01 2.362663e+01 4.262056e+01 2.122999e+01 5.887995e+01 8.088947e+00 1.127857e+01 1.395056e+01 5.104199e+00 5.299402e+00 1.086620e+01 5.459348e+00 4.665445e+01 2.764294e-01 9.246541e-01 1.125188e+00 1.029453e+00 2.156785e+00 9.520307e-01 7.299765e-01 8.935162e-01 6.044544e-01 4.226577e-01 1.503317e+00 4.981344e-01 3.725522e-01 6.458101e-02 2.106662e-01 1.336790e-01 2.371986e-01 4.903773e-01 1.713220e-01 2.254225e-01 1.878201e-01 1.471837e-01 1.048418e-01 2.964784e-01 8.537745e-02 2.218952e-01
<GCONST> 8.029767e+01
<TRANSP> 5
 0.000000e+00 1.000000e+00 0.000000e+00 0.000000e+00 0.000000e+00
 0.000000e+00 7.170490e-01 2.829510e-01 0.000000e+00 0.000000e+00
 0.000000e+00 0.000000e+00 7.121356e-01 2.878644e-01 0.000000e+00
 0.000000e+00 0.000000e+00 0.000000e+00 8.760931e-01 1.239069e-01
 0.000000e+00 0.000000e+00 0.000000e+00 0.000000e+00 0.000000e+00
<ENDHMM>
~h "ah"
<BEGINHMM>
<NUMSTATES> 5
<STATE> 2
<MEAN> 39
 -2.198828e+00 -4.788592e+00 5.684602e+00 -3.963211e-01 -6.111355e+00 6.807843e+00 -5.770238e+00 7.331682e-01 1.902712e+00 -4.557991e+00 2.273613e+00 -2.311421e+00 3.480386e+01 1.125827e+00 -1.158715e+00 -4.061892e-01 -1.044277e+00 -1.041231e+00 3.564035e-01 -2.191056e-01 9.827816e-02 3.136828e-01 -2.692433e-01 2.125496e-01 1.361662e-01 1.428160e+00 5.569695e-01 -3.065127e-01 1.389427e-01 -3.398729e-01 -3.559532e-01 9.035662e-02 -3.201492e-01 1.070597e-01 1.958402e-01 -5.729462e-02 1.496843e-01 -3.748609e-02 6.996467e-01
<VARIANCE> 39
 6.046572e+01 3.453431e+01 3.454722e+01 2.489185e+01 4.131477e+01 3.507517e+01 2.758304e+01 1.998166e+01 2.633836e+01 2.109864e+01 1.343267e+01 1.479094e+01 5.277366e+01 5.973276e+00 5.321304e+00 4.318441e+00 3.444947e+00 3.694931e+00 3.690946e+00 3.516844e+00 2.625493e+00 2.696685e+00 2.675876e+00 1.707571e+00 1.796458e+00 6.853445e+00 7.559414e-01 7.487060e-01 6.305391e-01 4.571363e-01 4.983003e-01 5.636370e-01 4.827600e-01 4.101811e-01 4.288918e-01 3.907285e-01 3.120627e-01 3.475499e-01 8.172860e-01
<GCONST> 1.223513e+02
<STATE> 3
<MEAN> 39
 1.105603e+01 -1.087992e+01 9.108398e+00 -7.290991e+00 -1.350481e+01 8.044521e+00 -1.312875e+01 2.662628e+00 7.586441e+00 -6.038800e+00 3.124289e+00 -3.930516e+00 5.155421e+01 -4.148073e-02 2.839762e-01 1.643597e-01 1.804635e-01 1.068409e-01 -9.275725e-02 6.165547e-02 1.349665e-01 4.018052e-02 5.219893e-02 1.989657e-03 -2.958344e-02 -1.695693e-01 -2.372146e-01 1.643538e-01 -5.828553e-02 1.327639e-01 1.458406e-01 -7.600399e-02 1.237875e-01 -3.705532e-02 -9.618152e-02 4.397991e-02 -3.456932e-02 2.519338e-02 -2.977882e-01
<VARIANCE> 39
 6.705457e+01 6.505984e+01 6.664716e+01 3.448128e+01 4.617894e+01 3.224845e+01 4.459399e+01 3.841223e+01 5.157267e+01 2.490480e+01 2.523543e+01 2.035149e+01 1.014345e+02 3.043018e+00 4.183173e+00 3.583620e+00 2.407834e+00 2.508058e+00 2.354541e+00 3.166419e+00 2.263962e+00 2.674135e+00 2.048677e+00 2.022835e+00 1.769044e+00 5.689427e+00 3.795392e-01 7.849261e-01 6.135582e-01 4.351816e-01 4.526082e-01 5.044155e-01 5.204406e-01 4.003763e-01 4.377858e-01 4.036908e-01 3.743700e-01 3.360909e-01 5.482085e-01
<GCONST> 1.237436e+02
<STATE> 4
<MEAN> 39
 -6.109192e+00 -4.739493e+00 5.462538e+00 1.092626e+00 -4.766817e+00 5.437927e+00 -5.327598e+00 1.218276e+00 7.410777e-01 -4.094179e+00 2.604432e+00 -2.167387e+00 3.149130e+01 -2.659707e-01 7.473124e-02 -3.729516e-02 1.222953e-01 1.287248e-01 -5.893733e-02 1.078969e-01 -3.467561e-02 -1.199098e-01 3.953712e-02 -1.045011e-02 1.885966e-02 -2.508335e-01 5.305945e-02 -4.664129e-02 2.050635e-02 -1.669897e-02 -1.325991e-02 2.093606e-02 -5.997783e-02 -2.085458e-02 1.883530e-02 -7.017705e-03 2.423172e-03 -1.597091e-02 7.233312e-02
<VARIANCE> 39
 3.414526e+01 1.783430e+01 2.252443e+01 1.808416e+01 1.756950e+01 2.043976e+01 2.215222e+01 1.726423e+01 2.228400e+01 2.052489e+01 1.383714e+01 1.258847e+01 2.147936e+01 8.254313e-01 1.237932e+00 1.145159e+00 1.010996e+00 1.135624e+00 1.370975e+00 1.480528e+00 1.429702e+00 1.546796e+00 1.653451e+00 1.494247e+00 1.222834e+00 5.425971e-01 1.485827e-01 2.566462e-01 2.140071e-01 2.234678e-01 2.282838e-01 2.784464e-01 3.167496e-01 2.851343e-01 2.939318e-01 3.743965e-01 3.103755e-01 2.564701e-01 1.045610e-01
<GCONST> 9.411005e+01
<TRANSP> 5
 0.000000e+00 1.000000e+00 0.000000e+00 0.000000e+00 0.000000e+00
 0.000000e+00 5.377265e-01 4.622735e-01 0.000000e+00 0.000000e+00
 0.000000e+00 0.000000e+00 8.675379e-01 1.324621e-01 0.000000e+00
 0.000000e+00 0.000000e+00 0.000000e+00 8.051359e-01 1.948640e-01
 0.000000e+00 0.000000e+00 0.000000e+00 0.000000e+00 0.000000e+00
<ENDHMM>
~h "ao"
<BEGINHMM>
<NUMSTATES> 5
<STATE> 2
<MEAN> 39
 -1.321895e+00 -6.436942e+00 4.965338e+00 2.973719e-01 -6.617791e+00 5.981898e+00 -3.981846e+00 5.743268e+00 5.618831e+00 -4.162140e+00 4.456997e+00 -1.429373e+00 3.568536e+01 5.911245e-01 -1.021031e+00 -9.428781e-02 -1.216217e-01 -2.072479e-01 7.460663e-01 -3.002366e-01 1.245334e-01 6.117146e-01 -2.066824e-01 4.218653e-01 3.716480e-01 7.795432e-01 2.274427e-01 -2.680641e-01 7.577789e-02 -4.218041e-01 -4.399970e-01 8.232787e-02 -3.271934e-01 -1.536979e-01 -1.548809e-01 -7.793351e-02 3.312195e-01 2.068656e-01 2.849777e-01
<VARIANCE> 39
 9.007119e+00 8.817803e+01 3.377818e+01 1.923590e+01 8.104509e+00 1.127987e+01 1.028234e+01 1.051526e+01 1.022272e+01 2.304216e+01 1.429102e+01 1.477213e+01 1.005342e+01 1.763333e+00 2.343558e+00 1.907637e+00 2.370723e+00 2.280592e+00 1.772445e+00 3.900999e-01 1.294812e+00 1.120930e+00 7.958283e-01 1.384774e+00 1.266062e+00 9.863984e-01 1.433402e-01 2.512608e-01 2.725932e-01 2.009861e-01 1.315722e-01 8.996080e-02 1.060053e-01 2.266698e-01 1.323912e-01 1.890705e-01 1.826231e-01 3.174950e-01 1.084606e-01
<GCONST> 8.807756e+01
<STATE> 3
<MEAN> 39
 1.252718e+01 -1.201201e+01 8.521520e+00 -1.148159e+01 -1.672683e+01 8.053226e+00 -1.345119e+01 2.285677e+00 7.230485e+00 -5.794400e+00 4.981973e+00 -4.093830e+00 5.592299e+01 6.768915e-03 6.104477e-02 4.147870e-02 5.301702e-03 4.486639e-03 -4.297148e-03 -1.207340e-02 -1.887568e-02 -1.227779e-02 9.199056e-03 -3.357656e-02 -2.612945e-02 -1.230692e-02 -2.405653e-02 1.180367e-02 -1.652356e-02 7.201191e-03 1.272171e-02 -1.341649e-02 1.526990e-02 8.488905e-04 3.812032e-03 6.472893e-03 -1.311518e-02 2.421233e-03 -2.615712e-02
<VARIANCE> 39
 3.582753e+01 6.698601e+01 8.687375e+01 4.675651e+01 2.834355e+01 3.753830e+01 3.769144e+01 3.514712e+01 4.101660e+01 2.730513e+01 2.531953e+01 2.692318e+01 8.668378e+01 1.819516e+00 3.446659e+00 4.366222e+00 2.680249e+00 2.320348e+00 2.473947e+00 2.946012e+00 2.262413e+00 2.371208e+00 2.117028e+00 1.919070e+00 1.619732e+00 4.355629e+00 2.850637e-01 5.746071e-01 6.283725e-01 4.246226e-01 4.342389e-01 4.925309e-01 5.316623e-01 4.086004e-01 3.805537e-01 4.189249e-01 3.346153e-01 2.814137e-01 5.481319e-01
<GCONST> 1.210961e+02
<STATE> 4
<MEAN> 39
 -1.813554e+00 -6.446905e+00 4.774804e+00 -9.916503e-01 -6.697620e+00 8.371769e+00 -5.223679e+00 1.971170e+00 4.009816e+00 -5.486623e+00 1.807667e+00 -2.247371e+00 3.515214e+01 -7.403086e-02 -1.709568e-01 -1.479370e-01 -5.692840e-02 5.114934e-03 4.328083e-02 -2.404373e-02 -4.060091e-03 4.459507e-02 -2.363405e-02 -2.774893e-02 -3.868968e-02 -1.181805e-02 4.526890e-02 -3.329366e-02 3.514024e-04 -6.090352e-03 -1.137378e-02 9.431656e-03 -2.053982e-02 -3.469932e-02 -3.420110e-02 -1.537864e-02 2.098724e-02 -1.392608e-02 4.903236e-02
<VARIANCE> 39
 2.092195e+00 2.512959e+01 8.639920e+00 6.676401e+00 8.223828e+00 1.493726e+01 1.230613e+01 1.227605e+01 1.702969e+01 1.946865e+01 1.423020e+01 1.513523e+01 2.880596e+00 1.892215e-01 6.496733e-01 8.025869e-01 6.675469e-01 7.136843e-01 1.252719e+00 1.456750e+00 1.417678e+00 1.203388e+00 1.297331e+00 1.340322e+00 1.408948e+00 1.377963e-01 2.994264e-02 1.149831e-01 1.741079e-01 1.509118e-01 1.195709e-01 2.547267e-01 3.081259e-01 2.892140e-01 2.309724e-01 2.533671e-01 3.050222e-01 3.135551e-01 2.904284e-02
<GCONST> 7.480518e+01
<TRANSP> 5
 0.000000e+00 1.000000e+00 0.000000e+00 0.000000e+00 0.000000e+00
 0.000000e+00 6.271595e-01 3.728405e-01 0.000000e+00 0.000000e+00
 0.000000e+00 0.000000e+00 9.818683e-01 1.813169e-02 0.000000e+00
 0.000000e+00 0.000000e+00 0.000000e+00 9.471946e-01 5.280543e-02
 0.000000e+00 0.000000e+00 0.000000e+00 0.000000e+00 0.000000e+00
<ENDHMM>
~h "ih"
<BEGINHMM>
<NUMSTATES> 5
<STATE> 2
<MEAN> 39
 -5.427219e+00 -3.557461e+00 7.344054e+00 1.484921e+00 -4.917156e+00 5.836071e+00 -5.449065e+00 1.119295e+00 4.714910e-01 -4.694622e+00 1.810054e+00 -3.006333e+00 3.184259e+01 8.253196e-01 -1.251522e+00 -8.275732e-01 -7.476135e-01 -8.808034e-01 1.532614e-01 -2.693110e-01 -4.680465e-01 -3.841132e-02 -1.919895e-02 9.039057e-03 9.843102e-02 1.012266e+00 5.200043e-01 -3.503837e-01 6.792983e-03 -2.536481e-01 -4.273833e-01 6.485246e-02 -2.026870e-01 -8.575542e-02 1.733957e-01 5.621209e-02 2.796870e-01 8.077408e-02 6.180919e-01
<VARIANCE> 39
 3.366560e+01 2.708828e+01 2.813554e+01 1.747286e+01 1.661082e+01 2.145571e+01 1.718347e+01 1.619276e+01 1.649752e+01 2.014421e+01 1.269788e+01 1.299435e+01 2.034847e+01 2.896666e+00 5.083708e+00 3.921849e+00 2.838856e+00 5.850557e+00 3.138667e+00 2.720844e+00 2.061154e+00 2.337602e+00 2.490971e+00 2.148746e+00 1.486733e+00 3.394681e+00 4.064058e-01 7.626852e-01 7.568133e-01 3.814490e-01 9.025116e-01 4.851739e-01 4.751116e-01 4.244720e-01 2.670557e-01 4.094308e-01 3.836599e-01 3.054292e-01 4.928539e-01
<GCONST> 1.140941e+02
<STATE> 3
<MEAN> 39
 1.025654e+01 -9.321871e+00 1.328234e+01 -4.588490e+00 -1.466714e+01 7.115590e+00 -1.300835e+01 -9.774395e-01 2.478427e+00 -6.490544e+00 4.735979e+00 -3.888006e+00 5.014741e+01 1.564657e-01 1.193935e-01 1.648001e-01 6.358206e-02 1.133067e-01 9.339503e-02 -3.791356e-02 5.139935e-02 5.943405e-02 4.252778e-03 8.973432e-02 -1.475438e-02 1.004483e-01 -2.102160e-01 2.196568e-01 -6.788888e-03 1.006513e-01 1.721057e-01 -4.498258e-02 1.126795e-01 7.098456e-02 9.001141e-04 3.766720e-02 -6.612998e-02 -5.058409e-03 -2.782687e-01
<VARIANCE> 39
 7.561580e+01 6.318470e+01 1.017450e+02 3.953413e+01 9.018775e+01 5.267734e+01 4.242054e+01 4.816387e+01 3.062515e+01 2.436776e+01 2.480301e+01 1.667329e+01 8.710062e+01 2.122873e+00 4.392492e+00 4.893820e+00 2.841695e+00 5.454397e+00 2.614250e+00 2.693152e+00 2.943772e+00 1.956743e+00 1.998381e+00 2.125607e+00 1.621783e+00 4.235186e+00 2.529547e-01 9.319787e-01 7.488409e-01 4.349793e-01 9.020574e-01 5.014081e-01 4.168539e-01 4.403423e-01 3.575417e-01 3.684285e-01 3.762000e-01 3.101879e-01 4.123845e-01
<GCONST> 1.251650e+02
<STATE> 4
<MEAN> 39
 -2.565019e+00 -5.287464e+00 4.682108e+00 5.128344e-01 -4.722884e+00 6.235519e+00 -6.624252e+00 1.456264e+00 2.890346e+00 -3.017468e+00 3.216584e+00 -3.554764e+00 3.417058e+01 -2.246535e-01 1.090126e-01 -8.781741e-02 3.675486e-02 5.096778e-02 -9.129226e-02 1.280866e-01 -9.561812e-03 -6.039546e-02 -2.372975e-02 -1.286809e-01 -2.526679e-02 -2.445482e-01 2.178599e-02 -8.122608e-02 5.248164e-02 1.659794e-02 -5.608563e-02 5.127662e-03 -1.416081e-02 -1.169053e-02 -5.007135e-02 -7.472321e-02 -4.766997e-03 1.650312e-02 6.707139e-02
<VARIANCE> 39
 2.489726e+01 3.925355e+01 2.691462e+01 4.845131e+01 7.639745e+01 3.922023e+01 2.499408e+01 3.115031e+01 2.884101e+01 2.222858e+01 1.491640e+01 2.097333e+01 1.712972e+01 9.694436e-01 1.929107e+00 1.529113e+00 1.686930e+00 2.259158e+00 1.834405e+00 1.997633e+00 2.605204e+00 1.588317e+00 1.665520e+00 1.543307e+00 1.279179e+00 7.752493e-01 1.979647e-01 2.686531e-01 2.701216e-01 3.379634e-01 4.231392e-01 3.362843e-01 3.883706e-01 5.123639e-01 3.339945e-01 3.319438e-01 3.247538e-01 2.804679e-01 1.418993e-01
<GCONST> 1.060507e+02
<TRANSP> 5
 0.000000e+00 1.000000e+00 0.000000e+00 0.000000e+00 0.000000e+00
 0.000000e+00 5.739200e-01 4.260800e-01 0.000000e+00 0.000000e+00
 0.000000e+00 0.000000e+00 8.586276e-01 1.413725e-01 0.000000e+00
 0.000000e+00 0.000000e+00 0.000000e+00 7.636212e-01 2.363789e-01
 0.000000e+00 0.000000e+00 0.000000e+00 0.000000e+00 0.000000e+00
<ENDHMM>
~h "oh"
<BEGINHMM>
<NUMSTATES> 5
<STATE> 2
<MEAN> 39
 -1.711491e+00 -8.369564e+00 5.518742e+00 3.985656e-01 -7.007956e+00 6.182715e+00 -8.100013e+00 9.076012e-01 6.268605e+00 -1.911547e+00 4.679241e+00 -5.899782e-01 3.610165e+01 2.456707e-02 -1.639513e+00 -5.621004e-01 -2.761842e-01 -7.589347e-01 1.498433e-02 -1.051593e-01 -5.410986e-01 -2.093242e-01 -4.911630e-01 1.414725e-01 9.159592e-01 5.932106e-01 2.839020e-01 1.329599e-01 3.201328e-02 -4.923700e-01 -5.078661e-01 -2.116456e-02 -3.880520e-02 1.186120e-01 -1.714033e-02 -5.528751e-01 -2.897843e-01 2.897034e-02 3.005120e-01
<VARIANCE> 39
 3.506845e+00 5.210736e+01 1.510830e+01 8.552105e+00 1.550237e+01 3.170812e+01 1.864511e+01 2.055654e+01 2.364094e+01 2.227962e+01 9.305223e+00 1.344777e+01 5.042755e+00 6.215353e-01 3.695302e+00 1.536839e+00 1.894912e+00 1.071235e+00 1.899719e+00 1.766140e+00 1.640782e+00 6.596068e-01 2.534089e+00 1.147610e+00 1.757055e+00 6.107286e-01 3.093234e-01 3.098908e-01 6.865674e-02 2.284247e-01 2.495555e-01 5.239284e-01 4.449416e-01 5.132065e-01 3.377165e-01 1.971578e-01 1.602058e-01 3.775554e-01 1.989837e-01
<GCONST> 9.386317e+01
<STATE> 3
<MEAN> 39
 1.281358e+01 -1.075429e+01 8.167378e+00 -1.139036e+01 -1.580072e+01 7.465066e+00 -1.521603e+01 2.148131e+00 9.991940e+00 -4.223557e+00 4.010815e+00 -3.691589e+00 5.542647e+01 9.047267e-02 1.144655e-01 1.014268e-03 -1.083524e-01 -1.006995e-01 -8.276890e-02 -1.247804e-02 1.748802e-02 5.485293e-02 1.045894e-01 4.165774e-03 -6.353066e-02 3.257913e-02 -4.891323e-02 6.609261e-03 -5.861437e-03 4.326099e-02 3.289154e-02 -6.964722e-03 2.437061e-02 -9.121655e-03 -2.014098e-02 -9.841722e-03 -2.000774e-02 -1.201535e-02 -4.916488e-02
<VARIANCE> 39
 2.929475e+01 4.627221e+01 6.587200e+01 3.239750e+01 2.327106e+01 2.761615e+01 3.873535e+01 3.121322e+01 5.087609e+01 2.505900e+01 2.344671e+01 2.447488e+01 8.321739e+01 2.282663e+00 3.021891e+00 4.113079e+00 3.286697e+00 2.004599e+00 2.755476e+00 2.679072e+00 2.310222e+00 3.491557e+00 2.380785e+00 1.714533e+00 2.372813e+00 7.127665e+00 3.189920e-01 5.112613e-01 6.584427e-01 5.418919e-01 4.043789e-01 5.602065e-01 4.290178e-01 4.380583e-01 5.530882e-01 5.152495e-01 3.174371e-01 4.480322e-01 8.470722e-01
<GCONST> 1.222225e+02
<STATE> 4
<MEAN> 39
 -1.482935e+00 -1.218190e+01 2.726298e+00 -4.789037e+00 -1.273206e+01 6.882325e+00 -7.800689e+00 1.670720e+00 7.897781e+00 -3.130629e+00 2.885549e+00 -2.443380e+00 3.745695e+01 -7.587746e-01 2.885458e-02 1.822046e-01 8.767386e-01 8.258150e-01 2.492245e-01 1.681595e-01 -3.317534e-01 -7.230259e-01 -9.459003e-01 -8.322117e-01 -2.492736e-01 -6.250581e-01 3.459957e-01 1.011705e-01 1.538654e-01 -1.708262e-02 1.095724e-01 2.916055e-01 -4.318084e-05 -3.455196e-02 6.941850e-03 8.895304e-02 2.091965e-01 2.207221e-01 2.815762e-01
<VARIANCE> 39
 1.158723e+01 7.439131e+01 1.363637e+01 2.022947e+01 1.749799e+01 2.617425e+01 1.535503e+01 1.183155e+01 1.642956e+01 8.192544e+00 9.368233e+00 1.254418e+01 6.072022e+00 1.117426e+00 8.013524e-01 1.075822e+00 5.698980e-01 9.591241e-01 1.733306e+00 2.584280e+00 1.779945e+00 1.948407e+00 1.416696e+00 1.998926e+00 5.058033e-01 6.463587e-01 9.809753e-02 7.930548e-02 2.543503e-01 1.206580e-01 1.413441e-01 3.147472e-01 4.189858e-01 4.064960e-01 4.363728e-01 2.838090e-01 3.016287e-01 1.852371e-01 1.621708e-01
<GCONST> 8.886742e+01
<TRANSP> 5
 0.000000e+00 1.000000e+00 0.000000e+00 0.000000e+00 0.000000e+00
 0.000000e+00 4.083124e-01 5.916876e-01 0.000000e+00 0.000000e+00
 0.000000e+00 0.000000e+00 9.741018e-01 2.589820e-02 0.000000e+00
 0.000000e+00 0.000000e+00 0.000000e+00 5.930498e-01 4.069502e-01
 0.000000e+00 0.000000e+00 0.000000e+00 0.000000e+00 0.000000e+00
<ENDHMM>
~h "uh"
<BEGINHMM>
<NUMSTATES> 5
<STATE> 2
<MEAN> 39
 -5.115059e+00 -2.702084e+00 6.063655e+00 -3.223290e-01 -5.645891e+00 5.378753e+00 -5.993742e+00 1.087567e+00 1.271374e+00 -3.558434e+00 2.599282e+00 -3.046315e+00 3.169797e+01 9.236196e-01 -2.119658e-01 -2.952337e-01 -1.093181e+00 -1.334386e+00 -6.954823e-02 -8.628333e-02 -1.476448e-01 3.690909e-01 3.948036e-01 3.486583e-01 7.448070e-02 7.482197e-01 2.560648e-01 -2.499790e-01 -2.433554e-02 -2.128112e-01 -3.214306e-01 -1.468435e-02 -9.461902e-02 -3.732861e-03 1.452283e-02 -1.387591e-01 8.497684e-02 1.453776e-01 3.108339e-01
<VARIANCE> 39
 4.328268e+01 1.607752e+01 2.350190e+01 2.356236e+01 2.519632e+01 2.372581e+01 2.444971e+01 2.095761e+01 2.093938e+01 2.322247e+01 1.889619e+01 1.281211e+01 3.232450e+01 2.321193e+00 3.476558e+00 3.388011e+00 2.507440e+00 3.842557e+00 4.583654e+00 3.121077e+00 2.288412e+00 2.404860e+00 2.497707e+00 1.397020e+00 1.472953e+00 1.228118e+00 4.406612e-01 4.692036e-01 5.307983e-01 3.507109e-01 6.166556e-01 7.211784e-01 4.358546e-01 3.443989e-01 3.425638e-01 4.796064e-01 2.880971e-01 2.572977e-01 2.552815e-01
<GCONST> 1.123682e+02
<STATE> 3
<MEAN> 39
 2.319441e+00 -9.782996e+00 6.551571e+00 -5.987416e+00 -1.364476e+01 8.302962e+00 -8.182425e+00 1.293681e+00 5.219971e+00 -5.257703e+00 3.789598e+00 -1.969570e+00 4.121635e+01 7.543372e-02 -2.904964e-01 -6.236546e-02 -1.671559e-01 -4.160526e-02 1.845107e-01 -2.151986e-02 -4.876264e-02 1.564680e-01 -6.798027e-02 -5.795994e-04 7.614649e-02 2.387192e-01 -2.620279e-01 1.403361e-01 4.385866e-02 3.046837e-01 3.855159e-01 3.585109e-02 9.226818e-02 2.215229e-02 -4.115621e-02 -2.806360e-02 -1.507163e-01 -3.560908e-02 -2.192518e-01
<VARIANCE> 39
 7.646770e+01 8.241218e+01 3.118210e+01 5.282603e+01 3.972116e+01 6.729023e+01 4.560624e+01 2.696937e+01 4.663880e+01 2.762188e+01 2.500747e+01 1.639415e+01 9.615486e+01 2.663157e+00 3.933958e+00 2.409855e+00 3.497097e+00 3.897466e+00 4.333968e+00 3.573692e+00 1.946332e+00 2.032204e+00 2.326988e+00 2.367996e+00 1.786786e+00 3.108447e+00 5.999743e-01 7.759430e-01 5.582441e-01 6.861687e-01 7.803550e-01 9.536798e-01 7.188835e-01 4.270026e-01 4.044916e-01 4.957919e-01 5.170091e-01 3.664843e-01 4.825061e-01
<GCONST> 1.267591e+02
<STATE> 4
<MEAN> 39
 -3.332104e+00 -4.837638e+00 5.735538e+00 -2.179184e+00 -8.134832e+00 7.126303e+00 -4.906845e+00 1.563093e+00 4.259013e+00 -2.849858e+00 3.099602e+00 -1.991857e+00 3.400809e+01 -3.458078e-01 -2.473738e-01 -1.013231e-01 1.660890e-01 2.599188e-01 2.562102e-01 1.317788e-01 -1.342190e-01 -7.031699e-02 -1.858996e-01 -2.216705e-01 1.441420e-01 -1.249567e-01 1.475663e-01 -2.041222e-01 4.317467e-02 -1.036813e-01 -2.549075e-01 2.905243e-02 -1.359193e-01 -6.292031e-02 3.586525e-02 -8.791932e-02 6.295092e-02 1.706852e-02 1.988652e-01
<VARIANCE> 39
 3.638934e+01 3.542789e+01 1.131208e+01 2.204590e+01 2.004131e+01 3.838409e+01 1.833973e+01 3.175228e+01 2.541569e+01 1.554236e+01 1.479965e+01 1.489798e+01 3.592900e+01 1.192824e+00 1.104294e+00 1.300805e+00 1.356994e+00 1.413419e+00 1.457982e+00 1.412875e+00 1.950521e+00 1.878293e+00 1.449276e+00 1.435672e+00 1.665280e+00 9.323596e-01 2.879566e-01 2.449877e-01 2.457209e-01 2.958806e-01 3.613730e-01 4.208685e-01 2.733928e-01 5.004945e-01 4.624860e-01 2.930806e-01 2.788554e-01 3.527744e-01 2.351762e-01
<GCONST> 1.018004e+02
<TRANSP> 5
 0.000000e+00 1.000000e+00 0.000000e+00 0.000000e+00 0.000000e+00
 0.000000e+00 5.086300e-01 4.913700e-01 0.000000e+00 0.000000e+00
 0.000000e+00 0.000000e+00 7.059928e-01 2.940072e-01 0.000000e+00
 0.000000e+00 0.000000e+00 0.000000e+00 5.959382e-01 4.040618e-01
 0.000000e+00 0.000000e+00 0.000000e+00 0.000000e+00 0.000000e+00
<ENDHMM>
~h "uw"
<BEGINHMM>
<NUMSTATES> 5
<STATE> 2
<MEAN> 39
 -1.442179e+00 -1.115528e+01 7.409659e+00 -9.117708e-01 -1.020832e+01 7.843436e+00 -7.458970e+00 7.712534e-01 3.738180e+00 -5.648172e+00 2.856277e+00 -1.848982e+00 3.822369e+01 1.226229e+00 3.703433e-01 1.758797e-01 -6.504802e-01 -4.249190e-01 -2.205137e-01 -4.071074e-01 -6.392634e-02 -8.287122e-02 -1.974941e-01 8.871114e-02 1.412034e-01 1.059131e+00 4.156814e-01 8.049631e-02 7.511256e-02 -2.312769e-01 -1.065905e-01 -5.347470e-02 -1.997888e-01 1.121775e-01 1.972829e-01 1.491706e-01 8.593130e-02 -7.382912e-02 4.381805e-01
<VARIANCE> 39
 7.910748e+01 8.797469e+01 4.195799e+01 3.840367e+01 3.677320e+01 4.242914e+01 2.391057e+01 2.244076e+01 2.947588e+01 3.391311e+01 1.447661e+01 1.782212e+01 6.710426e+01 5.317974e+00 6.254056e+00 3.700054e+00 3.243412e+00 3.505054e+00 4.287553e+00 2.339735e+00 2.480543e+00 2.673861e+00 3.128760e+00 1.624149e+00 2.388707e+00 4.604921e+00 7.317325e-01 1.114208e+00 7.584273e-01 6.553609e-01 6.854216e-01 8.532634e-01 4.674118e-01 5.143772e-01 4.893282e-01 6.644219e-01 3.433299e-01 4.577306e-01 8.565220e-01
<GCONST> 1.276851e+02
<STATE> 3
<MEAN> 39
 1.489969e+01 -8.880266e+00 8.383245e+00 -9.382518e+00 -1.276477e+01 8.486642e+00 -1.382162e+01 2.657535e+00 7.157587e+00 -4.853175e+00 4.547471e+00 -4.691702e+00 5.449602e+01 -1.206991e-01 5.477951e-02 -1.868681e-01 5.272881e-02 1.974442e-01 1.385713e-01 2.221548e-01 7.792260e-02 -4.882029e-05 4.500227e-02 -7.381155e-02 -6.821398e-02 -2.164811e-01 -1.428150e-01 3.737351e-03 -3.369095e-02 8.278773e-02 4.811194e-02 1.373699e-03 7.688348e-02 -2.669110e-02 -5.259357e-02 -7.378031e-03 -2.151073e-02 2.879845e-02 -1.583110e-01
<VARIANCE> 39
 2.889256e+01 3.981491e+01 4.069353e+01 2.765291e+01 1.950397e+01 2.537160e+01 3.029520e+01 2.687779e+01 4.218333e+01 2.672961e+01 3.223970e+01 2.054024e+01 5.761319e+01 1.415895e+00 2.214795e+00 2.074476e+00 2.129745e+00 1.495863e+00 2.042409e+00 2.347035e+00 1.791696e+00 1.997758e+00 1.869335e+00 1.881093e+00 1.292468e+00 3.228100e+00 2.355189e-01 3.909045e-01 3.558968e-01 3.277269e-01 2.850511e-01 4.072686e-01 4.037898e-01 3.204903e-01 2.964246e-01 3.218145e-01 3.056270e-01 2.196841e-01 2.959358e-01
<GCONST> 1.097938e+02
<STATE> 4
<MEAN> 39
 -1.325854e+00 -6.478359e+00 5.412461e+00 -2.407193e+00 -7.185816e+00 9.622915e+00 -5.180635e+00 1.738111e+00 3.689594e+00 -5.077772e+00 2.255271e+00 -2.192915e+00 3.616094e+01 -7.327102e-01 1.221321e-01 -2.766105e-01 5.086822e-01 4.844854e-01 -2.137266e-01 3.241951e-01 -2.476396e-01 -4.286103e-01 -4.066195e-02 -2.758847e-01 -6.017303e-03 -7.440797e-01 2.659550e-01 -1.803334e-01 9.410928e-02 -1.565561e-01 -2.562596e-01 -4.287749e-02 -1.726198e-01 6.255663e-02 1.017001e-01 -5.389125e-02 7.315089e-02 -1.762167e-02 3.372127e-01
<VARIANCE> 39
 5.299213e+01 5.111224e+01 2.152765e+01 1.871437e+01 3.370469e+01 3.734051e+01 1.749025e+01 2.142819e+01 2.809369e+01 2.458076e+01 1.369613e+01 2.100670e+01 5.228913e+01 1.850027e+00 1.248257e+00 1.784567e+00 1.584677e+00 1.729802e+00 1.872172e+00 2.122893e+00 2.034999e+00 2.109066e+00 1.886862e+00 1.263137e+00 1.649421e+00 1.554731e+00 2.912905e-01 3.172544e-01 2.859203e-01 3.841882e-01 3.422565e-01 4.102900e-01 3.813005e-01 3.935314e-01 4.203432e-01 3.881676e-01 2.697668e-01 3.585257e-01 3.114168e-01
<GCONST> 1.081061e+02
<TRANSP> 5
 0.000000e+00 1.000000e+00 0.000000e+00 0.000000e+00 0.000000e+00
 0.000000e+00 7.002749e-01 2.997251e-01 0.000000e+00 0.000000e+00
 0.000000e+00 0.000000e+00 9.310327e-01 6.896739e-02 0.000000e+00
 0.000000e+00 0.000000e+00 0.000000e+00 4.998229e-01 5.001771e-01
 0.000000e+00 0.000000e+00 0.000000e+00 0.000000e+00 0.000000e+00
<ENDHMM>
~h "sil"
<BEGINHMM>
<NUMSTATES> 5
<STATE> 2
<MEAN> 39
 -3.431071e+00 -3.709875e+00 4.672272e+00 1.296492e-01 -5.429955e+00 5.222276e+00 -4.665873e+00 1.691886e+00 1.343631e+00 -4.498262e+00 1.719694e+00 -2.593303e+00 3.309050e+01 4.835305e-01 -2.744933e-01 -4.358521e-01 -6.388095e-01 -6.010644e-01 -2.079751e-01 -8.189113e-02 -8.092830e-02 2.410687e-01 1.615408e-01 -1.746477e-02 -3.680228e-02 5.988481e-01 4.505651e-01 -3.157612e-01 2.360995e-01 -3.192446e-01 -3.305563e-01 1.095811e-01 -3.773530e-01 5.505204e-02 1.137307e-01 -9.582724e-02 1.090242e-01 -8.551388e-02 6.773611e-01
<VARIANCE> 39
 8.390093e+01 2.614542e+01 3.970589e+01 2.111831e+01 2.408728e+01 1.722207e+01 2.948271e+01 2.267881e+01 2.065079e+01 1.774834e+01 1.242315e+01 1.456987e+01 6.804411e+01 4.519148e+00 4.577762e+00 2.434097e+00 3.299958e+00 2.945818e+00 2.580866e+00 3.346747e+00 2.721296e+00 2.647252e+00 2.255715e+00 1.566465e+00 1.933233e+00 7.261034e+00 6.325782e-01 6.184188e-01 4.557895e-01 4.340270e-01 4.591570e-01 3.866336e-01 5.546312e-01 4.421763e-01 3.608027e-01 3.558825e-01 3.120498e-01 3.474894e-01 8.665781e-01
<GCONST> 1.180757e+02
<STATE> 3
<MEAN> 39
 1.044217e+01 -9.104928e+00 9.076137e+00 -7.326310e+00 -1.432997e+01 7.339922e+00 -1.058588e+01 1.638687e+00 4.255047e+00 -6.287852e+00 3.010422e+00 -4.966088e+00 5.059147e+01 -2.988124e-01 5.445629e-02 -1.585188e-01 9.471329e-02 2.113780e-01 5.013958e-02 1.794213e-01 8.685582e-02 2.967815e-02 3.257994e-02 -8.236367e-02 3.276948e-02 -3.551773e-01 -1.064753e-01 4.144166e-02 2.708122e-02 1.148721e-01 1.203897e-01 1.865030e-02 3.850284e-02 -5.926498e-03 -3.422229e-02 6.639223e-03 -6.566269e-03 1.530338e-02 -1.251556e-01
<VARIANCE> 39
 7.057015e+01 4.747009e+01 8.847372e+01 3.627935e+01 7.002357e+01 3.561178e+01 4.121453e+01 4.515717e+01 3.654145e+01 2.787188e+01 3.358154e+01 2.273729e+01 1.373201e+02 1.578296e+00 2.130717e+00 2.904358e+00 1.909735e+00 2.715092e+00 2.004383e+00 2.087979e+00 2.249830e+00 1.919744e+00 1.676533e+00 1.860760e+00 1.469093e+00 3.377073e+00 1.947453e-01 3.510257e-01 3.864312e-01 2.889885e-01 3.841439e-01 3.684791e-01 3.532270e-01 3.587082e-01 3.316400e-01 3.047791e-01 3.267645e-01 2.976586e-01 3.377806e-01
<GCONST> 1.166598e+02
<STATE> 4
<MEAN> 39
 -4.410334e+00 -3.299466e+00 5.583240e+00 4.671926e-01 -4.548809e+00 6.490860e+00 -4.381516e+00 2.256998e+00 1.411073e+00 -4.242079e+00 2.381656e+00 -2.661662e+00 3.220156e+01 -4.350455e-02 2.775658e-02 3.756632e-02 2.685112e-02 1.729289e-02 -1.364466e-02 -2.255729e-03 1.294180e-03 -3.315425e-03 1.438758e-02 1.003634e-02 8.615234e-03 -3.437035e-02 1.060918e-02 -2.435685e-03 -1.879290e-03 -4.734756e-03 -5.493334e-03 4.519119e-04 -2.710645e-04 -2.981596e-04 2.355444e-03 -3.277125e-03 1.600635e-03 2.796079e-04 9.308176e-03
<VARIANCE> 39
 6.365071e+00 9.909597e+00 1.159550e+01 1.033859e+01 1.125222e+01 1.300780e+01 1.346920e+01 1.496259e+01 1.572897e+01 1.591983e+01 1.439295e+01 1.299888e+01 3.292707e+00 2.006048e-01 4.062001e-01 5.720070e-01 7.312632e-01 9.464278e-01 1.108194e+00 1.180004e+00 1.344279e+00 1.395448e+00 1.344410e+00 1.372143e+00 1.261198e+00 6.105816e-02 3.843772e-02 8.185367e-02 1.140612e-01 1.441624e-01 1.937274e-01 2.279225e-01 2.414553e-01 2.745920e-01 2.829644e-01 2.689313e-01 2.869053e-01 2.595877e-01 1.232176e-02
<GCONST> 7.308595e+01
<TRANSP> 5
 0.000000e+00 1.000000e+00 0.000000e+00 0.000000e+00 0.000000e+00
 0.000000e+00 4.691653e-01 5.308347e-01 0.000000e+00 0.000000e+00
 0.000000e+00 0.000000e+00 8.528708e-01 1.471292e-01 0.000000e+00
 0.000000e+00 0.000000e+00 0.000000e+00 9.781609e-01 2.183907e-02
 0.000000e+00 0.000000e+00 0.000000e+00 0.000000e+00 0.000000e+00
<ENDHMM>
