~o
<STREAMINFO> 1 39
<VECSIZE> 39<NULLD><MFCC_D_A_0><DIAGC>
~h "a"
<BEGINHMM>
<NUMSTATES> 5
<STATE> 2
<MEAN> 39
 -8.133395e+00 -1.016251e+00 7.010322e-01 -3.025316e+00 5.733649e+00 -6.693711e+00 4.701231e+00 -9.175246e-01 2.798291e+00 -3.420961e+00 3.401519e+00 -7.963102e-01 7.258441e+01 -4.705808e-03 2.831752e-02 -2.381043e-02 2.398921e-02 4.026736e-02 2.929079e-03 1.072596e-02 7.067641e-03 8.489288e-03 2.046117e-02 3.286463e-02 3.822404e-02 -1.908329e-02 5.726915e-03 -1.884606e-03 -8.713797e-03 -8.398499e-03 -1.113760e-02 9.521493e-03 -1.638513e-03 -3.238918e-03 -6.339217e-03 -1.078753e-02 -1.768332e-02 -1.496232e-02 3.215543e-04
<VARIANCE> 39
 2.863391e+01 2.064492e+01 1.765711e+01 2.279604e+01 3.154994e+01 3.976195e+01 2.279041e+01 2.509972e+01 1.456474e+01 2.258597e+01 1.855426e+01 3.464948e+01 2.481036e+01 1.427176e+00 9.346614e-01 9.932213e-01 1.790983e+00 2.439177e+00 1.820897e+00 1.656040e+00 2.008596e+00 1.349858e+00 1.793006e+00 1.810276e+00 2.039774e+00 9.236904e-01 1.822894e-01 1.624616e-01 1.776686e-01 3.176837e-01 4.070005e-01 2.812737e-01 2.988440e-01 3.870744e-01 2.585460e-01 3.138619e-01 3.628529e-01 3.636465e-01 1.327341e-01
<GCONST> 1.014070e+02
<STATE> 3
<MEAN> 39
 -7.064347e+00 -2.327247e-01 1.713416e-01 -4.036036e+00 6.561151e+00 -4.139993e+00 2.728447e+00 -2.743280e+00 1.688468e+00 -1.184728e+00 2.967218e+00 -3.046170e+00 6.966190e+01 1.519577e-02 -1.764649e-03 1.146540e-02 -2.493460e-03 -3.822648e-02 3.967338e-02 6.845288e-03 -4.582075e-02 -5.295875e-03 6.238465e-03 -1.507295e-02 5.852166e-04 -1.519363e-02 -5.592051e-03 2.062335e-03 4.559846e-03 1.040284e-02 1.256380e-02 -1.813027e-02 -8.020693e-03 1.086474e-02 5.789840e-03 5.759996e-03 6.633111e-03 -2.035545e-03 -1.379113e-03
<VARIANCE> 39
 1.388379e+01 8.571009e+00 1.599463e+01 1.127254e+01 2.498282e+01 2.139852e+01 1.903513e+01 1.978329e+01 3.613362e+01 1.600918e+01 1.546417e+01 4.946333e+01 1.826205e+01 8.664176e-01 6.164195e-01 1.068438e+00 1.031437e+00 1.738153e+00 1.762200e+00 1.450433e+00 1.565306e+00 1.994467e+00 1.461383e+00 1.652505e+00 2.296225e+00 5.187000e-01 1.204341e-01 1.094730e-01 1.861358e-01 2.017823e-01 3.146197e-01 3.415019e-01 2.486746e-01 2.821434e-01 3.679667e-01 2.818065e-01 3.480457e-01 3.679260e-01 5.958391e-02
<GCONST> 9.328444e+01
<STATE> 4
<MEAN> 39
 -9.278813e+00 -6.990132e-01 -1.041438e+00 -4.013836e+00 4.730675e+00 -4.579369e+00 3.542781e+00 -3.808693e+00 3.462337e+00 -1.712192e+00 1.705470e+00 -4.138296e-01 6.849488e+01 -4.269916e-03 -2.529918e-02 -1.900426e-02 -8.657694e-03 7.495716e-03 -2.279148e-02 -9.714732e-03 3.711126e-03 -8.794842e-03 -2.538725e-02 -6.655975e-03 -1.710189e-02 1.342048e-02 6.269057e-04 -7.827892e-03 -8.334783e-03 -5.235538e-03 -4.407120e-03 7.832983e-03 -3.127116e-04 -8.592992e-03 2.176872e-03 -3.626672e-03 -3.091502e-03 6.571618e-03 -1.591250e-04
<VARIANCE> 39
 5.532101e+00 9.001157e+00 9.254997e+00 9.129333e+00 9.931446e+00 1.385479e+01 2.234644e+01 2.353917e+01 2.007483e+01 1.531425e+01 1.506717e+01 1.374379e+01 4.794065e+00 3.984940e-01 4.889665e-01 7.803048e-01 9.095069e-01 9.140512e-01 1.179654e+00 1.759052e+00 1.683727e+00 1.796395e+00 1.528418e+00 2.013875e+00 1.390326e+00 2.569445e-01 7.587519e-02 8.358118e-02 1.598877e-01 2.013648e-01 1.734998e-01 2.430665e-01 3.642073e-01 3.261797e-01 3.306983e-01 3.078230e-01 4.439030e-01 2.711816e-01 4.445766e-02
<GCONST> 8.239562e+01
<TRANSP> 5
 0.000000e+00 1.000000e+00 0.000000e+00 0.000000e+00 0.000000e+00
 0.000000e+00 9.960630e-01 3.937007e-03 0.000000e+00 0.000000e+00
 0.000000e+00 0.000000e+00 9.960938e-01 3.906250e-03 0.000000e+00
 0.000000e+00 0.000000e+00 0.000000e+00 9.961390e-01 3.861004e-03
 0.000000e+00 0.000000e+00 0.000000e+00 0.000000e+00 0.000000e+00
<ENDHMM>
