~o
<STREAMINFO> 1 39
<VECSIZE> 39<NULLD><MFCC_D_A_0><DIAGC>
~h "NNN"
<BEGINHMM>
<NUMSTATES> 5
<STATE> 2
<MEAN> 39
 -8.143637e+00 -1.000076e+00 6.793829e-01 -2.998900e+00 5.703518e+00 -6.661015e+00 4.666833e+00 -8.821418e-01 2.762897e+00 -3.386838e+00 3.369683e+00 -7.671736e-01 7.258842e+01 -4.733419e-03 2.836049e-02 -2.386576e-02 2.405122e-02 4.020781e-02 2.982557e-03 1.067918e-02 7.108306e-03 8.462239e-03 2.048399e-02 3.286199e-02 3.818223e-02 -1.907189e-02 5.745798e-03 -1.913207e-03 -8.671716e-03 -8.456540e-03 -1.106731e-02 9.441029e-03 -1.558810e-03 -3.317597e-03 -6.267171e-03 -1.085288e-02 -1.763177e-02 -1.499513e-02 3.146203e-04
<VARIANCE> 39
 2.860330e+01 2.063740e+01 1.766531e+01 2.278050e+01 3.153179e+01 3.984965e+01 2.283326e+01 2.501419e+01 1.451117e+01 2.265338e+01 1.854744e+01 3.463287e+01 2.479269e+01 1.426029e+00 9.358941e-01 9.893831e-01 1.792698e+00 2.440341e+00 1.822324e+00 1.657574e+00 2.005703e+00 1.346649e+00 1.796977e+00 1.813377e+00 2.034766e+00 9.229010e-01 1.820817e-01 1.628045e-01 1.770714e-01 3.177913e-01 4.073930e-01 2.815577e-01 2.990261e-01 3.866303e-01 2.584961e-01 3.145466e-01 3.637195e-01 3.623111e-01 1.325701e-01
<GCONST> 1.013986e+02
<STATE> 3
<MEAN> 39
 -7.078957e+00 -2.098937e-01 1.413429e-01 -4.000274e+00 6.521208e+00 -4.097033e+00 2.683730e+00 -2.698345e+00 1.644429e+00 -1.142429e+00 2.927201e+00 -3.009032e+00 6.966760e+01 1.511853e-02 -1.636773e-03 1.129540e-02 -2.274553e-03 -3.847557e-02 3.996099e-02 6.546911e-03 -4.555074e-02 -5.507154e-03 6.373239e-03 -1.515471e-02 6.514154e-04 -1.516097e-02 -5.582911e-03 2.045851e-03 4.586727e-03 1.037882e-02 1.258132e-02 -1.813728e-02 -8.022172e-03 1.087662e-02 5.766895e-03 5.804182e-03 6.569538e-03 -1.960837e-03 -1.381522e-03
<VARIANCE> 39
 1.387254e+01 8.548546e+00 1.596497e+01 1.125260e+01 2.510749e+01 2.144318e+01 1.910139e+01 1.974250e+01 3.620945e+01 1.598521e+01 1.537734e+01 4.955350e+01 1.824418e+01 8.651689e-01 6.160458e-01 1.070751e+00 1.030684e+00 1.738766e+00 1.764513e+00 1.450009e+00 1.560040e+00 1.993621e+00 1.464052e+00 1.644594e+00 2.295835e+00 5.187616e-01 1.202598e-01 1.092589e-01 1.868574e-01 2.015487e-01 3.147160e-01 3.416609e-01 2.488822e-01 2.812743e-01 3.679757e-01 2.829341e-01 3.458929e-01 3.686511e-01 5.960523e-02
<GCONST> 9.327353e+01
<STATE> 4
<MEAN> 39
 -9.293660e+00 -6.758713e-01 -1.071821e+00 -3.977254e+00 4.688914e+00 -4.533979e+00 3.496357e+00 -3.763638e+00 3.419910e+00 -1.672617e+00 1.668709e+00 -3.803088e-01 6.850072e+01 -4.361953e-03 -2.516004e-02 -1.917637e-02 -8.463923e-03 7.281749e-03 -2.258050e-02 -9.908395e-03 3.876297e-03 -8.952748e-03 -2.523026e-02 -6.808023e-03 -1.698041e-02 1.345488e-02 5.351415e-04 -7.679662e-03 -8.530268e-03 -5.003499e-03 -4.660948e-03 8.094098e-03 -5.674001e-04 -8.360159e-03 1.984069e-03 -3.475695e-03 -3.199542e-03 6.636319e-03 -1.237044e-04
<VARIANCE> 39
 5.500934e+00 8.973115e+00 9.224581e+00 9.091056e+00 9.965504e+00 1.382840e+01 2.247111e+01 2.358776e+01 2.004580e+01 1.543553e+01 1.505090e+01 1.369725e+01 4.779811e+00 3.957399e-01 4.883730e-01 7.817754e-01 9.024621e-01 9.172012e-01 1.173193e+00 1.769473e+00 1.679896e+00 1.793568e+00 1.540441e+00 2.011053e+00 1.385246e+00 2.560501e-01 7.529701e-02 8.359602e-02 1.600903e-01 1.996602e-01 1.739684e-01 2.417647e-01 3.665441e-01 3.256942e-01 3.301290e-01 3.103334e-01 4.437654e-01 2.699074e-01 4.427585e-02
<GCONST> 8.235754e+01
<TRANSP> 5
 0.000000e+00 1.000000e+00 0.000000e+00 0.000000e+00 0.000000e+00
 0.000000e+00 9.960630e-01 3.937007e-03 0.000000e+00 0.000000e+00
 0.000000e+00 0.000000e+00 9.960938e-01 3.906250e-03 0.000000e+00
 0.000000e+00 0.000000e+00 0.000000e+00 9.961390e-01 3.861004e-03
 0.000000e+00 0.000000e+00 0.000000e+00 0.000000e+00 0.000000e+00
<ENDHMM>
