~o
<STREAMINFO> 1 39
<VECSIZE> 39<NULLD><MFCC_D_A_0><DIAGC>
~h "d"
<BEGINHMM>
<NUMSTATES> 5
<STATE> 2
<MEAN> 39
 -2.875503e+00 -7.539959e+00 4.535194e+00 -2.842088e+00 -1.024470e+01 6.243333e+00 -6.504687e+00 3.193704e-01 4.736932e+00 -4.064927e+00 3.018948e+00 -6.692792e-01 3.523569e+01 1.898663e+00 -1.138672e-05 2.663020e-01 -1.040639e+00 -8.825938e-01 -2.895686e-01 -1.348991e+00 -1.590991e-01 4.970348e-01 -8.074922e-02 2.594859e-01 -1.877696e-02 1.804590e+00 4.513042e-01 -2.732722e-01 2.124875e-01 -2.350146e-01 -1.215183e-01 1.301555e-01 -3.938431e-01 6.128477e-02 8.821079e-02 -1.964972e-02 1.096474e-01 -1.862356e-01 6.462041e-01
<VARIANCE> 39
 6.452648e+01 6.353837e+01 2.202117e+01 2.475163e+01 5.450908e+01 3.349047e+01 2.484321e+01 2.074257e+01 1.936516e+01 2.280750e+01 1.371609e+01 1.368783e+01 6.076825e+01 9.164113e+00 8.171552e+00 2.817204e+00 2.126102e+00 2.834066e+00 3.407593e+00 2.905242e+00 1.923479e+00 2.719337e+00 2.405863e+00 1.754531e+00 2.172004e+00 6.122197e+00 9.439987e-01 7.805015e-01 5.251012e-01 4.079526e-01 5.065607e-01 4.928086e-01 4.747753e-01 3.263138e-01 5.056026e-01 4.798049e-01 2.252789e-01 3.389707e-01 7.598109e-01
<GCONST> 1.212442e+02
<STATE> 3
<MEAN> 39
 1.142682e+01 -1.151459e+01 7.982744e+00 -8.587763e+00 -1.422263e+01 8.140202e+00 -1.405790e+01 2.781360e+00 1.034792e+01 -4.285435e+00 3.545357e+00 -3.005491e+00 5.203018e+01 1.321028e-01 2.525015e-01 1.245695e-01 9.223903e-02 1.253484e-01 -1.184735e-01 -5.402324e-02 7.953686e-02 -6.085710e-02 9.433731e-03 -2.417797e-02 -8.879828e-02 5.217222e-02 -1.080213e-01 4.608397e-02 1.286570e-03 8.483174e-02 6.668132e-02 1.036981e-02 7.801444e-02 -2.007997e-02 -5.591279e-02 -1.503207e-02 -2.676201e-02 -3.054932e-03 -1.332545e-01
<VARIANCE> 39
 6.603612e+01 6.251223e+01 3.044770e+01 2.193589e+01 2.032352e+01 2.699123e+01 3.360479e+01 2.473379e+01 3.810363e+01 2.422507e+01 1.961265e+01 1.980142e+01 9.282150e+01 3.686264e+00 4.129477e+00 2.886264e+00 2.086793e+00 1.628216e+00 2.455597e+00 3.100274e+00 2.141436e+00 2.818455e+00 1.906736e+00 1.945192e+00 1.734001e+00 5.877839e+00 5.409127e-01 7.611052e-01 4.814188e-01 3.391879e-01 3.086881e-01 5.026919e-01 5.450612e-01 4.094285e-01 5.105051e-01 3.648911e-01 3.841331e-01 3.314359e-01 6.042752e-01
<GCONST> 1.190150e+02
<STATE> 4
<MEAN> 39
 -1.129571e+01 -8.771382e+00 6.163731e+00 3.664862e+00 -4.954533e+00 4.435125e+00 -6.704717e+00 -1.801409e+00 -1.697997e+00 -5.727944e+00 1.523659e+00 -2.441474e+00 2.915562e+01 -5.565475e-02 2.606959e-02 6.777427e-02 7.321759e-02 5.993022e-02 2.913449e-02 -8.769352e-03 -1.122724e-02 -7.553857e-02 -7.379397e-02 -3.505918e-02 -2.700373e-02 -6.359519e-02 3.140704e-02 -1.573399e-02 1.386339e-02 -1.718160e-02 -2.550668e-02 1.434654e-02 -5.571189e-03 -3.180659e-04 2.109138e-02 1.274046e-02 2.019292e-03 -1.966198e-03 2.937878e-02
<VARIANCE> 39
 3.369234e+01 2.342634e+01 1.501756e+01 1.042918e+01 1.173058e+01 1.058912e+01 1.391151e+01 1.495314e+01 1.602117e+01 1.671055e+01 1.234922e+01 9.536868e+00 2.042869e+01 6.175673e-01 7.303111e-01 1.162865e+00 9.109227e-01 1.198070e+00 1.204469e+00 1.503436e+00 1.305892e+00 1.576726e+00 1.894055e+00 1.470178e+00 1.073097e+00 4.842551e-01 9.121475e-02 1.420807e-01 2.181959e-01 1.478109e-01 2.313077e-01 2.340592e-01 2.927671e-01 2.644811e-01 3.093896e-01 3.983562e-01 3.088706e-01 2.089534e-01 5.190551e-02
<GCONST> 8.701804e+01
<TRANSP> 5
 0.000000e+00 1.000000e+00 0.000000e+00 0.000000e+00 0.000000e+00
 0.000000e+00 3.876490e-01 6.123509e-01 0.000000e+00 0.000000e+00
 0.000000e+00 0.000000e+00 9.378198e-01 6.218019e-02 0.000000e+00
 0.000000e+00 0.000000e+00 0.000000e+00 9.020414e-01 9.795854e-02
 0.000000e+00 0.000000e+00 0.000000e+00 0.000000e+00 0.000000e+00
<ENDHMM>
~h "f"
<BEGINHMM>
<NUMSTATES> 5
<STATE> 2
<MEAN> 39
 -1.589527e+01 -3.419060e+00 -4.454029e-01 -1.845417e-01 -1.707745e+00 2.828482e+00 -1.638324e+00 2.186363e+00 8.668796e-01 -1.261656e+00 5.553437e-01 -3.095018e-01 2.264074e+01 6.552352e-01 1.220878e-01 3.196782e-01 9.243278e-02 -4.837857e-02 1.669198e-01 -9.561615e-02 -2.638878e-02 1.211427e-01 -1.455385e-01 8.862266e-02 -3.395918e-02 4.847178e-01 1.160298e-01 -4.650471e-02 7.244295e-02 -4.458632e-02 -9.428195e-02 4.812025e-03 -9.466533e-02 3.535716e-02 3.249574e-03 4.261395e-03 6.709557e-03 -5.012139e-02 1.190419e-01
<VARIANCE> 39
 8.939538e+01 4.842006e+01 3.616105e+01 8.624925e+00 1.728861e+01 2.429799e+01 3.051644e+01 1.140836e+01 8.759593e+00 1.698766e+01 1.148852e+01 1.019406e+01 1.084471e+02 8.445271e+00 6.451861e+00 3.547549e+00 1.476850e+00 2.044826e+00 2.360368e+00 3.476716e+00 1.644793e+00 8.972737e-01 1.850689e+00 1.323726e+00 1.435140e+00 1.126595e+01 1.403787e+00 1.165634e+00 5.605050e-01 2.520092e-01 3.273818e-01 4.351730e-01 5.953689e-01 2.992643e-01 1.629589e-01 3.680208e-01 2.237336e-01 2.568554e-01 1.869484e+00
<GCONST> 1.144974e+02
<STATE> 3
<MEAN> 39
 1.023555e+01 -9.625861e+00 8.420986e+00 -6.735748e+00 -1.146620e+01 8.402446e+00 -1.348901e+01 1.480097e+00 8.044402e+00 -4.396556e+00 3.573680e+00 -3.305463e+00 5.003328e+01 -5.316136e-02 2.646008e-01 -3.917042e-02 9.892451e-02 2.670255e-02 -1.458537e-01 1.179098e-01 -5.177057e-02 -4.004538e-02 7.377704e-02 4.713450e-03 5.762878e-02 -1.966446e-01 -1.049767e-01 6.281904e-02 -5.965248e-02 2.236110e-02 4.064867e-02 -2.993121e-02 3.604067e-02 -2.847800e-02 -1.936312e-02 3.822062e-02 -2.311069e-02 1.117281e-02 -1.063341e-01
<VARIANCE> 39
 7.331824e+01 4.181756e+01 3.763005e+01 3.777421e+01 2.509533e+01 1.732759e+01 4.700857e+01 2.852944e+01 5.112546e+01 2.038750e+01 2.221924e+01 2.084261e+01 1.261472e+02 3.386832e+00 4.090370e+00 3.230057e+00 2.207973e+00 1.583771e+00 2.346127e+00 3.262857e+00 2.503055e+00 2.742384e+00 2.295292e+00 2.054619e+00 2.093258e+00 6.579347e+00 6.329391e-01 5.594054e-01 6.089903e-01 3.562293e-01 3.012258e-01 5.205359e-01 4.741236e-01 4.841860e-01 5.016173e-01 4.205110e-01 3.545970e-01 3.348778e-01 8.483027e-01
<GCONST> 1.216116e+02
<STATE> 4
<MEAN> 39
 -8.195457e-01 -5.173062e+00 7.728519e+00 -9.825348e-01 -7.092237e+00 6.669390e+00 -7.267311e+00 1.396141e+00 2.201177e+00 -4.996680e+00 2.682879e+00 -3.081756e+00 3.722339e+01 -6.534112e-03 3.581219e-03 -3.236621e-03 1.092750e-03 1.889822e-03 -3.489357e-03 3.516136e-03 2.793494e-04 6.694367e-05 2.952913e-03 -1.045358e-03 2.430103e-04 -7.143300e-03 6.969837e-04 -2.048812e-03 5.668770e-04 -7.080589e-04 -5.335921e-04 6.099225e-04 -5.906558e-04 3.308878e-04 6.591374e-04 -2.585197e-04 6.194895e-04 8.877527e-05 1.591041e-03
<VARIANCE> 39
 8.452620e+01 3.844359e+01 3.661742e+01 3.665541e+01 4.633584e+01 2.220748e+01 3.469213e+01 2.464083e+01 3.005584e+01 2.017683e+01 1.793841e+01 1.570727e+01 1.159558e+02 1.138463e+00 1.694306e+00 1.704685e+00 1.438338e+00 1.802351e+00 1.657224e+00 1.828529e+00 1.767390e+00 1.741985e+00 1.665447e+00 1.575177e+00 1.376820e+00 1.640859e+00 1.743613e-01 2.942243e-01 2.810203e-01 2.546824e-01 3.261101e-01 3.261748e-01 3.450722e-01 3.319696e-01 3.253071e-01 3.271244e-01 3.128248e-01 2.764263e-01 2.016523e-01
<GCONST> 1.073060e+02
<TRANSP> 5
 0.000000e+00 1.000000e+00 0.000000e+00 0.000000e+00 0.000000e+00
 0.000000e+00 9.225909e-01 7.740918e-02 0.000000e+00 0.000000e+00
 0.000000e+00 0.000000e+00 7.966805e-01 2.033195e-01 0.000000e+00
 0.000000e+00 0.000000e+00 0.000000e+00 9.982890e-01 1.711013e-03
 0.000000e+00 0.000000e+00 0.000000e+00 0.000000e+00 0.000000e+00
<ENDHMM>
~h "g"
<BEGINHMM>
<NUMSTATES> 5
<STATE> 2
<MEAN> 39
 4.195476e-01 -6.187477e+00 3.881671e+00 -2.707716e+00 -7.461007e+00 5.581522e+00 -6.391063e+00 1.864461e+00 2.718646e+00 -5.104056e+00 1.719016e+00 -3.359375e+00 3.841084e+01 1.063087e+00 -8.305610e-01 -2.928482e-01 -8.017855e-01 -4.017982e-01 3.233815e-01 -4.139982e-01 3.932888e-01 3.502739e-01 -3.437972e-01 -8.864545e-02 -4.273745e-01 1.405284e+00 4.460668e-01 -5.960974e-01 1.517273e-01 -1.175182e-01 -7.950781e-02 3.736129e-01 -3.111229e-01 6.210144e-02 1.473757e-01 -1.371231e-01 8.985308e-02 -1.296586e-01 6.995220e-01
<VARIANCE> 39
 7.956920e+01 5.355139e+01 3.736759e+01 4.423980e+01 5.979436e+01 2.752928e+01 2.498103e+01 3.026315e+01 3.322230e+01 1.837964e+01 1.357011e+01 1.759019e+01 1.256174e+02 6.595008e+00 7.616759e+00 3.116988e+00 3.037893e+00 3.537452e+00 2.802155e+00 2.589229e+00 2.151921e+00 2.894783e+00 3.081894e+00 1.808607e+00 2.056133e+00 1.137535e+01 7.187928e-01 7.433085e-01 3.935783e-01 5.046633e-01 3.990540e-01 3.111357e-01 3.277788e-01 3.664082e-01 2.990028e-01 3.772331e-01 3.388758e-01 3.985413e-01 1.113020e+00
<GCONST> 1.237856e+02
<STATE> 3
<MEAN> 39
 1.330578e+01 -1.203976e+01 7.298334e+00 -5.964725e+00 -7.828329e+00 1.141172e+01 -1.339524e+01 8.491864e-01 3.751848e+00 -7.159542e+00 3.053688e+00 -6.841978e+00 5.394278e+01 -4.205006e-01 7.806109e-01 3.975431e-01 4.846726e-01 3.178740e-01 7.640236e-02 1.690615e-01 -2.805733e-01 -3.785447e-01 3.930143e-02 2.124851e-01 1.465223e-01 -8.915364e-01 -1.737180e-01 1.036047e-01 -3.350129e-02 1.024201e-01 8.542297e-03 -1.103802e-01 8.751941e-02 -3.023447e-02 -5.061231e-02 5.433915e-02 -1.670872e-02 5.724576e-02 -2.282156e-01
<VARIANCE> 39
 5.433551e+01 7.683463e+01 4.689695e+01 2.797828e+01 2.889338e+01 3.269672e+01 3.950752e+01 5.426020e+01 4.666752e+01 2.187442e+01 3.779036e+01 2.345010e+01 1.081425e+02 1.569585e+00 2.532847e+00 2.337130e+00 1.295089e+00 1.580033e+00 2.143263e+00 3.050461e+00 3.094781e+00 2.143611e+00 1.680271e+00 2.149210e+00 1.799303e+00 2.675915e+00 2.049898e-01 5.002612e-01 3.557208e-01 2.183225e-01 2.680657e-01 3.222953e-01 5.054139e-01 4.433552e-01 3.216583e-01 3.020258e-01 3.159707e-01 3.531374e-01 3.631032e-01
<GCONST> 1.153691e+02
<STATE> 4
<MEAN> 39
 -5.355874e+00 -2.719889e+00 7.264530e+00 1.116803e+00 -5.164818e+00 5.368854e+00 -5.355470e+00 1.841465e+00 1.469574e+00 -3.984425e+00 2.774679e+00 -2.249990e+00 3.156460e+01 -9.317286e-02 2.613385e-03 2.445093e-02 6.771191e-02 5.242379e-02 2.709099e-04 1.026478e-02 8.442756e-04 3.460035e-03 1.143731e-03 -2.895747e-02 8.224780e-03 -7.889867e-02 2.982765e-02 -2.174403e-02 -2.728299e-02 -2.863300e-02 -2.620948e-02 -1.370764e-02 -1.575785e-02 -9.031977e-03 4.469904e-03 8.739858e-03 2.510248e-03 -2.263293e-03 3.138983e-02
<VARIANCE> 39
 1.158319e+01 9.689079e+00 1.223997e+01 1.474674e+01 1.366597e+01 1.279531e+01 1.418164e+01 1.459491e+01 1.571079e+01 1.625149e+01 1.351067e+01 1.225278e+01 6.892940e+00 3.336219e-01 5.973247e-01 7.417581e-01 9.305354e-01 8.286158e-01 1.140139e+00 1.370857e+00 1.397708e+00 1.340138e+00 1.324141e+00 1.394524e+00 1.248986e+00 1.785137e-01 6.110166e-02 1.329059e-01 1.528224e-01 1.855850e-01 1.648852e-01 2.292551e-01 2.801929e-01 2.818071e-01 2.802288e-01 2.686731e-01 2.914936e-01 2.624806e-01 2.685830e-02
<GCONST> 7.972313e+01
<TRANSP> 5
 0.000000e+00 1.000000e+00 0.000000e+00 0.000000e+00 0.000000e+00
 0.000000e+00 4.450902e-01 5.549098e-01 0.000000e+00 0.000000e+00
 0.000000e+00 0.000000e+00 8.477160e-01 1.522840e-01 0.000000e+00
 0.000000e+00 0.000000e+00 0.000000e+00 9.304584e-01 6.954154e-02
 0.000000e+00 0.000000e+00 0.000000e+00 0.000000e+00 0.000000e+00
<ENDHMM>
~h "m"
<BEGINHMM>
<NUMSTATES> 5
<STATE> 2
<MEAN> 39
 -2.759235e+00 -3.743124e+00 4.864607e+00 -1.459557e+00 -6.468896e+00 5.728577e+00 -5.359102e+00 1.786584e+00 2.626312e+00 -3.994012e+00 1.588335e+00 -2.541977e+00 3.368158e+01 3.902918e-01 -8.958399e-01 -5.716757e-01 -6.830977e-01 -6.523196e-01 -1.656334e-01 1.322840e-04 4.255071e-02 -2.305134e-01 -2.780342e-01 4.653611e-01 3.422253e-01 7.292530e-01 7.250733e-01 -3.288075e-01 4.277085e-01 -1.822308e-01 -4.961284e-01 1.098179e-01 -3.660035e-01 -2.781358e-03 6.010797e-02 -2.321962e-01 2.753376e-01 4.449889e-02 8.798490e-01
<VARIANCE> 39
 4.938670e+01 1.706971e+01 3.956777e+01 2.720523e+01 2.760332e+01 2.655762e+01 3.226941e+01 1.750896e+01 2.590946e+01 1.950646e+01 1.761963e+01 1.846937e+01 3.324515e+01 5.495817e+00 3.809449e+00 2.820531e+00 2.989948e+00 4.748765e+00 1.324847e+00 2.725078e+00 3.087900e+00 3.165592e+00 2.003332e+00 2.618000e+00 1.837704e+00 6.435169e+00 6.324684e-01 5.451466e-01 6.792939e-01 3.935119e-01 6.120749e-01 2.158902e-01 5.037474e-01 3.949427e-01 3.274997e-01 3.728967e-01 3.130494e-01 3.200703e-01 6.711437e-01
<GCONST> 1.174419e+02
<STATE> 3
<MEAN> 39
 1.296154e+01 -9.373472e+00 1.153230e+01 -5.987463e+00 -1.423165e+01 6.205292e+00 -1.367817e+01 1.463208e+00 4.828529e+00 -6.797139e+00 3.145711e+00 -5.065512e+00 5.323543e+01 -1.566494e-01 1.613976e-01 -7.691375e-03 1.361606e-01 2.139984e-01 1.395117e-02 8.696189e-02 6.968875e-02 -5.756357e-03 2.452248e-02 -3.282862e-02 -2.991596e-02 -2.101157e-01 -1.164394e-01 3.611467e-02 -5.046385e-02 4.921944e-02 8.514407e-02 6.341084e-03 5.104633e-02 -1.201086e-02 -2.496234e-02 1.416501e-02 -4.423552e-02 -1.324772e-02 -1.355568e-01
<VARIANCE> 39
 4.326923e+01 5.965811e+01 8.697329e+01 3.048588e+01 7.185800e+01 3.114345e+01 3.168775e+01 4.871954e+01 3.414688e+01 2.696835e+01 2.810346e+01 1.906518e+01 8.771021e+01 2.007368e+00 3.244061e+00 4.159076e+00 2.147435e+00 3.430738e+00 2.050710e+00 2.453530e+00 2.510741e+00 2.090705e+00 1.956827e+00 2.075041e+00 1.318488e+00 4.051428e+00 2.097660e-01 5.137134e-01 5.094380e-01 3.476230e-01 4.624940e-01 3.870356e-01 4.172614e-01 3.800785e-01 3.435946e-01 3.072271e-01 3.641495e-01 2.504435e-01 3.717744e-01
<GCONST> 1.185478e+02
<STATE> 4
<MEAN> 39
 -5.110348e+00 -3.036867e+00 6.483873e+00 1.801003e+00 -3.120802e+00 7.514892e+00 -3.734865e+00 2.165943e+00 5.188809e-01 -4.674728e+00 2.376284e+00 -2.339438e+00 3.169520e+01 -5.229430e-02 2.417444e-03 2.530881e-02 3.785968e-02 1.131799e-02 -1.883828e-02 -1.925198e-02 -4.094523e-02 -2.321596e-02 2.228158e-02 3.613712e-03 1.811896e-03 -3.590216e-02 2.132356e-02 -1.489315e-02 -8.514626e-03 -2.124020e-02 -1.581500e-02 5.534869e-03 -9.362210e-03 -9.620952e-03 2.942159e-03 -3.271599e-03 -2.659017e-03 3.279427e-03 2.310106e-02
<VARIANCE> 39
 6.359904e+00 7.664796e+00 1.602874e+01 1.353794e+01 1.198870e+01 1.775675e+01 1.750982e+01 1.484514e+01 1.491079e+01 1.712298e+01 1.452233e+01 1.269289e+01 2.948266e+00 3.093480e-01 5.811296e-01 6.228684e-01 8.386272e-01 1.018830e+00 1.227278e+00 1.281777e+00 1.558256e+00 1.504558e+00 1.461061e+00 1.512397e+00 1.297478e+00 1.097330e-01 6.203957e-02 1.237901e-01 1.241370e-01 1.741658e-01 2.119730e-01 2.500824e-01 2.510922e-01 3.220634e-01 3.104559e-01 3.051172e-01 3.298315e-01 2.763591e-01 2.368100e-02
<GCONST> 7.885667e+01
<TRANSP> 5
 0.000000e+00 1.000000e+00 0.000000e+00 0.000000e+00 0.000000e+00
 0.000000e+00 4.183136e-01 5.816864e-01 0.000000e+00 0.000000e+00
 0.000000e+00 0.000000e+00 9.094347e-01 9.056529e-02 0.000000e+00
 0.000000e+00 0.000000e+00 0.000000e+00 9.691713e-01 3.082871e-02
 0.000000e+00 0.000000e+00 0.000000e+00 0.000000e+00 0.000000e+00
<ENDHMM>
~h "n"
<BEGINHMM>
<NUMSTATES> 5
<STATE> 2
<MEAN> 39
 1.025340e+00 -4.072807e+00 2.679781e+00 -6.022956e+00 -1.097466e+01 5.146123e+00 -5.321211e+00 2.347275e+00 8.035392e+00 -1.948406e+00 9.990608e-01 -3.358395e+00 3.662490e+01 7.413867e-01 -9.244124e-01 -4.302253e-01 -9.177192e-01 -8.118544e-01 5.476756e-01 3.882387e-01 -7.634932e-01 -1.277883e+00 -9.961875e-01 6.426264e-01 1.464748e+00 1.124709e+00 1.149355e+00 -4.395136e-01 7.283098e-01 -5.573632e-01 -9.144626e-01 6.606416e-02 -6.754639e-01 1.053724e-01 -1.963514e-01 -1.015003e-01 6.413254e-01 -2.968750e-02 1.353017e+00
<VARIANCE> 39
 4.758290e+00 1.324496e+01 2.400866e+01 2.541689e+01 7.977573e+00 7.544470e+00 2.577444e+01 1.217079e+01 4.250338e+00 2.188315e+01 1.835641e+01 1.279899e+01 4.638371e+00 3.450834e+00 1.710852e+00 1.879270e+00 2.814328e+00 2.891050e+00 1.197873e+00 1.131897e+00 1.464803e+00 9.828815e-01 4.115176e+00 1.248843e+00 6.332865e-01 3.838758e+00 4.424676e-01 4.345573e-01 1.062705e+00 4.142830e-01 4.776580e-01 2.068779e-01 3.226594e-01 2.947085e-01 2.689340e-01 6.651886e-01 4.302495e-01 3.262127e-01 4.980391e-01
<GCONST> 9.978552e+01
<STATE> 3
<MEAN> 39
 1.479619e+01 -1.421496e+01 7.146919e+00 -1.489099e+01 -1.862211e+01 9.442450e+00 -1.239000e+01 2.634924e-01 4.644352e+00 -4.397276e+00 5.892498e+00 -7.421101e+00 6.155281e+01 2.210322e-01 4.240135e-02 2.820911e-01 -4.183312e-02 -1.092568e-02 5.886032e-02 -2.893192e-01 -1.027611e-01 -5.546006e-02 -1.028439e-01 9.478865e-02 -3.627265e-02 2.895474e-01 -7.250435e-02 4.740777e-02 -1.747098e-02 6.254066e-02 4.006075e-02 -5.312237e-02 4.612296e-02 4.827482e-02 5.584678e-03 4.164251e-02 3.998133e-03 3.049824e-03 -1.006094e-01
<VARIANCE> 39
 1.258224e+01 5.432668e+01 1.180400e+02 4.209615e+01 4.579009e+01 2.822618e+01 3.704383e+01 3.480613e+01 3.174594e+01 2.123398e+01 1.975957e+01 1.913572e+01 5.364304e+01 1.335295e+00 2.989420e+00 3.724870e+00 1.845871e+00 2.852946e+00 1.768309e+00 2.484814e+00 2.349099e+00 2.027444e+00 1.205757e+00 1.360311e+00 1.368011e+00 3.426966e+00 2.065753e-01 4.224456e-01 3.804528e-01 3.110075e-01 4.555946e-01 3.452857e-01 4.111885e-01 3.296308e-01 2.763499e-01 2.391606e-01 2.757658e-01 2.411618e-01 2.871721e-01
<GCONST> 1.118181e+02
<STATE> 4
<MEAN> 39
 1.233739e+01 -2.432686e+00 1.775499e+01 -4.492735e+00 -1.363014e+01 5.448887e+00 -1.605727e+01 -1.297065e+00 -9.389818e-01 -1.042290e+01 4.652467e+00 -6.362858e+00 4.979704e+01 -7.760926e-01 3.516153e-01 -1.564979e-01 9.902205e-01 6.791703e-01 -1.274691e-01 7.055107e-01 -3.239766e-02 -4.283910e-01 1.398149e-03 -3.050427e-01 -9.863678e-02 -1.115185e+00 -1.154514e-01 -9.557483e-02 -2.433341e-01 -1.466184e-01 3.896620e-02 9.987188e-02 8.668846e-02 2.575258e-02 1.368188e-01 8.043069e-02 3.951607e-02 5.186250e-02 -8.689585e-02
<VARIANCE> 39
 1.912866e+01 4.952499e+00 1.356024e+01 3.882328e+01 3.409241e+01 1.302864e+01 1.596392e+01 6.650757e+00 8.261532e+00 1.620170e+01 1.842373e+01 1.572905e+01 3.393847e+01 4.924485e-01 4.869395e-01 2.371615e+00 1.018976e+00 1.327001e+00 1.789526e+00 1.710401e+00 9.245088e-01 1.090204e+00 1.487930e+00 1.879305e+00 1.788740e+00 5.766687e-01 2.278366e-02 7.541618e-02 2.078890e-01 1.281100e-01 2.379031e-01 3.485087e-01 2.952938e-01 3.152153e-01 1.840247e-01 2.370913e-01 3.529419e-01 3.182780e-01 4.344198e-02
<GCONST> 8.595840e+01
<TRANSP> 5
 0.000000e+00 1.000000e+00 0.000000e+00 0.000000e+00 0.000000e+00
 0.000000e+00 5.457181e-01 4.542818e-01 0.000000e+00 0.000000e+00
 0.000000e+00 0.000000e+00 9.643695e-01 3.563048e-02 0.000000e+00
 0.000000e+00 0.000000e+00 0.000000e+00 8.921816e-01 1.078185e-01
 0.000000e+00 0.000000e+00 0.000000e+00 0.000000e+00 0.000000e+00
<ENDHMM>
~h "p"
<BEGINHMM>
<NUMSTATES> 5
<STATE> 2
<MEAN> 39
 -2.763526e+00 -4.517844e+00 4.553761e+00 -8.456273e-01 -5.108443e+00 7.161206e+00 -5.389759e+00 4.391187e-01 5.956276e-01 -5.066893e+00 1.851033e+00 -1.597526e+00 3.421973e+01 1.880750e+00 -1.808893e+00 -5.786726e-01 -1.575973e+00 -1.400763e+00 6.634215e-01 -8.295296e-01 -6.413639e-01 3.961478e-01 -4.861715e-01 7.300442e-02 1.261881e-01 2.342742e+00 7.955055e-01 -2.865550e-01 5.345259e-01 -2.886942e-01 -6.438909e-01 2.035061e-02 -4.009463e-01 -7.886579e-03 2.282514e-01 -1.156879e-01 1.834013e-01 -1.169330e-01 9.683698e-01
<VARIANCE> 39
 3.616463e+01 2.096628e+01 3.162467e+01 2.673827e+01 3.103491e+01 2.803238e+01 2.016292e+01 1.787841e+01 1.846433e+01 1.826173e+01 1.657154e+01 1.483802e+01 3.377391e+01 5.386947e+00 4.345177e+00 4.168544e+00 3.272962e+00 6.191758e+00 3.579106e+00 3.183702e+00 2.023397e+00 2.896170e+00 2.924532e+00 2.172339e+00 2.372765e+00 6.637356e+00 6.641204e-01 8.623451e-01 1.167905e+00 5.562813e-01 7.486132e-01 6.622779e-01 5.064021e-01 4.249746e-01 4.826770e-01 4.947378e-01 3.826224e-01 3.557213e-01 6.953967e-01
<GCONST> 1.219298e+02
<STATE> 3
<MEAN> 39
 1.392598e+01 -1.044133e+01 1.494883e+01 -6.069650e+00 -1.510679e+01 8.909501e+00 -1.439518e+01 -1.592942e+00 3.675074e+00 -7.066800e+00 3.190615e+00 -5.183805e+00 5.598715e+01 4.497590e-02 2.674818e-01 2.101126e-01 1.869135e-01 1.419538e-01 -8.990251e-03 -1.012748e-02 2.018651e-02 -8.305401e-02 -1.139381e-02 3.300944e-02 -4.230842e-02 -6.839853e-02 -1.739165e-01 7.229652e-02 -1.078972e-01 5.961157e-02 1.069274e-01 -3.251472e-02 1.167281e-01 4.689872e-02 -1.227010e-02 3.807342e-02 -4.819107e-02 3.566835e-03 -2.175415e-01
<VARIANCE> 39
 2.216763e+01 5.970995e+01 1.072315e+02 3.228985e+01 8.254260e+01 3.213169e+01 3.315382e+01 5.594797e+01 3.624360e+01 2.467418e+01 2.973972e+01 1.983760e+01 5.206670e+01 1.699507e+00 3.145334e+00 5.234773e+00 1.974172e+00 4.104885e+00 2.041838e+00 3.079529e+00 3.184559e+00 1.961764e+00 2.057940e+00 2.280559e+00 1.380182e+00 3.702661e+00 2.206076e-01 5.384019e-01 5.589702e-01 3.312716e-01 6.221541e-01 3.715144e-01 4.629844e-01 4.230705e-01 2.926412e-01 3.610832e-01 3.597522e-01 2.547760e-01 3.368145e-01
<GCONST> 1.191871e+02
<STATE> 4
<MEAN> 39
 -8.299944e-01 -3.867374e+00 4.451468e+00 -1.794141e-01 -3.424086e+00 8.831882e+00 -4.063285e+00 2.105690e+00 1.025232e+00 -5.112268e+00 2.959558e+00 -2.381492e+00 3.499947e+01 -6.463684e-01 -1.629704e-01 -5.319735e-01 1.228404e-01 2.029135e-01 -1.628671e-01 5.512695e-01 2.525741e-01 1.083533e-01 1.045986e-01 -2.721395e-01 -7.987367e-02 -5.694543e-01 8.454546e-02 -9.382164e-02 1.392529e-01 1.234408e-02 -8.229212e-02 -2.144538e-02 -1.507730e-01 -3.443717e-02 1.796158e-02 -3.219239e-02 6.907826e-02 3.028905e-02 1.659375e-01
<VARIANCE> 39
 2.491486e+01 2.717695e+01 3.530984e+01 2.403172e+01 4.174145e+01 3.584773e+01 3.320488e+01 3.172177e+01 3.073553e+01 2.392056e+01 1.474577e+01 1.731730e+01 1.967109e+01 1.884309e+00 2.500771e+00 2.957924e+00 1.300847e+00 2.174328e+00 3.299210e+00 2.918715e+00 2.292972e+00 1.787618e+00 1.804035e+00 1.958034e+00 1.681365e+00 2.339236e+00 1.682314e-01 4.429054e-01 3.808473e-01 2.912434e-01 4.768704e-01 6.415185e-01 4.988115e-01 5.048886e-01 4.105535e-01 3.896610e-01 3.451174e-01 3.294191e-01 1.954337e-01
<GCONST> 1.113136e+02
<TRANSP> 5
 0.000000e+00 1.000000e+00 0.000000e+00 0.000000e+00 0.000000e+00
 0.000000e+00 6.859402e-01 3.140597e-01 0.000000e+00 0.000000e+00
 0.000000e+00 0.000000e+00 9.512018e-01 4.879822e-02 0.000000e+00
 0.000000e+00 0.000000e+00 0.000000e+00 7.376661e-01 2.623340e-01
 0.000000e+00 0.000000e+00 0.000000e+00 0.000000e+00 0.000000e+00
<ENDHMM>
~h "s"
<BEGINHMM>
<NUMSTATES> 5
<STATE> 2
<MEAN> 39
 -7.743986e+00 -4.297670e+00 5.893041e+00 1.415766e+00 -5.026120e+00 4.252300e+00 -5.234972e+00 9.347692e-01 1.085515e+00 -3.677629e+00 2.050688e+00 -1.385928e+00 3.003886e+01 6.978738e-02 -2.023306e-01 -2.931685e-01 -2.489389e-01 -1.388072e-01 2.737303e-01 1.860502e-01 -2.066834e-02 -9.203740e-03 -1.050208e-01 -9.561939e-03 -1.404182e-01 1.971973e-01 5.410010e-02 1.029835e-02 -1.338789e-01 -1.029677e-01 5.044484e-02 8.662064e-02 -3.436008e-02 -1.908923e-02 -4.280445e-02 -5.634942e-02 -7.580208e-02 -1.415210e-01 3.699644e-02
<VARIANCE> 39
 6.803343e+01 4.295014e+01 3.539538e+01 1.378330e+01 1.977972e+01 1.378918e+01 2.585105e+01 1.572658e+01 2.125761e+01 2.030873e+01 1.508453e+01 1.404804e+01 5.960702e+01 2.451221e+00 1.981011e+00 2.047110e+00 1.454796e+00 9.504383e-01 1.564568e+00 1.532435e+00 1.333225e+00 1.313617e+00 1.556772e+00 1.161909e+00 1.280169e+00 2.025980e+00 3.047805e-01 3.285233e-01 2.417477e-01 2.147741e-01 1.774970e-01 1.724662e-01 3.471064e-01 2.479636e-01 1.530953e-01 2.965303e-01 2.465986e-01 2.627590e-01 2.683720e-01
<GCONST> 1.002340e+02
<STATE> 3
<MEAN> 39
 -4.626731e+00 -4.296643e+00 4.975161e+00 -7.631773e-01 -6.346083e+00 5.297754e+00 -5.404089e+00 1.211864e+00 1.607089e+00 -4.379064e+00 3.191857e+00 -9.764737e-01 3.274638e+01 1.793067e-01 -2.232325e-02 -3.723532e-02 -5.440718e-02 1.469697e-01 4.991429e-01 -1.349607e-01 -3.075571e-01 -9.721255e-02 -2.749964e-01 -2.894749e-01 -4.241780e-01 2.053109e-01 -7.512692e-02 9.227445e-02 2.384119e-01 1.225399e-01 1.088389e-01 2.233859e-02 -1.711927e-01 -9.161778e-02 -2.045979e-03 -2.055137e-02 -1.292027e-01 -1.096170e-01 -9.336080e-02
<VARIANCE> 39
 7.012558e+01 4.089577e+01 4.899657e+01 4.679409e+01 3.018438e+01 2.163869e+01 3.435224e+01 1.479633e+01 2.357253e+01 2.019351e+01 1.296358e+01 1.603864e+01 6.865350e+01 1.529714e+00 6.360917e-01 1.893469e+00 1.925802e+00 1.232455e+00 1.210686e+00 2.151176e+00 1.717768e+00 1.281714e+00 1.363626e+00 1.319692e+00 1.095735e+00 1.620507e+00 2.919866e-01 5.220599e-01 4.318851e-01 3.827696e-01 3.531719e-01 4.262258e-01 4.947295e-01 2.484772e-01 2.890361e-01 3.541946e-01 2.060067e-01 3.295924e-01 4.291131e-01
<GCONST> 1.067185e+02
<STATE> 4
<MEAN> 39
 -7.755154e+00 -1.670957e+00 9.233390e+00 2.948192e+00 -3.373050e+00 5.633786e+00 -6.594881e+00 -1.561608e-02 -4.115926e-01 -5.616248e+00 1.607185e+00 -2.975698e+00 2.967463e+01 -1.527766e-02 -1.198099e-02 -4.419831e-03 -4.738637e-03 -1.526623e-03 -2.439182e-04 -2.575500e-03 -2.063633e-03 3.686526e-03 2.102515e-03 -6.873805e-03 -1.266441e-02 -7.755861e-03 6.163821e-04 -3.782337e-03 -1.975232e-03 -2.931437e-03 -5.280307e-03 -4.670043e-03 1.550835e-03 6.558621e-04 3.336393e-03 6.745858e-03 2.509143e-03 4.841656e-03 1.324703e-03
<VARIANCE> 39
 1.659124e+01 1.097778e+01 8.444276e+00 9.692558e+00 1.227275e+01 1.334754e+01 1.736300e+01 1.851965e+01 1.690161e+01 1.581187e+01 1.235889e+01 1.107485e+01 6.683098e+00 3.507625e-01 6.395296e-01 6.375444e-01 8.201036e-01 1.124471e+00 1.333901e+00 1.382033e+00 1.411155e+00 1.435603e+00 1.441675e+00 1.318830e+00 1.278525e+00 1.261056e-01 7.415189e-02 1.333321e-01 1.338268e-01 1.686538e-01 2.384798e-01 2.846366e-01 2.920748e-01 2.994862e-01 3.098207e-01 3.001953e-01 2.797794e-01 2.698178e-01 2.967475e-02
<GCONST> 8.066454e+01
<TRANSP> 5
 0.000000e+00 1.000000e+00 0.000000e+00 0.000000e+00 0.000000e+00
 0.000000e+00 3.925067e-01 6.074933e-01 0.000000e+00 0.000000e+00
 0.000000e+00 0.000000e+00 2.072205e-01 7.927796e-01 0.000000e+00
 0.000000e+00 0.000000e+00 0.000000e+00 9.807928e-01 1.920720e-02
 0.000000e+00 0.000000e+00 0.000000e+00 0.000000e+00 0.000000e+00
<ENDHMM>
~h "t"
<BEGINHMM>
<NUMSTATES> 5
<STATE> 2
<MEAN> 39
 -2.552770e+00 -4.434475e+00 5.234608e+00 -6.118672e-01 -6.324893e+00 5.853895e+00 -4.953942e+00 3.427011e+00 3.816112e+00 -3.188806e+00 2.650151e+00 -2.875505e+00 3.414127e+01 -2.046607e-01 -7.717182e-02 -1.314055e-01 2.359780e-02 -2.772768e-02 -1.057342e-01 -1.119253e-02 -4.040477e-01 -6.117603e-01 -4.040875e-01 -4.101108e-02 2.402815e-01 -1.506316e-01 2.049866e-01 9.147687e-04 1.971403e-01 -4.706913e-02 -1.019716e-01 -1.047074e-04 -2.515984e-01 -9.373877e-02 -4.473692e-02 -1.243073e-01 1.998996e-02 -4.519292e-02 2.197137e-01
<VARIANCE> 39
 5.956246e+01 3.162476e+01 2.821428e+01 2.970618e+01 3.169672e+01 2.682775e+01 2.935978e+01 2.687124e+01 3.087003e+01 1.928005e+01 1.455003e+01 1.518155e+01 4.831057e+01 2.178475e+00 2.672415e+00 2.658497e+00 2.256604e+00 2.203500e+00 2.342634e+00 2.454621e+00 2.640022e+00 2.572776e+00 2.414848e+00 1.351839e+00 1.399034e+00 2.147423e+00 4.263869e-01 6.090283e-01 5.763654e-01 3.700513e-01 3.442151e-01 5.498036e-01 4.989426e-01 5.261288e-01 5.005886e-01 4.135019e-01 2.616248e-01 2.906582e-01 5.022338e-01
<GCONST> 1.145855e+02
<STATE> 3
<MEAN> 39
 9.841767e+00 -5.962003e+00 8.953129e+00 -6.085610e+00 -1.126737e+01 7.283556e+00 -1.071663e+01 2.537082e+00 4.207623e+00 -5.428974e+00 4.822484e+00 -3.523257e+00 4.741198e+01 -2.446386e-01 1.567131e-01 -4.150002e-02 1.661548e-01 2.566077e-01 -2.127418e-02 6.820589e-02 -1.036202e-01 -1.425590e-01 5.099645e-02 -9.633802e-03 -1.401533e-02 -2.690492e-01 -5.302832e-02 -4.782633e-03 -3.306567e-02 8.726439e-03 2.028590e-02 1.473366e-03 2.546484e-02 1.648105e-02 2.130309e-02 3.972075e-02 1.933713e-03 -1.972480e-02 -4.794514e-02
<VARIANCE> 39
 1.005522e+02 3.090254e+01 5.172816e+01 4.575491e+01 4.505824e+01 2.663839e+01 4.395657e+01 3.058531e+01 2.833980e+01 2.709708e+01 2.974711e+01 1.809796e+01 1.225504e+02 1.326537e+00 1.609355e+00 2.032933e+00 1.910709e+00 1.562246e+00 1.686026e+00 1.806628e+00 1.967945e+00 1.689792e+00 1.828025e+00 1.561982e+00 1.232335e+00 1.746992e+00 1.473559e-01 2.580750e-01 2.956658e-01 3.315735e-01 2.905822e-01 3.233664e-01 3.256459e-01 3.300354e-01 2.736798e-01 3.525543e-01 2.664800e-01 2.465582e-01 1.647446e-01
<GCONST> 1.091642e+02
<STATE> 4
<MEAN> 39
 -6.337110e+00 -2.282011e+00 7.966602e+00 2.080440e+00 -4.083555e+00 5.726140e+00 -5.641350e+00 1.177260e+00 7.237269e-01 -4.478772e+00 2.228815e+00 -2.767635e+00 3.075916e+01 -3.000631e-02 6.943783e-03 9.120544e-03 9.368780e-03 8.118006e-03 -3.468323e-03 -7.663973e-03 -1.363523e-03 -3.796940e-03 3.532992e-03 1.546635e-02 1.639639e-02 -2.401099e-02 8.804028e-03 -1.181830e-02 -4.739141e-03 -9.146987e-03 -7.096689e-03 7.177478e-03 6.501835e-04 -6.753482e-04 5.733982e-03 4.422909e-03 9.065768e-04 -1.069843e-03 1.101940e-02
<VARIANCE> 39
 1.056692e+01 8.372007e+00 1.008577e+01 1.155499e+01 1.258502e+01 1.242649e+01 1.362390e+01 1.535132e+01 1.495123e+01 1.541410e+01 1.331230e+01 1.180694e+01 4.510957e+00 3.128702e-01 5.593888e-01 6.120718e-01 7.703716e-01 1.017437e+00 1.159220e+00 1.260326e+00 1.362229e+00 1.309586e+00 1.371671e+00 1.329577e+00 1.236560e+00 9.465537e-02 6.307495e-02 1.151199e-01 1.243209e-01 1.525575e-01 2.107952e-01 2.391094e-01 2.624546e-01 2.908565e-01 2.689549e-01 2.850676e-01 2.799323e-01 2.549908e-01 1.860391e-02
<GCONST> 7.661072e+01
<TRANSP> 5
 0.000000e+00 1.000000e+00 0.000000e+00 0.000000e+00 0.000000e+00
 0.000000e+00 3.176883e-01 6.823117e-01 0.000000e+00 0.000000e+00
 0.000000e+00 0.000000e+00 7.330604e-01 2.669396e-01 0.000000e+00
 0.000000e+00 0.000000e+00 0.000000e+00 9.696763e-01 3.032374e-02
 0.000000e+00 0.000000e+00 0.000000e+00 0.000000e+00 0.000000e+00
<ENDHMM>
~h "#N"
<BEGINHMM>
<NUMSTATES> 5
<STATE> 2
<MEAN> 39
 -1.733922e+01 -2.582422e+00 -1.110515e+00 5.610590e-02 -1.303459e+00 2.122541e+00 -1.087041e+00 1.826447e+00 3.960111e-01 -9.389061e-01 1.773697e-01 -2.141517e-01 2.099851e+01 1.842437e-01 4.025801e-01 2.978197e-02 1.821286e-01 2.339126e-01 -4.056413e-02 1.895970e-01 -3.203982e-02 7.839850e-02 -3.616565e-02 -2.218202e-02 1.167285e-01 -4.497430e-02 3.104968e-01 -1.792726e-01 1.353540e-01 -9.503749e-02 -2.267555e-01 8.462191e-02 -1.751850e-01 6.641184e-02 3.721726e-02 -8.743505e-02 7.543676e-02 -4.143661e-02 3.286978e-01
<VARIANCE> 39
 4.304803e+01 3.559671e+01 2.456387e+01 8.470263e+00 1.076625e+01 1.284151e+01 2.286033e+01 1.294220e+01 7.363508e+00 1.067809e+01 8.657557e+00 1.022335e+01 5.194996e+01 5.456513e+00 4.164550e+00 1.979382e+00 1.311732e+00 1.763634e+00 1.108187e+00 2.728093e+00 1.385017e+00 8.353705e-01 1.273662e+00 9.802939e-01 1.217341e+00 6.400651e+00 5.644429e-01 3.940471e-01 2.337537e-01 1.375074e-01 1.990785e-01 1.784037e-01 2.231985e-01 2.461591e-01 1.741718e-01 1.919492e-01 1.056232e-01 1.976210e-01 4.806269e-01
<GCONST> 9.675867e+01
<STATE> 3
<MEAN> 39
 -2.726477e+00 -9.599405e+00 6.281096e+00 -2.892376e+00 -8.544516e+00 8.951944e+00 -6.803540e+00 2.142483e+00 2.875881e+00 -6.898257e+00 3.187428e+00 -2.114147e+00 3.647399e+01 2.267254e-01 5.159081e-02 4.259280e-02 2.619918e-01 -1.090140e-01 9.220559e-02 2.765573e-01 -8.071245e-02 2.846164e-02 -2.467773e-01 -4.755392e-02 1.111025e-01 9.034546e-02 -2.407464e-01 2.429073e-01 -5.772765e-02 9.399904e-02 1.349550e-01 -2.055712e-01 3.927005e-02 -4.140116e-02 -9.844452e-02 1.682559e-01 -9.004992e-02 -1.365032e-02 -3.049511e-01
<VARIANCE> 39
 8.075704e+01 9.041740e+01 5.725484e+01 4.146343e+01 5.222996e+01 4.400457e+01 5.071811e+01 1.811136e+01 2.710160e+01 3.464568e+01 2.132200e+01 1.690744e+01 9.357917e+01 7.979833e+00 1.203824e+01 6.074107e+00 4.128055e+00 4.769618e+00 5.296891e+00 5.386195e+00 3.219441e+00 2.275889e+00 3.986948e+00 2.623566e+00 1.954535e+00 1.345533e+01 1.410220e+00 1.787828e+00 9.723324e-01 7.012162e-01 8.383936e-01 9.169751e-01 1.010958e+00 5.925680e-01 5.000022e-01 7.608036e-01 5.167234e-01 2.862727e-01 2.061027e+00
<GCONST> 1.381001e+02
<STATE> 4
<MEAN> 39
 -5.226997e+00 -4.242748e-01 9.589688e+00 3.692778e+00 -2.580301e+00 6.512214e+00 -5.342968e+00 1.044875e+00 1.283127e-01 -5.130107e+00 2.580385e+00 -1.740869e+00 3.105381e+01 -1.109288e-01 1.558616e-01 7.851507e-03 7.484917e-02 7.680763e-02 -1.092180e-01 -1.086625e-02 -2.652024e-02 -4.190390e-02 8.049331e-03 -3.809002e-03 -4.902180e-05 -1.540575e-01 4.279023e-02 -7.874263e-02 4.796952e-03 -6.240495e-02 -4.213106e-02 2.155590e-02 -3.808654e-02 3.431571e-02 3.248922e-02 -8.350457e-03 2.265799e-02 -4.446479e-03 6.948697e-02
<VARIANCE> 39
 4.344047e+01 1.794232e+01 2.200456e+01 1.612402e+01 1.442468e+01 1.381921e+01 1.630618e+01 1.561565e+01 1.527366e+01 1.467204e+01 1.213567e+01 1.055317e+01 1.898433e+01 5.551957e-01 1.045317e+00 9.746998e-01 1.281939e+00 1.123426e+00 1.242674e+00 1.416145e+00 1.465400e+00 1.352388e+00 1.408521e+00 1.240484e+00 1.060918e+00 5.486286e-01 1.289691e-01 2.148773e-01 2.017300e-01 2.748481e-01 2.411821e-01 2.490597e-01 3.127781e-01 3.413051e-01 2.981596e-01 3.170681e-01 2.731623e-01 2.093475e-01 1.493128e-01
<GCONST> 9.066180e+01
<TRANSP> 5
 0.000000e+00 1.000000e+00 0.000000e+00 0.000000e+00 0.000000e+00
 0.000000e+00 7.625763e-01 2.374237e-01 0.000000e+00 0.000000e+00
 0.000000e+00 0.000000e+00 7.206298e-01 2.793702e-01 0.000000e+00
 0.000000e+00 0.000000e+00 0.000000e+00 8.966702e-01 1.033297e-01
 0.000000e+00 0.000000e+00 0.000000e+00 0.000000e+00 0.000000e+00
<ENDHMM>
~h "aa"
<BEGINHMM>
<NUMSTATES> 5
<STATE> 2
<MEAN> 39
 -2.940537e+00 -5.757994e+00 4.925667e+00 -6.616964e-01 -7.226691e+00 5.504986e+00 -8.355617e+00 1.197172e-01 8.286576e-01 -4.985528e+00 4.752244e+00 -1.598677e+00 3.442667e+01 2.240611e+00 -2.737356e+00 -1.061506e+00 -1.803658e+00 -1.828300e+00 8.555476e-01 -7.950425e-01 -1.632514e+00 -5.280591e-01 -1.300778e+00 -3.553704e-01 -5.044778e-02 2.831773e+00 8.454063e-01 -4.157352e-01 1.121837e+00 -3.371146e-01 -1.135153e+00 1.008932e-01 1.314196e-01 -8.398737e-02 1.257683e-01 -3.022926e-01 -6.525409e-02 -2.221306e-02 1.338500e+00
<VARIANCE> 39
 3.732221e+01 4.715733e+01 8.703785e+01 7.707115e+00 3.876378e+01 1.726678e+01 2.443530e+01 1.559410e+01 1.095233e+01 5.633322e+00 7.516136e+00 6.759940e+00 3.880578e+01 4.805786e+00 5.754189e+00 4.117973e+00 2.703124e+00 1.008173e+01 4.126251e+00 3.363652e+00 1.584160e+00 9.720842e-01 1.630543e+00 8.268636e-01 2.338030e+00 6.869786e+00 3.982666e-01 1.326638e+00 1.699560e+00 3.182872e-01 9.040843e-01 6.426545e-01 4.053235e-01 2.593385e-01 1.808544e-01 1.692099e-01 3.077562e-01 4.357935e-01 3.348913e-01
<GCONST> 1.133567e+02
<STATE> 3
<MEAN> 39
 9.879746e+00 -1.285512e+01 2.021645e+01 -7.654647e+00 -2.445316e+01 7.530697e+00 -1.272800e+01 -4.696407e+00 -3.872054e-01 -1.105636e+01 6.249456e+00 -2.364772e+00 5.457071e+01 1.362168e+00 6.083684e-01 4.443062e+00 -3.493505e-01 -2.579544e+00 -1.205427e+00 -2.094387e+00 -6.497169e-01 -3.638599e-02 -1.528233e-01 8.318788e-01 -5.289032e-01 3.296490e+00 -6.383248e-01 3.954667e-01 -3.246891e-01 3.120587e-01 7.055104e-01 -1.967863e-01 -1.170972e-01 1.602308e-01 1.395111e-01 3.913756e-01 9.469058e-02 -5.046140e-02 -7.709862e-01
<VARIANCE> 39
 1.459772e+01 4.625662e+01 1.305380e+02 2.269572e+01 7.245764e+01 3.901118e+01 7.283464e+01 1.656210e+01 1.394076e+01 1.641599e+01 1.299894e+01 1.890976e+01 2.638320e+01 2.900514e+00 5.011682e+00 1.053776e+01 2.153525e+00 9.458590e+00 3.889166e+00 6.807100e+00 1.233083e+00 1.591334e+00 2.808239e+00 1.462931e+00 2.978760e+00 4.444763e+00 2.737252e-01 1.508642e+00 3.313298e+00 5.514238e-01 1.585195e+00 1.122450e+00 1.850878e+00 2.511622e-01 3.152472e-01 3.933902e-01 3.443443e-01 9.720841e-01 3.222419e-01
<GCONST> 1.266450e+02
<STATE> 4
<MEAN> 39
 1.159449e+01 -7.110874e+00 2.850647e+01 -3.713988e+00 -2.223026e+01 7.121643e+00 -1.816770e+01 -6.904688e+00 5.651430e-01 -9.097428e+00 5.548553e+00 -4.780117e+00 5.487259e+01 9.113043e-02 7.279282e-01 -4.210396e-01 5.981655e-01 9.646472e-01 1.673037e-01 2.651166e-01 2.084828e-01 1.282107e-01 1.333460e-01 -3.747970e-01 -9.835854e-02 -9.590875e-01 3.042535e-02 -1.919383e-02 -1.217235e-01 -6.190989e-02 -6.296714e-02 -5.199735e-02 7.048219e-02 3.200193e-02 5.265884e-02 4.755870e-02 -2.834689e-02 2.082124e-02 2.470373e-03
<VARIANCE> 39
 2.858106e+00 2.411134e+01 1.687245e+01 2.096360e+01 4.276337e+01 1.969525e+01 8.434049e+00 1.026469e+01 5.737654e+00 8.287517e+00 1.247692e+01 5.513472e+00 2.934247e+01 2.156742e-01 8.799318e-01 8.917217e-01 8.347952e-01 1.684030e+00 1.065045e+00 9.265746e-01 7.618750e-01 5.636336e-01 2.682520e-01 1.123482e+00 6.117788e-01 4.122663e-01 4.992176e-02 1.950465e-01 1.249014e-01 2.172078e-01 4.090676e-01 1.796390e-01 2.273857e-01 1.539071e-01 1.404144e-01 1.019702e-01 2.651443e-01 9.909880e-02 2.439535e-01
<GCONST> 7.607789e+01
<TRANSP> 5
 0.000000e+00 1.000000e+00 0.000000e+00 0.000000e+00 0.000000e+00
 0.000000e+00 6.363642e-01 3.636358e-01 0.000000e+00 0.000000e+00
 0.000000e+00 0.000000e+00 7.647026e-01 2.352974e-01 0.000000e+00
 0.000000e+00 0.000000e+00 0.000000e+00 9.084211e-01 9.157893e-02
 0.000000e+00 0.000000e+00 0.000000e+00 0.000000e+00 0.000000e+00
<ENDHMM>
~h "ah"
<BEGINHMM>
<NUMSTATES> 5
<STATE> 2
<NUMMIXES> 3
<MIXTURE> 1 1.026367e-01
<MEAN> 39
 2.401232e-01 -7.425704e+00 4.893146e+00 -1.595609e+00 -8.425413e+00 7.791549e+00 -6.253267e+00 -1.811592e-01 2.761344e+00 -5.162038e+00 3.008027e+00 -1.105975e+00 3.754115e+01 2.174177e+00 -1.393169e+00 -2.244482e-01 -1.419831e+00 -1.435595e+00 4.639107e-01 -3.865245e-01 9.207140e-01 1.793313e+00 8.624284e-01 9.732053e-01 1.668474e-01 2.655049e+00 9.013521e-01 -6.194852e-02 2.300361e-01 -4.011305e-01 -1.013295e-01 1.003850e-01 -4.120859e-01 4.433333e-01 5.398279e-01 1.035819e-01 4.359856e-02 -4.322745e-01 1.031070e+00
<VARIANCE> 39
 3.607611e+01 4.945955e+01 2.115888e+01 1.966114e+01 2.660223e+01 3.322171e+01 2.329782e+01 1.524744e+01 2.366855e+01 2.086588e+01 1.277680e+01 1.041458e+01 2.851913e+01 5.991369e+00 7.016673e+00 2.731078e+00 3.073338e+00 2.087359e+00 2.993775e+00 2.846688e+00 1.590168e+00 2.504838e+00 2.730982e+00 1.776646e+00 2.005408e+00 7.054163e+00 8.968214e-01 8.151302e-01 3.464152e-01 4.196066e-01 4.872163e-01 7.391311e-01 4.722780e-01 3.846572e-01 4.294358e-01 4.168568e-01 3.310986e-01 3.307949e-01 1.050285e+00
<GCONST> 1.177993e+02
<MIXTURE> 2 4.682364e-01
<MEAN> 39
 -3.281664e+00 -4.085313e+00 5.571151e+00 2.983538e-01 -5.787070e+00 5.884531e+00 -5.158956e+00 1.128053e+00 1.404264e+00 -4.393173e+00 1.917399e+00 -2.781178e+00 3.344994e+01 3.860153e-01 -9.244063e-01 -7.739966e-01 -6.703680e-01 -6.497952e-01 -1.138589e-01 -1.460565e-01 -1.451833e-01 1.214055e-01 -7.106246e-02 -1.699015e-01 -4.979006e-02 6.533197e-01 5.430223e-01 -3.734106e-01 6.549966e-02 -3.669488e-01 -3.153261e-01 1.578788e-01 -3.511533e-01 -5.197335e-03 1.284550e-01 -8.081064e-02 1.987981e-01 -9.013814e-04 7.059482e-01
<VARIANCE> 39
 6.004346e+01 3.458709e+01 3.159430e+01 2.117249e+01 3.086984e+01 2.808224e+01 2.146068e+01 1.775268e+01 1.982162e+01 1.955218e+01 1.618762e+01 1.410624e+01 4.247408e+01 4.614160e+00 4.309945e+00 3.324856e+00 3.246372e+00 2.855332e+00 3.661148e+00 2.597759e+00 1.880427e+00 2.063981e+00 1.917141e+00 1.499165e+00 1.717916e+00 5.078294e+00 6.737474e-01 6.982620e-01 5.073196e-01 4.701312e-01 4.430004e-01 5.874841e-01 4.683571e-01 3.677170e-01 3.962705e-01 3.699417e-01 3.360814e-01 3.528256e-01 7.936691e-01
<GCONST> 1.173415e+02
<MIXTURE> 3 4.291270e-01
<MEAN> 39
 -1.647675e+00 -5.930480e+00 4.897134e+00 -1.106333e+00 -7.299888e+00 5.873178e+00 -6.104250e+00 4.952389e-01 2.115662e+00 -4.499201e+00 2.254613e+00 -2.152571e+00 3.577969e+01 1.987795e+00 -1.311736e+00 -2.869236e-01 -1.365536e+00 -1.293816e+00 1.829892e-01 -7.342810e-01 3.839722e-01 8.083888e-01 4.738200e-02 4.075165e-01 -2.824823e-01 2.438151e+00 6.114787e-01 -2.965609e-01 1.960788e-01 -3.368582e-01 -2.156126e-01 1.997651e-01 -3.785884e-01 2.319059e-01 2.961739e-01 -4.744045e-02 1.073857e-01 -2.092596e-01 8.075297e-01
<VARIANCE> 39
 9.433096e+01 5.376485e+01 3.662304e+01 2.933019e+01 4.899268e+01 2.879532e+01 2.801331e+01 1.595760e+01 2.437749e+01 2.039649e+01 1.427295e+01 1.328861e+01 8.142318e+01 8.784859e+00 6.543023e+00 4.434484e+00 3.716091e+00 3.184240e+00 4.213359e+00 3.530221e+00 1.922198e+00 2.362665e+00 2.710202e+00 1.737204e+00 2.238208e+00 1.098513e+01 1.021239e+00 1.020495e+00 5.761408e-01 4.927925e-01 5.803444e-01 6.034569e-01 5.087386e-01 3.358498e-01 3.868536e-01 4.012729e-01 3.590292e-01 3.419710e-01 1.220733e+00
<GCONST> 1.255779e+02
<STATE> 3
<NUMMIXES> 3
<MIXTURE> 1 1.042211e-01
<MEAN> 39
 6.992629e+00 -1.066929e+01 1.037471e+01 -4.014734e+00 -1.201859e+01 9.679500e+00 -1.140504e+01 1.151010e+00 4.780767e+00 -7.896563e+00 3.180383e+00 -3.270934e+00 4.585427e+01 7.752537e-01 1.443773e+00 8.736997e-01 4.558411e-01 1.268755e-01 -1.739294e-01 1.352173e-01 5.242229e-01 3.472095e-01 4.863685e-01 3.789586e-01 -7.619558e-02 -1.213222e-02 -1.874449e-01 1.333141e-01 -4.198619e-01 -1.940817e-01 4.779376e-02 -3.803629e-01 1.355386e-01 4.320866e-01 5.322763e-01 4.570104e-01 -2.172389e-02 2.807049e-02 -6.769180e-02
<VARIANCE> 39
 7.109039e+01 7.056818e+01 4.670089e+01 2.878194e+01 3.973622e+01 3.557373e+01 4.113760e+01 2.622787e+01 4.090245e+01 2.345578e+01 2.130200e+01 2.205372e+01 5.789664e+01 9.696700e+00 6.344043e+00 4.611007e+00 2.769257e+00 3.114485e+00 3.789795e+00 6.396014e+00 1.928074e+00 2.616765e+00 2.658159e+00 2.043991e+00 1.733276e+00 1.230294e+01 6.777104e-01 1.185394e+00 8.144619e-01 5.328095e-01 5.507198e-01 5.798126e-01 7.327253e-01 4.721814e-01 4.655683e-01 4.776547e-01 4.711200e-01 3.707846e-01 8.524235e-01
<GCONST> 1.294128e+02
<MIXTURE> 2 4.601263e-01
<MEAN> 39
 9.921937e+00 -1.255882e+01 5.820397e+00 -8.397497e+00 -1.294347e+01 8.147438e+00 -1.188542e+01 5.103982e+00 1.008932e+01 -5.245833e+00 2.148032e+00 -4.981349e+00 5.086347e+01 -8.383115e-02 -1.258105e-01 -1.645988e-01 -1.545072e-01 5.166112e-02 -6.990010e-02 -9.216405e-02 2.718959e-01 2.950715e-01 -3.762116e-02 -2.982003e-01 -1.252673e-01 1.007883e-01 -3.931038e-01 3.050187e-01 8.165362e-02 2.994972e-01 2.369599e-01 -4.143538e-02 1.653070e-01 -1.872215e-01 -3.092308e-01 -1.026753e-01 -9.592871e-02 1.600711e-01 -5.332487e-01
<VARIANCE> 39
 8.205728e+01 6.425523e+01 4.295869e+01 3.515946e+01 3.449250e+01 3.327079e+01 4.564455e+01 2.697492e+01 4.435412e+01 2.430459e+01 2.570433e+01 2.450558e+01 1.310084e+02 3.039613e+00 4.733595e+00 2.781210e+00 2.570632e+00 2.164112e+00 2.619392e+00 3.101422e+00 2.422670e+00 3.364321e+00 2.157665e+00 2.239017e+00 2.014032e+00 6.725636e+00 5.304359e-01 9.689317e-01 5.741173e-01 4.602127e-01 4.501868e-01 5.855289e-01 5.450116e-01 3.352520e-01 3.758130e-01 4.342709e-01 4.370598e-01 4.102221e-01 7.992231e-01
<GCONST> 1.250267e+02
<MIXTURE> 3 4.356518e-01
<MEAN> 39
 1.240413e+01 -1.152441e+01 7.867167e+00 -8.357539e+00 -1.293933e+01 8.440492e+00 -1.356799e+01 4.784831e+00 1.023895e+01 -6.280367e+00 1.659260e+00 -4.865858e+00 5.295318e+01 -4.384738e-01 6.406978e-01 2.816258e-01 4.795819e-01 2.294216e-01 -3.259049e-02 3.717989e-01 9.427626e-02 -1.111184e-01 1.006112e-01 5.065153e-02 7.241223e-02 -9.236255e-01 -2.731491e-01 1.590418e-01 -8.114062e-02 1.425094e-01 1.055798e-01 -6.187550e-02 2.151532e-01 -5.674274e-02 -1.377132e-01 8.985258e-02 1.284880e-02 3.800271e-02 -3.606679e-01
<VARIANCE> 39
 5.049657e+01 4.900866e+01 4.971493e+01 2.920051e+01 2.964171e+01 2.797368e+01 4.299162e+01 3.484092e+01 5.149054e+01 2.170943e+01 2.562967e+01 1.858904e+01 8.890103e+01 2.136622e+00 3.590806e+00 2.824326e+00 2.070794e+00 1.955596e+00 2.058164e+00 2.932763e+00 1.951295e+00 2.377004e+00 2.003268e+00 1.902836e+00 1.904635e+00 4.700693e+00 2.718100e-01 5.357521e-01 5.162938e-01 3.764203e-01 3.862572e-01 4.065880e-01 4.467048e-01 3.452674e-01 3.698153e-01 3.598824e-01 4.026791e-01 3.542528e-01 3.771403e-01
<GCONST> 1.175889e+02
<STATE> 4
<NUMMIXES> 3
<MIXTURE> 1 1.514112e-01
<MEAN> 39
 -4.146933e+00 -5.080595e+00 5.502287e+00 4.612659e-01 -5.002260e+00 7.034614e+00 -4.445215e+00 2.318074e+00 1.543319e+00 -4.187897e+00 2.720904e+00 -2.487850e+00 3.310194e+01 -7.957143e-02 5.274411e-01 4.101031e-01 5.381697e-01 6.819600e-01 6.045581e-01 8.264808e-01 6.487313e-01 5.406287e-01 5.580493e-01 4.616340e-01 4.058536e-01 -2.327620e-01 1.007597e-01 9.878904e-02 6.580802e-02 2.360742e-03 5.974081e-02 6.707560e-02 2.710047e-02 3.891176e-02 -2.150172e-03 -4.410097e-02 1.204316e-02 2.366583e-02 6.285995e-02
<VARIANCE> 39
 3.497775e+01 2.843229e+01 2.260579e+01 2.209579e+01 1.999204e+01 2.658317e+01 2.465405e+01 1.911564e+01 2.478649e+01 1.837306e+01 1.146959e+01 1.204026e+01 2.371316e+01 2.120153e+00 2.902666e+00 1.992010e+00 1.826827e+00 2.005994e+00 2.269260e+00 2.406729e+00 1.778656e+00 1.717138e+00 1.931444e+00 1.610306e+00 1.319447e+00 2.605034e+00 2.720020e-01 4.996517e-01 2.585134e-01 3.118880e-01 3.237361e-01 4.452453e-01 4.872496e-01 3.629164e-01 3.918014e-01 3.571591e-01 2.914025e-01 2.271642e-01 4.013427e-01
<GCONST> 1.066500e+02
<MIXTURE> 2 4.598695e-01
<MEAN> 39
 -7.836267e+00 -6.102872e+00 4.371572e+00 1.400812e+00 -4.574538e+00 4.962659e+00 -5.001882e+00 1.116190e+00 4.463917e-01 -3.485318e+00 2.545185e+00 -2.460834e+00 3.039973e+01 -2.633753e-01 -2.315376e-01 -2.562890e-01 -1.487235e-01 -1.649351e-01 -2.547405e-01 -1.951922e-01 -3.132233e-01 -3.599620e-01 -2.722991e-01 -2.355389e-01 -1.286222e-01 -1.519829e-01 -2.403392e-02 -9.875732e-02 -3.257582e-02 -2.303146e-02 -4.237340e-02 1.007545e-03 -3.116670e-02 -4.891709e-02 -3.363990e-02 -7.559537e-02 -3.255792e-02 -5.177482e-03 1.841660e-02
<VARIANCE> 39
 2.198113e+01 2.083137e+01 1.493863e+01 1.539118e+01 1.526862e+01 1.565539e+01 1.434528e+01 1.749390e+01 1.981875e+01 1.666480e+01 1.335946e+01 1.242955e+01 8.324664e+00 6.783441e-01 1.047681e+00 9.268401e-01 9.377660e-01 1.040041e+00 1.223409e+00 1.329554e+00 1.489698e+00 1.546941e+00 1.577296e+00 1.356803e+00 1.115645e+00 2.907776e-01 1.273628e-01 2.398852e-01 2.035464e-01 2.033285e-01 2.272782e-01 2.650113e-01 2.811065e-01 3.193217e-01 3.021980e-01 3.493173e-01 2.860296e-01 2.441305e-01 4.919078e-02
<GCONST> 8.797343e+01
<MIXTURE> 3 3.887208e-01
<MEAN> 39
 -5.962624e+00 -5.431349e+00 4.596507e+00 4.451846e-01 -5.125653e+00 6.264694e+00 -4.191367e+00 1.566708e+00 3.837976e-01 -4.704488e+00 2.240746e+00 -2.072881e+00 3.167701e+01 -6.934062e-02 1.925245e-01 1.438206e-01 1.974868e-01 1.779295e-01 1.570050e-02 1.169726e-01 8.565608e-02 2.497794e-02 1.504300e-01 1.041556e-01 1.154406e-01 -1.115857e-01 6.687871e-02 1.450301e-02 3.098478e-02 -3.546253e-03 2.518563e-02 2.432482e-02 -2.661059e-02 1.668591e-02 3.865463e-02 4.237701e-02 3.488263e-02 -1.785027e-02 5.699943e-02
<VARIANCE> 39
 2.812901e+01 2.054485e+01 2.013451e+01 2.122070e+01 1.931822e+01 2.740998e+01 2.599733e+01 1.811480e+01 2.278201e+01 2.277115e+01 1.440903e+01 1.486291e+01 1.482070e+01 5.426790e-01 9.142213e-01 8.592834e-01 9.884403e-01 1.049337e+00 1.298192e+00 1.317865e+00 1.437121e+00 1.457099e+00 1.503853e+00 1.293501e+00 1.236534e+00 2.915837e-01 1.110778e-01 2.338954e-01 2.061182e-01 2.272751e-01 2.416510e-01 3.199178e-01 3.339423e-01 3.466125e-01 3.316815e-01 3.748467e-01 2.900369e-01 2.579364e-01 6.253745e-02
<GCONST> 9.206303e+01
<TRANSP> 5
 0.000000e+00 1.000000e+00 0.000000e+00 0.000000e+00 0.000000e+00
 0.000000e+00 5.787400e-01 4.212600e-01 0.000000e+00 0.000000e+00
 0.000000e+00 0.000000e+00 8.353068e-01 1.646932e-01 0.000000e+00
 0.000000e+00 0.000000e+00 0.000000e+00 8.891209e-01 1.108792e-01
 0.000000e+00 0.000000e+00 0.000000e+00 0.000000e+00 0.000000e+00
<ENDHMM>
~h "ao"
<BEGINHMM>
<NUMSTATES> 5
<STATE> 2
<MEAN> 39
 -9.122457e-01 -1.363833e+01 3.479956e+00 -7.302092e-01 -7.572952e+00 9.969308e+00 -5.748648e+00 4.108940e+00 6.651857e+00 -4.379776e+00 7.263449e+00 9.622821e-01 3.846175e+01 -1.770751e-01 -1.022114e+00 6.052313e-01 1.069828e-01 -9.384974e-02 1.018170e+00 -6.110106e-01 -1.473154e-01 6.840911e-01 -6.080047e-02 3.314423e-01 2.103239e-01 4.114870e-01 7.652480e-02 1.986904e-02 8.320729e-02 -2.310800e-01 -3.429572e-01 -1.658993e-01 -1.683230e-01 -1.248897e-02 -5.734461e-02 -1.797545e-01 1.158622e-02 -9.065734e-04 8.574400e-02
<VARIANCE> 39
 6.475208e+00 8.461847e+01 2.775403e+01 1.718561e+01 8.464311e+00 2.906199e+01 1.396448e+01 3.218053e+01 7.959094e+00 3.603231e+01 2.210806e+01 1.551801e+01 1.038299e+01 2.633472e-01 2.352058e+00 1.652733e+00 9.693990e-01 1.477571e+00 1.064133e+00 7.442927e-01 2.177878e+00 1.499645e+00 1.103309e+00 1.465790e+00 7.159218e-01 2.881635e-01 5.259062e-02 3.420856e-01 2.758968e-01 7.845044e-02 9.787907e-02 2.060221e-01 1.665288e-01 4.617245e-01 1.202007e-01 2.711265e-01 4.089837e-01 1.697347e-01 1.014337e-01
<GCONST> 8.713648e+01
<STATE> 3
<MEAN> 39
 1.279737e+01 -1.183213e+01 8.747265e+00 -1.161298e+01 -1.688937e+01 7.888910e+00 -1.357164e+01 2.332055e+00 7.318435e+00 -5.805051e+00 4.794663e+00 -4.294156e+00 5.630527e+01 1.618142e-02 1.112524e-01 9.628484e-04 1.038835e-02 2.062389e-02 -5.709464e-02 3.317617e-02 2.610044e-02 -2.020780e-02 1.832926e-02 -5.144302e-02 -1.504418e-02 -3.881269e-02 -8.065548e-03 2.385847e-03 -2.169032e-02 -2.222439e-03 1.213450e-02 -3.879371e-03 8.169540e-03 -6.076523e-03 -9.353615e-03 6.757677e-03 -2.124169e-03 -1.207208e-03 -1.077802e-02
<VARIANCE> 39
 3.347578e+01 6.782486e+01 8.748139e+01 4.674361e+01 2.768416e+01 3.639985e+01 3.833656e+01 3.477045e+01 4.165862e+01 2.675512e+01 2.497144e+01 2.584852e+01 8.497747e+01 1.816936e+00 3.414236e+00 4.452215e+00 2.720133e+00 2.317215e+00 2.384276e+00 2.950226e+00 2.176510e+00 2.364745e+00 2.132355e+00 1.948924e+00 1.632398e+00 4.476207e+00 2.787923e-01 5.816857e-01 6.381067e-01 4.304875e-01 4.287579e-01 4.788616e-01 5.393186e-01 3.952302e-01 3.794992e-01 4.267221e-01 3.303678e-01 2.731797e-01 5.600659e-01
<GCONST> 1.208768e+02
<STATE> 4
<MEAN> 39
 -1.908693e+00 -6.473993e+00 4.739164e+00 -9.396688e-01 -6.635842e+00 8.359679e+00 -5.197011e+00 1.970618e+00 3.982769e+00 -5.445321e+00 1.809281e+00 -2.228827e+00 3.509402e+01 -4.146332e-02 -1.567817e-01 -9.618723e-02 -4.316916e-02 -1.479949e-02 1.548976e-02 -4.919621e-02 9.576725e-05 1.831618e-02 -4.194167e-02 -2.365273e-03 -8.943856e-02 2.183677e-02 2.900871e-02 -1.732713e-02 2.068438e-03 7.803559e-03 -2.471073e-03 1.224789e-02 5.473766e-03 -2.340661e-02 -2.925781e-02 3.837873e-03 1.691226e-02 -1.165947e-02 2.604748e-02
<VARIANCE> 39
 1.887667e+00 2.378453e+01 8.440190e+00 6.791476e+00 8.248611e+00 1.466446e+01 1.271892e+01 1.221309e+01 1.662279e+01 1.981319e+01 1.472683e+01 1.537984e+01 2.803210e+00 1.252967e-01 6.284544e-01 6.881398e-01 6.502326e-01 7.017247e-01 1.236190e+00 1.431959e+00 1.343719e+00 1.199188e+00 1.320629e+00 1.367420e+00 1.382210e+00 7.494314e-02 2.436068e-02 1.076170e-01 1.624803e-01 1.414206e-01 1.186957e-01 2.628175e-01 3.031396e-01 2.914208e-01 2.304867e-01 2.432628e-01 3.081589e-01 3.072049e-01 1.624587e-02
<GCONST> 7.232413e+01
<TRANSP> 5
 0.000000e+00 1.000000e+00 0.000000e+00 0.000000e+00 0.000000e+00
 0.000000e+00 6.944327e-01 3.055673e-01 0.000000e+00 0.000000e+00
 0.000000e+00 0.000000e+00 9.812967e-01 1.870329e-02 0.000000e+00
 0.000000e+00 0.000000e+00 0.000000e+00 9.447852e-01 5.521487e-02
 0.000000e+00 0.000000e+00 0.000000e+00 0.000000e+00 0.000000e+00
<ENDHMM>
~h "ih"
<BEGINHMM>
<NUMSTATES> 5
<STATE> 2
<MEAN> 39
 -5.394788e+00 -3.829466e+00 6.405381e+00 6.925503e-01 -4.539752e+00 6.346154e+00 -5.340132e+00 1.561017e+00 1.424658e+00 -4.562727e+00 2.182020e+00 -2.006953e+00 3.190553e+01 1.089146e+00 -1.558076e+00 -8.389215e-01 -1.103306e+00 -1.104788e+00 5.250812e-01 -2.451343e-01 -7.618068e-01 -1.227002e-01 -3.892634e-01 -1.347897e-01 -2.643926e-03 1.390749e+00 6.501681e-01 -4.074183e-01 3.070104e-02 -2.964496e-01 -5.414678e-01 1.182776e-01 -2.305266e-01 -1.575696e-01 8.190020e-02 -7.182585e-02 1.837720e-01 9.436674e-03 7.196115e-01
<VARIANCE> 39
 2.298709e+01 1.918209e+01 2.618678e+01 1.698876e+01 1.779183e+01 2.159732e+01 1.377136e+01 2.052969e+01 1.994193e+01 1.658254e+01 1.384540e+01 1.227282e+01 1.647416e+01 2.893915e+00 4.781243e+00 5.373369e+00 3.310422e+00 7.575510e+00 3.898453e+00 2.705970e+00 2.677252e+00 2.606099e+00 2.155875e+00 2.058354e+00 1.628359e+00 3.026838e+00 4.260859e-01 6.370004e-01 1.139953e+00 4.120058e-01 9.590517e-01 5.498818e-01 4.378262e-01 4.996058e-01 3.246031e-01 3.435518e-01 3.857799e-01 3.256284e-01 3.906963e-01
<GCONST> 1.146852e+02
<STATE> 3
<MEAN> 39
 1.163373e+01 -8.398802e+00 1.622643e+01 -4.948457e+00 -1.754657e+01 5.990680e+00 -1.390388e+01 -1.944502e+00 2.804276e+00 -6.465177e+00 4.470256e+00 -3.946517e+00 5.210071e+01 3.230018e-01 -1.205003e-01 1.004653e-01 -5.532628e-02 -7.326893e-02 -8.330262e-03 -9.503245e-02 1.012110e-01 1.100251e-01 3.355405e-02 2.117744e-02 -1.071060e-01 4.576549e-01 -1.791278e-01 1.524047e-01 -5.446208e-02 7.760204e-02 1.842262e-01 -3.891667e-02 7.952211e-02 8.750138e-02 2.240068e-02 3.699418e-02 -6.134077e-02 -1.937986e-02 -2.206507e-01
<VARIANCE> 39
 4.323279e+01 6.196069e+01 1.174801e+02 3.901658e+01 8.173390e+01 3.947059e+01 4.155682e+01 3.933516e+01 2.655859e+01 2.772441e+01 2.185129e+01 1.556713e+01 6.491120e+01 2.021210e+00 3.974128e+00 6.460242e+00 2.760081e+00 5.649036e+00 2.480004e+00 3.161216e+00 2.729488e+00 1.753036e+00 2.117319e+00 2.019337e+00 1.401602e+00 4.023484e+00 2.312667e-01 8.320355e-01 8.650796e-01 4.503322e-01 9.119681e-01 4.716580e-01 5.247262e-01 4.354627e-01 3.000272e-01 3.732648e-01 3.518591e-01 2.592215e-01 3.933692e-01
<GCONST> 1.231586e+02
<STATE> 4
<MEAN> 39
 -8.107928e-01 -7.238891e+00 2.676118e+00 -8.621829e-01 -4.346102e+00 7.659903e+00 -6.688522e+00 1.505767e+00 3.998506e+00 -2.215840e+00 3.755828e+00 -2.601312e+00 3.653137e+01 -1.572889e-01 2.365954e-01 -8.129788e-02 -2.085270e-02 2.057663e-02 -2.565994e-01 5.562516e-02 1.770259e-01 2.102026e-01 9.951223e-02 -3.066557e-02 -5.213318e-03 -2.401091e-01 -1.885380e-02 9.341352e-02 2.017152e-01 7.104409e-02 -7.553279e-02 -4.871729e-02 2.031654e-03 1.780237e-02 -8.964879e-02 -9.536327e-02 -6.993951e-03 1.073275e-02 -3.473568e-02
<VARIANCE> 39
 3.237492e+01 5.032858e+01 2.992744e+01 6.247755e+01 1.228992e+02 5.845327e+01 3.425074e+01 5.037436e+01 4.952856e+01 3.197291e+01 1.871982e+01 1.709480e+01 5.432149e+01 6.664115e-01 2.997075e+00 2.123914e+00 1.773226e+00 2.392224e+00 2.242692e+00 2.079948e+00 2.421534e+00 1.539790e+00 1.911092e+00 2.076470e+00 1.221528e+00 8.862993e-01 1.160708e-01 2.818201e-01 2.964773e-01 3.238991e-01 4.075409e-01 4.581007e-01 3.834723e-01 4.312275e-01 3.398431e-01 3.621142e-01 4.342507e-01 2.767638e-01 9.976097e-02
<GCONST> 1.115143e+02
<TRANSP> 5
 0.000000e+00 1.000000e+00 0.000000e+00 0.000000e+00 0.000000e+00
 0.000000e+00 6.226490e-01 3.773510e-01 0.000000e+00 0.000000e+00
 0.000000e+00 0.000000e+00 9.070953e-01 9.290468e-02 0.000000e+00
 0.000000e+00 0.000000e+00 0.000000e+00 7.033823e-01 2.966177e-01
 0.000000e+00 0.000000e+00 0.000000e+00 0.000000e+00 0.000000e+00
<ENDHMM>
~h "oh"
<BEGINHMM>
<NUMSTATES> 5
<STATE> 2
<MEAN> 39
 -1.744604e+00 -9.904240e+00 4.978484e+00 -2.416070e-01 -7.938772e+00 7.236495e+00 -7.990621e+00 8.090440e-01 5.899267e+00 -4.185077e+00 3.899611e+00 -1.067011e+00 3.665980e+01 4.096375e-01 -1.255630e+00 -4.083900e-01 -7.426409e-01 -1.042963e+00 2.270680e-01 -2.801356e-01 -4.988160e-01 -7.570747e-02 -6.646069e-01 -9.078720e-02 8.683863e-01 7.739552e-01 4.233234e-01 1.744649e-01 1.629723e-03 -5.822567e-01 -4.308459e-01 -1.005367e-01 -1.997118e-01 9.317323e-02 4.477438e-02 -3.108386e-01 -1.494841e-01 2.207457e-02 4.464391e-01
<VARIANCE> 39
 3.034499e+00 5.302256e+01 1.356330e+01 8.553849e+00 1.706104e+01 3.077729e+01 1.693029e+01 2.057721e+01 2.102534e+01 3.405471e+01 9.052382e+00 1.517031e+01 5.109032e+00 1.482578e+00 3.760592e+00 1.322308e+00 2.282977e+00 1.663700e+00 2.886162e+00 2.036520e+00 2.288186e+00 7.314501e-01 2.750100e+00 1.115239e+00 1.515517e+00 7.257444e-01 3.400911e-01 2.995999e-01 1.041318e-01 2.384729e-01 2.682084e-01 5.110727e-01 4.157045e-01 5.390519e-01 4.147896e-01 4.129705e-01 2.324709e-01 3.982392e-01 3.859084e-01
<GCONST> 9.903141e+01
<STATE> 3
<MEAN> 39
 1.306855e+01 -1.043656e+01 8.687742e+00 -1.147229e+01 -1.632541e+01 7.046783e+00 -1.495415e+01 2.527240e+00 9.544776e+00 -4.577661e+00 3.931424e+00 -3.961060e+00 5.555689e+01 6.159912e-02 7.427572e-02 -2.547674e-02 -8.071742e-02 -5.606470e-02 -6.150087e-02 1.504484e-02 4.109620e-02 6.640062e-02 1.183399e-01 2.411324e-02 -7.657263e-02 1.918302e-02 -5.414472e-02 7.068519e-03 -7.894813e-03 4.724270e-02 2.841384e-02 -1.762758e-04 3.080511e-02 -1.344785e-02 -1.463407e-02 -6.596373e-03 -1.549510e-02 9.754130e-04 -5.954092e-02
<VARIANCE> 39
 2.590748e+01 4.672398e+01 7.542822e+01 3.087888e+01 2.530978e+01 2.673949e+01 3.849147e+01 3.556456e+01 5.172004e+01 2.386174e+01 2.310930e+01 2.445051e+01 7.899886e+01 2.155217e+00 2.899831e+00 4.217875e+00 3.076280e+00 2.066580e+00 2.477608e+00 2.638340e+00 2.287729e+00 3.265142e+00 2.163544e+00 1.639065e+00 2.356703e+00 6.869960e+00 3.007777e-01 4.863282e-01 6.379303e-01 5.049638e-01 4.154170e-01 5.005853e-01 4.184192e-01 4.178860e-01 5.098290e-01 4.639424e-01 3.052008e-01 4.531089e-01 7.856205e-01
<GCONST> 1.211222e+02
<STATE> 4
<MEAN> 39
 -1.610218e+00 -1.286138e+01 2.704062e+00 -4.404974e+00 -1.232567e+01 8.028122e+00 -7.552071e+00 1.743190e+00 9.068607e+00 -2.646707e+00 3.024123e+00 -2.206707e+00 3.760806e+01 -6.769652e-01 1.515167e-01 1.439185e-02 7.157964e-01 6.574980e-01 1.839806e-01 2.685939e-01 -3.137971e-01 -5.073817e-01 -8.194458e-01 -9.813963e-01 -1.109925e-01 -6.385769e-01 2.612196e-01 2.256519e-02 8.705577e-02 -6.729386e-02 7.043405e-02 1.347404e-01 1.913620e-02 3.427005e-02 -1.679255e-01 -1.094515e-01 8.543807e-02 1.326041e-01 2.637078e-01
<VARIANCE> 39
 1.175214e+01 5.945082e+01 1.659480e+01 2.272351e+01 2.163316e+01 3.054247e+01 1.365588e+01 1.181088e+01 1.291739e+01 1.268213e+01 7.149347e+00 1.328773e+01 5.758099e+00 1.092782e+00 9.984687e-01 1.110055e+00 7.336000e-01 1.218267e+00 1.895173e+00 2.237241e+00 1.737241e+00 2.167532e+00 1.982270e+00 1.781826e+00 6.303775e-01 7.220562e-01 7.185544e-02 1.240264e-01 2.791238e-01 1.071152e-01 1.835645e-01 4.506735e-01 3.550278e-01 3.638538e-01 4.022999e-01 3.614776e-01 2.057050e-01 1.420682e-01 1.653863e-01
<GCONST> 9.043371e+01
<TRANSP> 5
 0.000000e+00 1.000000e+00 0.000000e+00 0.000000e+00 0.000000e+00
 0.000000e+00 5.961516e-01 4.038484e-01 0.000000e+00 0.000000e+00
 0.000000e+00 0.000000e+00 9.771346e-01 2.286541e-02 0.000000e+00
 0.000000e+00 0.000000e+00 0.000000e+00 6.710315e-01 3.289685e-01
 0.000000e+00 0.000000e+00 0.000000e+00 0.000000e+00 0.000000e+00
<ENDHMM>
~h "uh"
<BEGINHMM>
<NUMSTATES> 5
<STATE> 2
<NUMMIXES> 3
<MIXTURE> 1 7.083568e-02
<MEAN> 39
 -5.786381e+00 -2.645172e+00 4.813914e+00 6.023465e-01 -5.442548e+00 2.703322e+00 -5.142099e+00 2.058933e+00 1.671894e+00 -2.232449e+00 5.426376e+00 -1.669899e+00 3.066215e+01 1.298936e+00 6.708218e-01 -3.429807e-01 -1.365201e+00 -9.412591e-01 6.753800e-01 1.064474e+00 1.360815e+00 1.429872e+00 8.041070e-01 8.611751e-01 -2.169370e-01 7.595437e-01 3.065171e-01 -2.122916e-01 1.529157e-02 -2.625562e-01 -1.925166e-01 5.131333e-01 1.109803e-02 -8.491594e-02 1.525069e-01 -2.657405e-02 -2.178544e-01 -9.445410e-02 3.183410e-01
<VARIANCE> 39
 1.486757e+01 6.066365e+00 6.251282e+00 1.986830e+01 1.191848e+01 1.317321e+01 9.768563e+00 1.206445e+01 2.703816e+01 1.703665e+01 1.911462e+01 1.375810e+01 6.179545e+00 1.627944e+00 1.490184e+00 8.572986e-01 9.422591e-01 1.615001e+00 3.104058e+00 3.217138e+00 2.691880e+00 2.888929e+00 2.166848e+00 9.814488e-01 6.586546e-01 6.052790e-01 3.060744e-01 1.486237e-01 1.116389e-01 2.282581e-01 2.309204e-01 3.245265e-01 2.387685e-01 3.721927e-01 5.078139e-01 6.485383e-01 4.229945e-01 3.379865e-01 1.622761e-01
<GCONST> 9.304608e+01
<MIXTURE> 2 4.660102e-01
<MEAN> 39
 -5.653188e+00 -3.122723e+00 5.931835e+00 -3.067237e-01 -6.037062e+00 5.168082e+00 -6.224674e+00 6.078179e-01 1.141477e+00 -4.173620e+00 2.918655e+00 -1.754219e+00 3.140253e+01 7.302252e-01 -3.945739e-01 -2.489219e-01 -9.627816e-01 -1.297882e+00 3.127035e-01 2.980961e-02 -6.909856e-01 -2.082409e-01 -4.176251e-02 6.834686e-03 9.296092e-02 6.962451e-01 3.805956e-01 -1.605020e-01 -4.506838e-02 -4.221519e-01 -5.289442e-01 6.831893e-03 -1.120433e-01 -8.467320e-02 4.793360e-02 -4.758672e-02 -2.292829e-04 -5.989611e-02 3.495900e-01
<VARIANCE> 39
 2.957736e+01 1.473725e+01 1.822864e+01 1.620585e+01 2.090986e+01 1.610245e+01 2.427064e+01 1.518871e+01 1.756641e+01 2.225240e+01 1.632149e+01 1.356335e+01 1.756764e+01 1.832127e+00 1.918747e+00 1.333664e+00 3.045963e+00 3.525870e+00 3.100225e+00 3.129491e+00 2.022985e+00 2.138144e+00 1.908232e+00 1.209501e+00 1.337679e+00 1.024930e+00 2.817739e-01 3.014766e-01 2.499942e-01 3.321867e-01 5.928460e-01 4.608856e-01 5.173771e-01 3.443701e-01 3.267972e-01 4.493106e-01 3.971801e-01 3.096697e-01 1.382430e-01
<GCONST> 1.042448e+02
<MIXTURE> 3 4.631545e-01
<MEAN> 39
 -6.133978e+00 -3.383198e+00 5.074852e+00 -1.027925e+00 -5.293052e+00 5.584432e+00 -6.648891e+00 -4.262518e-01 1.033360e+00 -3.546570e+00 2.883461e+00 -3.002043e+00 3.129602e+01 1.274087e+00 -7.716978e-02 -6.575240e-02 -1.118365e+00 -1.642575e+00 -2.289438e-01 -1.505778e-01 6.805754e-02 2.526887e-01 5.232282e-01 6.055936e-01 1.508640e-01 1.026831e+00 3.385695e-01 -2.688694e-01 -3.888226e-02 -2.530141e-01 -4.181199e-01 -7.796674e-03 4.496959e-02 1.915816e-01 1.674524e-01 1.852536e-02 9.304851e-02 1.952948e-01 3.610981e-01
<VARIANCE> 39
 7.634099e+01 1.289338e+01 2.186884e+01 2.302161e+01 2.686537e+01 1.471270e+01 3.137021e+01 2.115000e+01 2.180444e+01 1.527620e+01 1.318937e+01 9.487041e+00 6.950836e+01 2.941006e+00 3.692853e+00 3.082855e+00 2.848493e+00 3.802865e+00 2.917033e+00 2.948418e+00 1.967926e+00 2.060957e+00 1.722765e+00 1.158658e+00 1.939412e+00 1.627630e+00 3.588069e-01 3.479857e-01 2.638841e-01 4.065771e-01 6.228747e-01 3.841697e-01 3.832728e-01 3.728414e-01 3.330464e-01 3.276150e-01 1.910279e-01 2.437911e-01 2.191049e-01
<GCONST> 1.089443e+02
<STATE> 3
<NUMMIXES> 3
<MIXTURE> 1 9.301919e-02
<MEAN> 39
 7.757667e-01 -1.239179e+01 6.999039e+00 -3.955371e+00 -1.183243e+01 1.182910e+01 -6.233620e+00 -1.917361e-01 3.040470e+00 -7.642489e+00 4.267138e+00 -1.126255e+00 4.037240e+01 7.667719e-02 -1.481656e+00 5.253557e-01 -2.103974e-02 -2.048438e-01 1.318393e+00 6.641043e-01 8.311443e-01 7.680752e-01 2.537191e-01 9.796816e-01 4.533715e-01 7.922233e-01 -2.388235e-01 1.036600e-01 1.204232e-01 2.054608e-01 -3.768653e-02 -3.034475e-01 -9.694560e-02 3.199005e-01 4.710742e-01 3.246463e-01 3.954095e-02 1.368384e-01 -2.148120e-01
<VARIANCE> 39
 4.012420e+01 1.024493e+02 1.794638e+01 6.434731e+01 4.145148e+01 4.252608e+01 3.052077e+01 2.165987e+01 2.852343e+01 1.996715e+01 1.541769e+01 1.115078e+01 3.020390e+01 1.801779e+00 3.509990e+00 2.371919e+00 2.360919e+00 2.108540e+00 7.055660e+00 4.211503e+00 2.626563e+00 3.146507e+00 2.181516e+00 1.816581e+00 2.123293e+00 2.798600e+00 3.750376e-01 4.808795e-01 2.837451e-01 5.890385e-01 4.926405e-01 9.677982e-01 8.220224e-01 4.240732e-01 3.760434e-01 4.331477e-01 3.904493e-01 2.860764e-01 2.371576e-01
<GCONST> 1.181523e+02
<MIXTURE> 2 5.013375e-01
<MEAN> 39
 -4.898416e-01 -1.067732e+01 5.480650e+00 -4.450700e+00 -1.345274e+01 7.061454e+00 -7.125875e+00 8.817042e-01 4.766078e+00 -3.842297e+00 4.755331e+00 -1.377443e+00 3.832164e+01 1.685680e-01 -9.715216e-01 -5.060306e-02 -3.358468e-01 -5.331222e-01 3.778430e-01 -9.090715e-02 -1.815678e-02 4.170257e-01 -4.748220e-02 -4.665302e-02 -6.418318e-02 4.917805e-01 -3.482688e-01 9.555387e-02 1.090761e-02 3.077630e-01 5.162359e-01 9.005984e-02 4.180233e-02 -3.174846e-02 -1.448578e-01 -1.482484e-01 -2.022537e-01 -7.235849e-02 -2.916103e-01
<VARIANCE> 39
 6.162696e+01 1.142459e+02 4.219703e+01 6.647814e+01 4.687223e+01 5.594771e+01 3.600192e+01 2.033968e+01 2.571935e+01 2.364888e+01 1.910814e+01 1.472327e+01 5.541996e+01 2.746080e+00 3.488427e+00 3.311332e+00 3.659718e+00 4.193976e+00 2.689122e+00 3.220559e+00 1.525578e+00 1.891039e+00 1.831703e+00 1.701488e+00 1.395779e+00 2.258660e+00 5.810056e-01 8.611656e-01 8.525624e-01 8.168277e-01 7.136512e-01 7.397039e-01 8.355026e-01 3.926682e-01 3.978128e-01 3.435967e-01 4.301671e-01 3.956333e-01 4.345364e-01
<GCONST> 1.232981e+02
<MIXTURE> 3 4.056432e-01
<MEAN> 39
 3.304884e+00 -9.939745e+00 7.276377e+00 -5.906536e+00 -1.332928e+01 9.000241e+00 -8.912404e+00 1.018285e+00 5.374694e+00 -4.662891e+00 5.364635e+00 -1.722084e+00 4.181476e+01 6.298407e-03 -4.628322e-01 -1.193634e-01 -5.426517e-02 -5.200819e-02 1.967552e-01 8.441706e-02 1.527262e-01 2.824532e-01 2.197151e-01 2.795635e-01 3.891377e-03 1.063271e-01 -2.845736e-01 -2.201789e-02 -1.102891e-01 2.783200e-01 3.096079e-01 -1.023483e-03 1.366665e-01 4.943911e-02 3.643358e-02 1.822369e-02 -1.442598e-01 -2.453565e-04 -2.281190e-01
<VARIANCE> 39
 7.933810e+01 1.060326e+02 2.750504e+01 4.619133e+01 4.138379e+01 5.654833e+01 3.871973e+01 2.049535e+01 3.279126e+01 2.289052e+01 2.092951e+01 1.518984e+01 7.162531e+01 2.247901e+00 2.629612e+00 2.154072e+00 2.780828e+00 3.115397e+00 3.685300e+00 4.189749e+00 1.698021e+00 2.525651e+00 2.035547e+00 1.434214e+00 1.810417e+00 2.499985e+00 4.723421e-01 4.954423e-01 4.707521e-01 5.990856e-01 6.995664e-01 8.273770e-01 8.132516e-01 3.860664e-01 4.764178e-01 3.935959e-01 3.277687e-01 4.109324e-01 3.876605e-01
<GCONST> 1.213783e+02
<STATE> 4
<NUMMIXES> 3
<MIXTURE> 1 9.467878e-02
<MEAN> 39
 -1.901439e+00 -1.443263e+01 5.863153e+00 -1.514184e+00 -1.039391e+01 1.169643e+01 -5.232428e+00 1.446309e+00 5.724794e+00 -4.281186e+00 3.297560e+00 -2.090650e+00 3.852565e+01 4.054038e-02 6.959773e-01 -5.755166e-01 1.439013e-01 8.283904e-01 1.975569e-01 4.152732e-01 1.749118e-01 4.164938e-01 1.216642e-01 -9.887064e-02 5.220972e-01 -3.016542e-01 1.853264e-01 3.248611e-01 2.450043e-01 6.964359e-02 5.748667e-02 -1.075993e-01 -1.239870e-01 -6.607538e-03 -1.427991e-01 -2.546952e-01 5.236180e-02 7.387441e-02 7.466394e-02
<VARIANCE> 39
 1.790772e+01 7.379355e+01 1.638827e+01 4.073688e+01 2.611727e+01 2.873066e+01 1.533959e+01 1.817699e+01 2.473405e+01 1.753996e+01 1.504500e+01 1.317476e+01 1.497218e+01 1.696238e+00 4.668296e+00 2.686775e+00 2.507821e+00 1.836605e+00 4.018508e+00 1.411902e+00 2.213920e+00 1.885506e+00 3.743212e+00 1.308161e+00 1.364261e+00 1.829874e+00 3.727822e-01 4.577617e-01 2.570287e-01 2.166338e-01 2.530751e-01 2.281101e-01 4.045498e-01 4.456858e-01 4.312219e-01 3.380176e-01 2.130545e-01 2.147298e-01 4.261912e-01
<GCONST> 1.068552e+02
<MIXTURE> 2 4.274416e-01
<MEAN> 39
 -3.503181e+00 -9.684032e+00 6.709449e+00 -2.869882e+00 -1.088085e+01 1.016527e+01 -4.830643e+00 1.038584e+00 4.343227e+00 -5.019009e+00 3.159355e+00 -9.772317e-01 3.562069e+01 -2.766315e-01 -5.764800e-01 -7.534037e-02 -1.589912e-02 -2.741751e-01 5.137666e-02 -1.863663e-01 -3.094665e-01 -2.132087e-01 -3.552428e-01 -3.129535e-01 1.045666e-02 5.562342e-03 -9.444511e-03 -1.296023e-01 -3.847961e-02 -7.353293e-02 -9.430697e-02 -6.621289e-02 -1.657248e-01 -1.825394e-01 -8.936974e-02 -1.555578e-01 -5.010254e-02 -3.780955e-03 5.033255e-02
<VARIANCE> 39
 1.210121e+01 8.661508e+01 1.901328e+01 2.410612e+01 2.839520e+01 5.692750e+01 1.885324e+01 2.126036e+01 1.922139e+01 2.558380e+01 9.291348e+00 1.344893e+01 1.945008e+01 4.886637e-01 1.499088e+00 1.631380e+00 1.152158e+00 1.986794e+00 2.174431e+00 1.581161e+00 2.085520e+00 1.689299e+00 1.947116e+00 1.286353e+00 1.480432e+00 4.140857e-01 2.514746e-01 3.890113e-01 3.697562e-01 2.212050e-01 3.537235e-01 4.336231e-01 3.216790e-01 3.240120e-01 4.162095e-01 3.992207e-01 2.234774e-01 2.955739e-01 1.126752e-01
<GCONST> 1.004049e+02
<MIXTURE> 3 4.778797e-01
<MEAN> 39
 -3.342995e+00 -1.335544e+01 7.213978e+00 -3.803015e+00 -1.277506e+01 1.206491e+01 -5.647008e+00 -1.626145e-01 5.254123e+00 -6.586720e+00 2.873732e+00 -4.482535e-01 3.752908e+01 -2.332913e-01 -4.632541e-01 7.233496e-02 2.665622e-01 1.062916e-01 2.505718e-01 7.347543e-02 -4.061396e-03 1.227418e-01 -2.701986e-01 -9.120756e-02 1.544048e-01 1.053576e-03 2.466415e-01 7.190171e-02 -3.045061e-03 -8.871157e-02 -7.505458e-02 -1.522266e-01 -1.728732e-01 6.694902e-02 1.471003e-02 2.049936e-02 1.039049e-01 -1.980639e-02 1.752787e-01
<VARIANCE> 39
 2.634208e+01 6.488806e+01 2.268253e+01 2.621900e+01 3.520465e+01 3.773857e+01 1.899361e+01 2.169123e+01 2.652005e+01 2.590299e+01 1.771289e+01 1.313630e+01 3.120102e+01 5.854415e-01 1.645301e+00 1.406577e+00 1.103049e+00 1.569427e+00 2.118579e+00 1.491436e+00 1.578916e+00 1.745627e+00 1.674932e+00 1.340335e+00 1.262916e+00 5.169961e-01 2.780029e-01 2.981317e-01 2.822897e-01 2.355585e-01 4.025084e-01 3.726833e-01 2.924066e-01 3.903776e-01 4.553954e-01 3.675130e-01 3.398196e-01 3.031540e-01 2.099258e-01
<GCONST> 1.026539e+02
<TRANSP> 5
 0.000000e+00 1.000000e+00 0.000000e+00 0.000000e+00 0.000000e+00
 0.000000e+00 5.137482e-01 4.862518e-01 0.000000e+00 0.000000e+00
 0.000000e+00 0.000000e+00 7.033017e-01 2.966982e-01 0.000000e+00
 0.000000e+00 0.000000e+00 0.000000e+00 7.230306e-01 2.769694e-01
 0.000000e+00 0.000000e+00 0.000000e+00 0.000000e+00 0.000000e+00
<ENDHMM>
~h "uw"
<BEGINHMM>
<NUMSTATES> 5
<STATE> 2
<NUMMIXES> 3
<MIXTURE> 1 1.400319e-01
<MEAN> 39
 1.255350e+01 -6.570382e+00 1.173673e+01 -7.588687e+00 -1.757668e+01 6.374279e+00 -1.184744e+01 1.159902e+00 2.895391e+00 -9.450842e+00 4.968128e+00 -2.049587e-01 4.921846e+01 1.905116e+00 1.082044e+00 3.206151e+00 3.654385e-01 -1.473262e+00 -9.503326e-01 -1.157302e+00 1.584660e-01 2.074355e-01 -1.241907e-01 4.647280e-01 1.556315e-01 2.089365e+00 -6.793746e-01 2.609502e-01 1.433306e-01 5.216447e-01 3.700522e-01 -3.831937e-01 1.436902e-01 8.505680e-02 1.058836e-01 4.639303e-01 -9.132802e-02 -1.648954e-01 -5.180379e-01
<VARIANCE> 39
 2.002797e+01 4.208907e+01 6.417049e+01 3.987091e+01 3.532182e+01 2.422701e+01 1.591924e+01 1.673698e+01 1.544530e+01 1.124338e+01 9.599092e+00 1.058684e+01 2.448611e+01 3.788800e+00 4.339536e+00 7.099773e+00 5.321806e+00 4.086652e+00 4.141821e+00 2.174799e+00 2.277313e+00 2.198646e+00 2.598271e+00 1.676019e+00 1.932875e+00 4.218457e+00 5.148371e-01 7.780236e-01 1.260371e+00 9.971423e-01 6.192889e-01 4.937184e-01 3.816479e-01 2.583461e-01 3.656982e-01 3.286788e-01 2.214433e-01 2.379415e-01 5.213777e-01
<GCONST> 1.168917e+02
<MIXTURE> 2 3.870604e-01
<MEAN> 39
 1.563702e+00 -6.720809e+00 1.093719e+01 -1.555758e+00 -1.216674e+01 5.477671e+00 -8.299481e+00 -4.914165e-01 1.335589e+00 -4.662917e+00 3.069144e+00 -2.973038e+00 4.011906e+01 4.148749e-01 -3.269367e-01 -2.084776e-01 -5.595148e-01 -5.894328e-01 -5.951713e-02 -2.437922e-02 -8.824255e-02 -2.403287e-01 -3.319127e-01 1.598789e-01 2.350497e-01 5.205482e-01 2.611580e-01 1.461684e-02 4.484277e-02 -9.989268e-02 -7.986089e-02 4.520264e-02 -1.822536e-01 -8.398796e-02 6.584751e-02 -3.390483e-02 5.614610e-02 4.953949e-02 2.270333e-01
<VARIANCE> 39
 1.226220e+02 4.849013e+01 1.091654e+02 2.772524e+01 1.065468e+02 3.387310e+01 2.845664e+01 4.179226e+01 2.031263e+01 3.138988e+01 1.844194e+01 1.536205e+01 1.264399e+02 2.617197e+00 4.492162e+00 3.227170e+00 3.451799e+00 5.469602e+00 3.157689e+00 1.833432e+00 3.235505e+00 2.074268e+00 2.923903e+00 1.856680e+00 2.162016e+00 3.380050e+00 6.143090e-01 1.055773e+00 8.662775e-01 6.648824e-01 1.174742e+00 8.357919e-01 4.119714e-01 6.449677e-01 3.308795e-01 4.886402e-01 4.125386e-01 4.440806e-01 7.711776e-01
<GCONST> 1.284063e+02
<MIXTURE> 3 4.729078e-01
<MEAN> 39
 1.033588e+01 -3.612629e+00 1.745503e+01 -1.306122e+00 -1.366609e+01 6.174624e+00 -1.271560e+01 -4.602719e-01 1.982564e+00 -7.806297e+00 3.541073e+00 -3.305721e+00 4.725243e+01 4.420035e-01 -1.726548e-01 -5.003871e-02 -5.463972e-01 -3.630241e-01 3.009457e-01 2.802708e-02 -1.228050e-01 -4.770901e-02 9.022878e-02 3.002619e-01 2.039890e-02 4.509065e-01 1.445681e-01 -1.118869e-01 -1.924696e-01 -3.566834e-01 -2.666862e-01 -1.422413e-01 -4.447801e-02 9.523126e-02 1.059891e-01 1.420107e-01 1.947458e-01 1.602527e-01 2.308714e-01
<VARIANCE> 39
 4.303689e+01 3.546515e+01 7.859853e+01 3.621576e+01 5.518418e+01 2.865429e+01 2.574649e+01 3.095738e+01 1.377752e+01 2.255639e+01 1.062311e+01 1.476609e+01 5.001692e+01 1.983156e+00 3.472097e+00 3.651866e+00 4.370234e+00 4.497741e+00 3.452367e+00 2.326453e+00 1.959707e+00 1.572867e+00 1.942812e+00 1.450041e+00 1.874208e+00 3.290771e+00 3.816129e-01 7.955111e-01 9.093493e-01 7.605405e-01 7.098744e-01 7.286783e-01 5.869524e-01 4.099884e-01 3.128897e-01 3.310171e-01 2.389513e-01 3.784131e-01 5.530586e-01
<GCONST> 1.190750e+02
<STATE> 3
<NUMMIXES> 3
<MIXTURE> 1 5.503607e-02
<MEAN> 39
 1.504709e+01 -8.102909e+00 7.058622e+00 -8.983420e+00 -9.986382e+00 1.260886e+01 -9.713221e+00 3.963275e+00 4.590070e+00 -6.804484e+00 5.439519e+00 -4.607094e+00 5.251105e+01 -4.740163e-01 3.735634e-01 -1.042416e-01 5.214137e-01 6.535643e-01 6.187253e-01 9.178936e-01 2.298283e-01 -1.598474e-01 -2.351306e-01 -2.103701e-01 7.252914e-02 -9.050881e-01 -1.014766e-01 5.644085e-02 -3.921454e-03 7.064233e-03 -6.422723e-02 -1.203642e-01 3.545438e-02 2.574728e-02 5.972855e-02 1.244200e-01 -3.980060e-02 -5.636528e-03 -1.038000e-01
<VARIANCE> 39
 1.688237e+01 2.329506e+01 3.442165e+01 2.510419e+01 2.045957e+01 3.285612e+01 4.639091e+01 5.070411e+01 2.808265e+01 2.976501e+01 2.995680e+01 1.856681e+01 2.883256e+01 5.352947e-01 9.371222e-01 1.308137e+00 1.475906e+00 1.242725e+00 1.225516e+00 1.786456e+00 1.649758e+00 1.268120e+00 1.323807e+00 1.344984e+00 1.260233e+00 9.848554e-01 6.260058e-02 1.297567e-01 1.904116e-01 2.624497e-01 2.188629e-01 2.516619e-01 2.420841e-01 3.095821e-01 2.770663e-01 3.000879e-01 2.265607e-01 1.889263e-01 9.243050e-02
<GCONST> 9.627932e+01
<MIXTURE> 2 4.133109e-01
<MEAN> 39
 1.412258e+01 -1.008819e+01 5.628363e+00 -1.028617e+01 -1.180769e+01 9.543871e+00 -1.202676e+01 3.496531e+00 5.877038e+00 -5.960530e+00 3.364597e+00 -6.582578e+00 5.345657e+01 -3.595213e-01 1.437991e-01 -8.346859e-02 3.772556e-01 3.291472e-01 4.442964e-02 2.612028e-01 3.926546e-02 -1.474269e-01 -3.014280e-01 -4.203990e-01 -8.327868e-03 -5.828860e-01 -1.292418e-01 9.005624e-02 -2.784115e-02 1.330985e-01 1.197112e-01 6.981675e-03 7.595542e-02 -1.161486e-01 -9.795635e-02 8.477766e-02 6.655560e-02 8.203750e-02 -1.627330e-01
<VARIANCE> 39
 6.082582e+01 3.645267e+01 2.763275e+01 2.353370e+01 2.179463e+01 2.574017e+01 3.517673e+01 3.545838e+01 3.579414e+01 3.288179e+01 3.672696e+01 2.542179e+01 8.916639e+01 7.554000e-01 1.852415e+00 1.187473e+00 1.275352e+00 1.237051e+00 1.679770e+00 1.623552e+00 2.250465e+00 2.024072e+00 1.922328e+00 1.866419e+00 1.394616e+00 1.368231e+00 1.264179e-01 2.876218e-01 2.039479e-01 1.732927e-01 2.342605e-01 3.048261e-01 3.124947e-01 2.673970e-01 2.876664e-01 3.218370e-01 2.874055e-01 2.511255e-01 1.377416e-01
<GCONST> 1.043553e+02
<MIXTURE> 3 5.316544e-01
<MEAN> 39
 1.665746e+01 -7.405199e+00 8.993027e+00 -1.103054e+01 -1.368921e+01 8.715638e+00 -1.420672e+01 8.453771e-01 4.419639e+00 -3.850329e+00 8.441881e+00 -3.675206e+00 5.556960e+01 6.208329e-03 -3.857394e-01 -6.476686e-01 -2.122950e-01 3.459598e-01 4.195844e-01 1.814531e-01 1.455625e-01 2.100961e-01 9.709089e-02 -5.589400e-02 -1.623193e-01 5.775665e-02 -6.816350e-02 3.217289e-03 1.488101e-03 1.008974e-01 8.129827e-02 5.363491e-02 8.688156e-02 4.518762e-02 -1.277145e-02 -7.410343e-02 -1.108470e-01 -3.350224e-02 -1.078879e-01
<VARIANCE> 39
 4.478683e+00 2.780922e+01 3.714431e+01 1.747081e+01 1.966193e+01 2.231860e+01 2.721904e+01 4.042031e+01 2.448168e+01 2.061107e+01 3.103822e+01 1.957752e+01 1.533948e+01 4.148003e-01 1.326924e+00 1.295005e+00 1.319233e+00 1.274493e+00 1.440024e+00 1.484336e+00 1.917227e+00 1.441316e+00 1.587484e+00 1.866574e+00 1.214914e+00 9.554685e-01 6.418359e-02 2.143921e-01 2.078639e-01 1.956989e-01 2.558444e-01 2.902878e-01 2.538560e-01 2.787509e-01 2.058339e-01 2.402312e-01 2.266427e-01 1.971248e-01 1.021915e-01
<GCONST> 9.348828e+01
<STATE> 4
<NUMMIXES> 3
<MIXTURE> 1 9.522520e-02
<MEAN> 39
 1.642503e+00 -5.212956e+00 4.886278e+00 -1.741201e+00 -6.218975e+00 9.677122e+00 -3.912898e+00 2.165297e+00 3.597100e+00 -5.275755e+00 2.203578e+00 -2.366651e+00 3.740109e+01 -7.059407e-01 6.043240e-01 5.696747e-01 9.043216e-01 7.144265e-01 3.270804e-01 8.941437e-01 -1.369648e-01 3.140632e-01 7.957638e-01 2.209822e-01 4.254560e-01 -7.251899e-01 4.745366e-01 4.012394e-02 1.910950e-01 -2.021868e-01 -4.085708e-01 -9.491448e-02 -2.163187e-01 1.703196e-01 1.539498e-01 1.712241e-01 3.264125e-01 6.977080e-02 4.486159e-01
<VARIANCE> 39
 3.400252e+01 3.856780e+01 2.380669e+01 9.677941e+00 2.328115e+01 6.360737e+01 1.972244e+01 1.363989e+01 2.248558e+01 1.530569e+01 9.589519e+00 1.517394e+01 2.683988e+01 1.521488e+00 1.175725e+00 7.459513e-01 1.393211e+00 1.419255e+00 1.317870e+00 8.950064e-01 1.414958e+00 1.526935e+00 1.390786e+00 1.543793e+00 1.394964e+00 1.091022e+00 5.842322e-01 1.512322e-01 3.396342e-01 4.790155e-01 5.613949e-01 3.267514e-01 2.102126e-01 2.203656e-01 2.260943e-01 2.356171e-01 2.103304e-01 3.054543e-01 4.387485e-01
<GCONST> 9.888052e+01
<MIXTURE> 2 4.932339e-01
<MEAN> 39
 3.028330e-01 -8.759899e+00 5.421466e+00 -5.405212e-01 -6.645721e+00 1.014434e+01 -6.053113e+00 5.986780e-02 3.186193e+00 -4.972330e+00 2.302769e+00 -3.394759e+00 3.781198e+01 -1.213644e+00 -2.275197e-01 -7.588289e-01 5.961443e-01 5.835412e-01 -2.406548e-01 1.958233e-01 -7.822168e-01 -5.026857e-01 2.200008e-01 -2.731875e-01 -1.037228e-02 -1.066495e+00 1.171367e-01 -1.835583e-01 -8.954659e-02 -2.234423e-01 -1.936633e-01 -5.083971e-02 -1.141031e-01 2.997446e-02 5.619913e-02 -2.272051e-02 3.593440e-02 -8.945551e-02 1.983420e-01
<VARIANCE> 39
 5.722921e+01 4.674881e+01 2.027237e+01 2.721484e+01 4.311079e+01 6.179398e+01 2.645043e+01 4.202443e+01 2.654916e+01 2.489544e+01 1.248442e+01 2.231871e+01 3.631079e+01 1.550041e+00 1.641175e+00 1.584305e+00 1.249974e+00 1.791496e+00 2.406610e+00 2.484289e+00 2.981594e+00 1.574988e+00 1.433944e+00 1.434362e+00 1.372084e+00 1.775437e+00 1.451770e-01 2.038139e-01 2.608820e-01 2.165849e-01 3.607059e-01 5.398406e-01 3.571019e-01 4.876221e-01 2.847646e-01 3.052661e-01 2.533955e-01 2.506928e-01 1.325072e-01
<GCONST> 1.066473e+02
<MIXTURE> 3 4.115412e-01
<MEAN> 39
 1.404820e+00 -8.722965e+00 5.133401e+00 -9.909614e-01 -5.731677e+00 1.091576e+01 -6.785739e+00 4.134700e-01 3.797915e+00 -5.177686e+00 1.764035e+00 -4.301770e+00 3.880840e+01 -1.055659e+00 6.489448e-02 -4.599064e-01 6.958474e-01 6.175441e-01 -3.364989e-02 7.286465e-01 -1.949233e-01 -2.188265e-01 4.866845e-01 4.523407e-02 1.839563e-01 -1.035868e+00 7.164288e-02 -1.575047e-01 -4.673510e-03 -1.164598e-01 -2.235107e-01 -9.678996e-02 -3.160491e-02 9.183027e-02 5.102648e-02 -2.730705e-03 8.747809e-02 1.590792e-02 1.510707e-01
<VARIANCE> 39
 6.694816e+01 5.588919e+01 1.933238e+01 2.603986e+01 4.270800e+01 6.475228e+01 2.420826e+01 4.566904e+01 3.084362e+01 2.983578e+01 1.560516e+01 1.984257e+01 5.479863e+01 2.230150e+00 2.195071e+00 1.683359e+00 1.565599e+00 2.136948e+00 2.385826e+00 2.364290e+00 2.781767e+00 2.038869e+00 1.745972e+00 1.287785e+00 1.766141e+00 2.369580e+00 2.156170e-01 3.015153e-01 3.346975e-01 2.234203e-01 3.851097e-01 4.385006e-01 3.044913e-01 4.355202e-01 2.720874e-01 3.327928e-01 2.363572e-01 2.633831e-01 2.252329e-01
<GCONST> 1.108523e+02
<TRANSP> 5
 0.000000e+00 1.000000e+00 0.000000e+00 0.000000e+00 0.000000e+00
 0.000000e+00 8.469690e-01 1.530310e-01 0.000000e+00 0.000000e+00
 0.000000e+00 0.000000e+00 9.184501e-01 8.154995e-02 0.000000e+00
 0.000000e+00 0.000000e+00 0.000000e+00 6.610176e-01 3.389824e-01
 0.000000e+00 0.000000e+00 0.000000e+00 0.000000e+00 0.000000e+00
<ENDHMM>
~h "sil"
<BEGINHMM>
<NUMSTATES> 5
<STATE> 2
<MEAN> 39
 -5.175397e+00 -4.253050e+00 4.443951e+00 9.839386e-02 -5.106021e+00 5.551595e+00 -4.500935e+00 1.758677e+00 6.683399e-01 -4.922590e+00 2.080830e+00 -2.214649e+00 3.174889e+01 3.615081e-02 1.557374e-02 5.497996e-02 -1.098419e-01 -3.058571e-01 -3.027828e-01 -1.738481e-01 -1.792867e-01 2.801090e-02 1.216407e-01 1.183002e-01 1.735687e-01 5.411473e-02 1.653067e-01 -8.697777e-02 1.845216e-01 -7.834832e-02 -1.524328e-01 3.543664e-02 -1.359018e-01 5.009776e-02 1.174017e-01 1.327258e-02 4.049812e-02 -5.474049e-02 2.487499e-01
<VARIANCE> 39
 4.533496e+01 2.656384e+01 2.653572e+01 2.137206e+01 2.458355e+01 2.072151e+01 2.484538e+01 2.294514e+01 2.385887e+01 1.952784e+01 1.445831e+01 1.492888e+01 3.372051e+01 2.080955e+00 2.847981e+00 2.534304e+00 2.464053e+00 3.046301e+00 2.227310e+00 2.737903e+00 2.499804e+00 2.757485e+00 2.255649e+00 1.776481e+00 1.538797e+00 2.642854e+00 3.520910e-01 4.707012e-01 5.270020e-01 4.432081e-01 4.770178e-01 4.160968e-01 5.185179e-01 5.165455e-01 4.799590e-01 4.414223e-01 3.688031e-01 3.194499e-01 4.159914e-01
<GCONST> 1.132280e+02
<STATE> 3
<MEAN> 39
 1.005229e+01 -1.099104e+01 1.223155e+01 -6.163467e+00 -1.778354e+01 5.942005e+00 -1.118282e+01 -1.875178e-01 2.864019e+00 -7.651974e+00 2.814941e+00 -4.381475e+00 5.232250e+01 -1.581697e-01 1.400278e-02 -7.578915e-02 1.575284e-01 2.295941e-01 6.021186e-02 8.886969e-02 5.731353e-02 2.051209e-02 6.094629e-03 -5.128375e-02 6.147665e-02 -1.898651e-01 -1.008629e-01 2.833280e-02 -4.431314e-02 9.264389e-02 1.696780e-01 3.925351e-02 5.925962e-02 3.352977e-02 -5.761404e-03 1.757568e-02 -2.423833e-02 -1.054639e-02 -1.317858e-01
<VARIANCE> 39
 4.385650e+01 5.808497e+01 1.102518e+02 2.984576e+01 8.019490e+01 3.597818e+01 4.281438e+01 4.901803e+01 2.314561e+01 2.454474e+01 2.136543e+01 2.247017e+01 1.272710e+02 1.237352e+00 2.499983e+00 3.780509e+00 1.905311e+00 3.513311e+00 2.253044e+00 2.063220e+00 2.588403e+00 1.787828e+00 1.656764e+00 1.852544e+00 1.375649e+00 3.215181e+00 1.461743e-01 4.174901e-01 4.329052e-01 3.149375e-01 4.685744e-01 4.111505e-01 3.663339e-01 4.132724e-01 3.388336e-01 3.114468e-01 3.680229e-01 2.547866e-01 2.739417e-01
<GCONST> 1.164007e+02
<STATE> 4
<MEAN> 39
 -4.388587e+00 -3.080814e+00 5.771808e+00 5.128214e-01 -4.582589e+00 6.369550e+00 -4.407067e+00 2.292191e+00 1.382072e+00 -4.187840e+00 2.442428e+00 -2.633304e+00 3.216572e+01 -3.075435e-02 2.746771e-02 2.655958e-02 1.110218e-02 1.056473e-02 -1.186885e-02 -4.886182e-03 5.190783e-03 7.485272e-03 1.191122e-02 -3.517514e-04 -4.016488e-03 -2.674887e-02 9.134776e-03 -5.794406e-03 -4.328018e-03 -6.733475e-03 -8.117904e-03 2.412858e-03 8.723560e-04 -3.056016e-03 -1.247239e-03 -7.462370e-03 -1.794183e-03 -6.266111e-04 9.258625e-03
<VARIANCE> 39
 5.303925e+00 9.244674e+00 1.090929e+01 1.020928e+01 1.157591e+01 1.321814e+01 1.329082e+01 1.424147e+01 1.528467e+01 1.624272e+01 1.448154e+01 1.266749e+01 2.903377e+00 1.830271e-01 3.975459e-01 5.303464e-01 6.980119e-01 9.383606e-01 1.090508e+00 1.175897e+00 1.292403e+00 1.402128e+00 1.387820e+00 1.375583e+00 1.235131e+00 5.200075e-02 3.590723e-02 8.247647e-02 1.048655e-01 1.397057e-01 1.941256e-01 2.253583e-01 2.402434e-01 2.582716e-01 2.854021e-01 2.802383e-01 2.877439e-01 2.555768e-01 1.200860e-02
<GCONST> 7.190265e+01
<TRANSP> 5
 0.000000e+00 1.000000e+00 0.000000e+00 0.000000e+00 0.000000e+00
 0.000000e+00 5.753804e-01 4.923299e-02 3.753866e-01 0.000000e+00
 0.000000e+00 0.000000e+00 9.564645e-01 4.353542e-02 0.000000e+00
 0.000000e+00 7.540535e-03 0.000000e+00 9.714072e-01 2.105227e-02
 0.000000e+00 0.000000e+00 0.000000e+00 0.000000e+00 0.000000e+00
<ENDHMM>
