~o
<STREAMINFO> 1 39
<VECSIZE> 39<NULLD><MFCC_D_A_0><DIAGC>
~h "d"
<BEGINHMM>
<NUMSTATES> 5
<STATE> 2
<MEAN> 39
 -6.960602e+00 -3.396872e+00 4.396036e+00 -2.789447e-01 -4.184808e+00 5.229071e+00 -4.710937e+00 1.336376e+00 1.483836e+00 -2.798951e+00 2.050381e+00 -1.451684e+00 3.038070e+01 9.846725e-01 -8.867313e-01 -2.146929e-01 -5.435527e-01 -6.818344e-01 3.413820e-01 -5.996879e-01 -1.636577e-02 2.874371e-01 -2.281677e-01 4.841287e-01 1.297795e-01 1.155799e+00 5.059409e-01 -2.162458e-01 1.450861e-01 -1.980450e-01 -3.692873e-01 1.484444e-01 -2.133006e-01 -4.086556e-02 5.154793e-02 -1.679087e-01 1.385181e-01 -7.754941e-02 5.148472e-01
<VARIANCE> 39
 8.583627e+01 2.355121e+01 2.942241e+01 1.341374e+01 2.332983e+01 2.526785e+01 1.811924e+01 1.667210e+01 1.469092e+01 2.479054e+01 1.080255e+01 1.157136e+01 6.846588e+01 9.715471e+00 3.736375e+00 3.303108e+00 2.110119e+00 3.875408e+00 3.415527e+00 2.138219e+00 1.911711e+00 2.021852e+00 2.331542e+00 1.675718e+00 1.822680e+00 7.775720e+00 9.196053e-01 4.910981e-01 3.708334e-01 2.863426e-01 5.585286e-01 5.486840e-01 3.881056e-01 3.316276e-01 2.685574e-01 3.733627e-01 2.962872e-01 2.495192e-01 8.929297e-01
<GCONST> 1.152635e+02
<STATE> 3
<MEAN> 39
 8.596445e+00 -9.271083e+00 7.548936e+00 -8.327247e+00 -1.325977e+01 8.566964e+00 -1.174916e+01 2.397336e+00 7.390586e+00 -4.516719e+00 4.594048e+00 -3.255785e+00 4.757857e+01 2.954504e-01 -6.921127e-02 1.295951e-01 3.551646e-02 -3.197376e-02 2.588712e-02 -5.041225e-02 1.129630e-01 -8.986169e-03 -8.546924e-02 8.472146e-03 -6.761678e-02 2.900842e-01 -1.526082e-01 1.314129e-01 4.550183e-02 1.425747e-01 1.378416e-01 -3.240572e-02 8.889796e-02 -1.804902e-02 -7.483181e-02 3.494297e-02 -5.273645e-02 5.575553e-03 -1.788642e-01
<VARIANCE> 39
 1.088903e+02 6.780157e+01 4.613120e+01 3.671137e+01 3.596468e+01 3.766606e+01 3.501674e+01 2.246373e+01 4.273948e+01 2.742666e+01 2.281086e+01 1.749369e+01 1.183538e+02 3.584593e+00 4.005363e+00 3.117918e+00 2.415215e+00 2.396702e+00 2.897534e+00 2.850038e+00 1.704238e+00 2.145549e+00 2.137974e+00 1.768482e+00 1.301474e+00 4.604636e+00 5.950115e-01 7.220199e-01 5.389374e-01 4.337853e-01 3.528777e-01 5.777506e-01 4.930594e-01 2.982514e-01 3.931471e-01 4.167626e-01 3.535488e-01 2.481891e-01 5.446222e-01
<GCONST> 1.211575e+02
<STATE> 4
<MEAN> 39
 -7.119794e+00 -5.119857e+00 7.967331e+00 2.571202e+00 -5.217717e+00 5.784819e+00 -5.843216e+00 -4.548634e-02 3.302427e-02 -5.273796e+00 2.051651e+00 -2.402535e+00 3.126426e+01 -7.033388e-02 -2.268888e-02 1.638451e-02 3.325041e-02 8.595333e-03 -1.135132e-02 -5.195609e-03 -1.760099e-02 2.793849e-03 2.072671e-02 1.144489e-02 1.846606e-02 -4.102341e-02 2.147882e-02 -1.453240e-02 -3.552262e-03 -2.040201e-02 -1.891754e-02 6.754109e-03 -7.521771e-03 -1.391422e-03 1.428943e-02 5.019903e-03 1.929938e-03 -4.454381e-03 2.108501e-02
<VARIANCE> 39
 3.807666e+01 3.825106e+01 2.651741e+01 1.586388e+01 2.735444e+01 1.619382e+01 1.543160e+01 2.191984e+01 1.858756e+01 1.681389e+01 1.308488e+01 1.167167e+01 2.482142e+01 4.360096e-01 6.429202e-01 8.776153e-01 9.255998e-01 1.230426e+00 1.394638e+00 1.483335e+00 1.319455e+00 1.449790e+00 1.430060e+00 1.318415e+00 1.122366e+00 2.750697e-01 8.209156e-02 1.296496e-01 1.804453e-01 1.784026e-01 2.595462e-01 2.843589e-01 3.105697e-01 2.557190e-01 3.020149e-01 2.864106e-01 2.711571e-01 2.294082e-01 5.419645e-02
<GCONST> 8.920897e+01
<TRANSP> 5
 0.000000e+00 1.000000e+00 0.000000e+00 0.000000e+00 0.000000e+00
 0.000000e+00 2.310495e-01 7.689504e-01 0.000000e+00 0.000000e+00
 0.000000e+00 0.000000e+00 8.011296e-01 1.988703e-01 0.000000e+00
 0.000000e+00 0.000000e+00 0.000000e+00 9.537467e-01 4.625325e-02
 0.000000e+00 0.000000e+00 0.000000e+00 0.000000e+00 0.000000e+00
<ENDHMM>
~h "f"
<BEGINHMM>
<NUMSTATES> 5
<STATE> 2
<MEAN> 39
 -1.589527e+01 -3.419060e+00 -4.454029e-01 -1.845417e-01 -1.707745e+00 2.828482e+00 -1.638324e+00 2.186363e+00 8.668796e-01 -1.261656e+00 5.553437e-01 -3.095018e-01 2.264074e+01 6.552352e-01 1.220878e-01 3.196782e-01 9.243278e-02 -4.837857e-02 1.669198e-01 -9.561615e-02 -2.638878e-02 1.211427e-01 -1.455385e-01 8.862266e-02 -3.395918e-02 4.847178e-01 1.160298e-01 -4.650471e-02 7.244295e-02 -4.458632e-02 -9.428195e-02 4.812025e-03 -9.466533e-02 3.535716e-02 3.249574e-03 4.261395e-03 6.709557e-03 -5.012139e-02 1.190419e-01
<VARIANCE> 39
 8.939538e+01 4.842006e+01 3.616105e+01 8.624925e+00 1.728861e+01 2.429799e+01 3.051644e+01 1.140836e+01 8.759593e+00 1.698766e+01 1.148852e+01 1.019406e+01 1.084471e+02 8.445271e+00 6.451861e+00 3.547549e+00 1.476850e+00 2.044826e+00 2.360368e+00 3.476716e+00 1.644793e+00 8.972737e-01 1.850689e+00 1.323726e+00 1.435140e+00 1.126595e+01 1.403787e+00 1.165634e+00 5.605050e-01 2.520092e-01 3.273818e-01 4.351730e-01 5.953689e-01 2.992643e-01 1.629589e-01 3.680208e-01 2.237336e-01 2.568554e-01 1.869484e+00
<GCONST> 1.144974e+02
<STATE> 3
<MEAN> 39
 1.023555e+01 -9.625861e+00 8.420986e+00 -6.735748e+00 -1.146620e+01 8.402446e+00 -1.348901e+01 1.480097e+00 8.044402e+00 -4.396556e+00 3.573680e+00 -3.305463e+00 5.003328e+01 -5.316136e-02 2.646008e-01 -3.917042e-02 9.892451e-02 2.670255e-02 -1.458537e-01 1.179098e-01 -5.177057e-02 -4.004538e-02 7.377704e-02 4.713450e-03 5.762878e-02 -1.966446e-01 -1.049767e-01 6.281904e-02 -5.965248e-02 2.236110e-02 4.064867e-02 -2.993121e-02 3.604067e-02 -2.847800e-02 -1.936312e-02 3.822062e-02 -2.311069e-02 1.117281e-02 -1.063341e-01
<VARIANCE> 39
 7.331824e+01 4.181756e+01 3.763005e+01 3.777421e+01 2.509533e+01 1.732759e+01 4.700857e+01 2.852944e+01 5.112546e+01 2.038750e+01 2.221924e+01 2.084261e+01 1.261472e+02 3.386832e+00 4.090370e+00 3.230057e+00 2.207973e+00 1.583771e+00 2.346127e+00 3.262857e+00 2.503055e+00 2.742384e+00 2.295292e+00 2.054619e+00 2.093258e+00 6.579347e+00 6.329391e-01 5.594054e-01 6.089903e-01 3.562293e-01 3.012258e-01 5.205359e-01 4.741236e-01 4.841860e-01 5.016173e-01 4.205110e-01 3.545970e-01 3.348778e-01 8.483027e-01
<GCONST> 1.216116e+02
<STATE> 4
<MEAN> 39
 -8.195457e-01 -5.173062e+00 7.728519e+00 -9.825348e-01 -7.092237e+00 6.669390e+00 -7.267311e+00 1.396141e+00 2.201177e+00 -4.996680e+00 2.682879e+00 -3.081756e+00 3.722339e+01 -6.534112e-03 3.581219e-03 -3.236621e-03 1.092750e-03 1.889822e-03 -3.489357e-03 3.516136e-03 2.793494e-04 6.694367e-05 2.952913e-03 -1.045358e-03 2.430103e-04 -7.143300e-03 6.969837e-04 -2.048812e-03 5.668770e-04 -7.080589e-04 -5.335921e-04 6.099225e-04 -5.906558e-04 3.308878e-04 6.591374e-04 -2.585197e-04 6.194895e-04 8.877527e-05 1.591041e-03
<VARIANCE> 39
 8.452620e+01 3.844359e+01 3.661742e+01 3.665541e+01 4.633584e+01 2.220748e+01 3.469213e+01 2.464083e+01 3.005584e+01 2.017683e+01 1.793841e+01 1.570727e+01 1.159558e+02 1.138463e+00 1.694306e+00 1.704685e+00 1.438338e+00 1.802351e+00 1.657224e+00 1.828529e+00 1.767390e+00 1.741985e+00 1.665447e+00 1.575177e+00 1.376820e+00 1.640859e+00 1.743613e-01 2.942243e-01 2.810203e-01 2.546824e-01 3.261101e-01 3.261748e-01 3.450722e-01 3.319696e-01 3.253071e-01 3.271244e-01 3.128248e-01 2.764263e-01 2.016523e-01
<GCONST> 1.073060e+02
<TRANSP> 5
 0.000000e+00 1.000000e+00 0.000000e+00 0.000000e+00 0.000000e+00
 0.000000e+00 9.225908e-01 7.740916e-02 0.000000e+00 0.000000e+00
 0.000000e+00 0.000000e+00 7.966805e-01 2.033195e-01 0.000000e+00
 0.000000e+00 0.000000e+00 0.000000e+00 9.982890e-01 1.711013e-03
 0.000000e+00 0.000000e+00 0.000000e+00 0.000000e+00 0.000000e+00
<ENDHMM>
~h "g"
<BEGINHMM>
<NUMSTATES> 5
<STATE> 2
<MEAN> 39
 -4.077869e+00 -5.072430e+00 5.551350e+00 1.089529e+00 -4.358586e+00 6.067118e+00 -5.074400e+00 1.404453e+00 1.528730e+00 -4.123695e+00 2.285095e+00 -1.770864e+00 3.363800e+01 9.536126e-01 -1.374997e+00 -7.053857e-01 -5.307435e-01 -5.424885e-01 1.941393e-01 -3.587368e-01 -2.629918e-01 8.154923e-02 -2.460634e-01 5.289854e-02 -2.708036e-01 1.261970e+00 4.605623e-01 -2.286824e-01 2.171734e-01 -2.244668e-01 -3.594374e-01 4.997320e-02 -2.995960e-01 6.196360e-02 7.194920e-02 -3.896209e-02 1.949854e-01 -1.541296e-01 5.834956e-01
<VARIANCE> 39
 7.097493e+01 5.955479e+01 5.851255e+01 2.075136e+01 3.700575e+01 2.319295e+01 2.984421e+01 1.541496e+01 1.195353e+01 1.899651e+01 1.329367e+01 1.531897e+01 7.798708e+01 5.439663e+00 5.530967e+00 4.614056e+00 3.218673e+00 4.315735e+00 3.438037e+00 2.486972e+00 2.022382e+00 1.755025e+00 2.252819e+00 1.508696e+00 1.508059e+00 7.102761e+00 9.539785e-01 1.056594e+00 6.587650e-01 4.293127e-01 5.893658e-01 4.761731e-01 4.721136e-01 2.987505e-01 2.082068e-01 2.807201e-01 2.647428e-01 2.619943e-01 1.147884e+00
<GCONST> 1.198301e+02
<STATE> 3
<MEAN> 39
 1.138099e+01 -1.128827e+01 9.449892e+00 -6.191063e+00 -1.297603e+01 7.415431e+00 -1.330845e+01 1.979885e+00 6.042547e+00 -6.209344e+00 3.668999e+00 -4.569450e+00 5.187623e+01 7.082927e-02 2.551211e-01 1.591674e-01 2.581994e-02 -1.023610e-02 -1.976547e-02 -1.753427e-02 1.163703e-02 3.203441e-02 1.186841e-01 7.034870e-02 -8.129671e-03 -5.917759e-02 -1.624032e-01 1.335552e-01 -2.136358e-02 9.672148e-02 1.052570e-01 -4.668834e-02 8.222676e-02 1.367388e-02 -3.345669e-02 1.248601e-02 -4.934012e-02 3.217357e-02 -2.048478e-01
<VARIANCE> 39
 6.780129e+01 6.733960e+01 7.158675e+01 3.236332e+01 5.882236e+01 3.852456e+01 4.441670e+01 4.836281e+01 4.876638e+01 2.673689e+01 2.795823e+01 2.250802e+01 1.034076e+02 3.252879e+00 4.515871e+00 4.481118e+00 2.667225e+00 2.965096e+00 2.204553e+00 3.602797e+00 3.036100e+00 2.638018e+00 2.330310e+00 2.018360e+00 1.790497e+00 6.030782e+00 4.292416e-01 7.354724e-01 7.271255e-01 4.279649e-01 4.822690e-01 4.588203e-01 5.841325e-01 5.282482e-01 4.223856e-01 4.304073e-01 3.425386e-01 3.321011e-01 6.709258e-01
<GCONST> 1.265593e+02
<STATE> 4
<MEAN> 39
 -6.482818e+00 -2.880029e+00 8.156111e+00 2.038099e+00 -4.436706e+00 5.627247e+00 -5.965753e+00 1.082070e+00 9.492509e-01 -4.180016e+00 2.881706e+00 -2.251592e+00 3.099092e+01 -5.906280e-02 1.562842e-02 -2.526420e-02 2.833422e-02 3.637750e-02 -2.007809e-02 1.799843e-02 7.373032e-03 -2.226697e-02 3.912898e-04 -8.098650e-03 -1.753967e-03 -6.379124e-02 2.322568e-02 -3.267173e-02 -7.497058e-03 -1.247014e-02 -1.581206e-02 9.969804e-03 -5.888150e-03 -8.051887e-04 7.242152e-03 -6.062557e-03 1.541381e-03 1.341054e-03 3.170644e-02
<VARIANCE> 39
 2.661086e+01 1.535314e+01 1.652207e+01 1.331455e+01 2.252551e+01 1.557371e+01 1.678096e+01 1.968830e+01 1.836249e+01 1.741557e+01 1.378751e+01 1.183849e+01 1.860808e+01 5.400972e-01 8.622225e-01 8.228735e-01 8.999309e-01 1.162143e+00 1.257870e+00 1.368602e+00 1.528967e+00 1.441167e+00 1.456395e+00 1.291650e+00 1.119863e+00 2.845953e-01 9.426445e-02 1.800272e-01 1.546069e-01 1.853569e-01 2.276459e-01 2.490952e-01 2.913486e-01 3.218323e-01 2.968544e-01 3.019312e-01 2.693924e-01 2.289862e-01 4.589227e-02
<GCONST> 8.729289e+01
<TRANSP> 5
 0.000000e+00 1.000000e+00 0.000000e+00 0.000000e+00 0.000000e+00
 0.000000e+00 3.618413e-01 6.381587e-01 0.000000e+00 0.000000e+00
 0.000000e+00 0.000000e+00 8.807289e-01 1.192712e-01 0.000000e+00
 0.000000e+00 0.000000e+00 0.000000e+00 9.627271e-01 3.727287e-02
 0.000000e+00 0.000000e+00 0.000000e+00 0.000000e+00 0.000000e+00
<ENDHMM>
~h "m"
<BEGINHMM>
<NUMSTATES> 5
<STATE> 2
<MEAN> 39
 -5.489166e+00 -3.106481e+00 6.432201e+00 1.556464e+00 -4.539750e+00 4.969553e+00 -5.277528e+00 9.078524e-01 5.009121e-01 -3.865940e+00 2.390745e+00 -2.121645e+00 3.162089e+01 1.224176e+00 -1.163085e+00 -2.977224e-01 -8.763244e-01 -1.127387e+00 -8.430259e-02 -4.731969e-01 -7.463621e-02 4.566005e-01 4.510558e-02 2.167150e-02 -3.371866e-02 1.513485e+00 6.508846e-01 -4.570998e-01 1.987928e-01 -3.475606e-01 -5.091712e-01 1.408658e-01 -2.911810e-01 1.780800e-02 1.428218e-01 -1.167080e-01 1.661246e-01 -8.004755e-02 8.511842e-01
<VARIANCE> 39
 7.347010e+01 2.218025e+01 4.367489e+01 1.001112e+01 2.673569e+01 2.326177e+01 2.252844e+01 1.268493e+01 1.361727e+01 1.547998e+01 1.120999e+01 1.362971e+01 5.884819e+01 6.897715e+00 6.555859e+00 3.838715e+00 3.330589e+00 4.338432e+00 2.879933e+00 3.257615e+00 1.871771e+00 1.631069e+00 2.100644e+00 2.280450e+00 1.434026e+00 7.891674e+00 8.242807e-01 7.645096e-01 4.167298e-01 3.371676e-01 5.723392e-01 4.333637e-01 4.552173e-01 3.242280e-01 3.007519e-01 3.721079e-01 3.308581e-01 3.392861e-01 1.051175e+00
<GCONST> 1.168129e+02
<STATE> 3
<MEAN> 39
 1.178551e+01 -1.066194e+01 1.028084e+01 -6.184155e+00 -1.381150e+01 6.226005e+00 -1.359344e+01 1.807907e+00 5.641116e+00 -6.141705e+00 2.882082e+00 -5.800519e+00 5.283241e+01 1.450854e-01 8.385339e-02 8.083063e-02 -8.457328e-02 -4.730818e-02 6.356627e-02 1.008820e-02 1.378873e-01 8.249193e-02 -3.254202e-02 -5.193862e-02 -8.308148e-02 9.694520e-02 -2.026132e-01 2.004626e-01 -3.604497e-02 1.178879e-01 1.862944e-01 -2.692362e-02 1.019570e-01 -8.301103e-03 -7.573603e-02 1.417460e-02 -3.998291e-02 2.342124e-02 -2.857715e-01
<VARIANCE> 39
 6.296715e+01 6.839339e+01 7.927402e+01 3.292617e+01 6.999043e+01 3.253507e+01 4.289694e+01 4.455861e+01 4.452681e+01 2.266059e+01 2.969531e+01 2.052736e+01 1.118756e+02 3.095151e+00 5.734738e+00 4.473316e+00 2.529855e+00 3.811529e+00 2.142763e+00 3.557981e+00 2.786538e+00 2.685049e+00 2.014606e+00 2.484109e+00 1.795377e+00 6.545468e+00 3.880502e-01 9.138485e-01 6.171023e-01 4.030009e-01 5.772812e-01 4.466331e-01 5.606620e-01 4.079281e-01 4.025480e-01 3.848369e-01 4.735680e-01 3.155207e-01 6.520596e-01
<GCONST> 1.265517e+02
<STATE> 4
<MEAN> 39
 -5.196859e+00 -3.165750e+00 7.470733e+00 1.232476e+00 -5.004381e+00 5.949172e+00 -5.332563e+00 1.297410e+00 5.613816e-01 -4.956469e+00 1.993627e+00 -3.050464e+00 3.196946e+01 -9.312552e-02 2.770870e-03 -2.419158e-02 3.963757e-02 3.801357e-02 -2.728394e-03 3.297393e-02 -2.342582e-02 -2.306742e-02 1.697058e-02 9.103412e-03 2.405876e-02 -8.991543e-02 2.432589e-02 -2.797794e-02 2.500769e-03 -9.511461e-03 -1.597476e-02 7.621382e-03 -1.336854e-02 -2.975831e-04 1.229362e-02 -2.947915e-03 1.125416e-02 9.465856e-03 3.253078e-02
<VARIANCE> 39
 2.002007e+01 1.178312e+01 2.323438e+01 1.889348e+01 2.277975e+01 1.562538e+01 1.704707e+01 1.726871e+01 1.717446e+01 1.821309e+01 1.493103e+01 1.299556e+01 1.814501e+01 4.609621e-01 7.471528e-01 8.100611e-01 1.037768e+00 1.388789e+00 1.322761e+00 1.291245e+00 1.418278e+00 1.635791e+00 1.714396e+00 1.550699e+00 1.300659e+00 2.913488e-01 9.491170e-02 1.563999e-01 1.573802e-01 2.104582e-01 2.711415e-01 2.618432e-01 2.629584e-01 2.837972e-01 3.267659e-01 3.577074e-01 3.339201e-01 2.682993e-01 6.982031e-02
<GCONST> 8.909096e+01
<TRANSP> 5
 0.000000e+00 1.000000e+00 0.000000e+00 0.000000e+00 0.000000e+00
 0.000000e+00 3.413657e-01 6.586343e-01 0.000000e+00 0.000000e+00
 0.000000e+00 0.000000e+00 8.637306e-01 1.362694e-01 0.000000e+00
 0.000000e+00 0.000000e+00 0.000000e+00 9.583344e-01 4.166564e-02
 0.000000e+00 0.000000e+00 0.000000e+00 0.000000e+00 0.000000e+00
<ENDHMM>
~h "n"
<BEGINHMM>
<NUMSTATES> 5
<STATE> 2
<MEAN> 39
 1.065943e+00 -5.023499e+00 7.341173e+00 -1.160529e+00 -9.673019e+00 5.182707e+00 -5.202600e+00 3.000705e+00 5.677499e+00 -5.540234e+00 1.889582e-01 -3.646695e+00 3.805669e+01 3.267892e-01 -8.400064e-01 -2.091992e-02 -9.937586e-01 -8.241928e-01 1.263009e+00 5.712473e-02 -9.959937e-01 -1.002912e+00 -1.747070e+00 -4.892251e-01 5.318848e-01 7.655627e-01 4.156223e-01 -5.775262e-02 4.163701e-01 -2.668388e-01 -4.690215e-01 -5.468553e-02 -5.638621e-01 -2.443066e-01 -7.059776e-02 5.355114e-01 8.262665e-01 2.329763e-01 4.340928e-01
<VARIANCE> 39
 2.653827e+01 8.333188e+01 4.043586e+01 1.058435e+01 1.127811e+01 1.206002e+01 4.397314e+01 1.010793e+01 1.349460e+01 3.248457e+01 2.259270e+01 2.021678e+01 2.941558e+01 7.085419e-01 1.429111e+00 7.736399e-01 3.011112e+00 1.468237e+00 1.761963e+00 9.891554e-01 2.513072e+00 8.779513e-01 1.658200e+00 1.078578e+00 9.555926e-01 1.438440e+00 3.285990e-01 4.427002e-01 6.762309e-01 2.431014e-01 7.301069e-01 2.770530e-01 5.231407e-01 2.052301e-01 4.047138e-01 5.209950e-01 3.412421e-01 4.031859e-01 4.355964e-01
<GCONST> 1.035906e+02
<STATE> 3
<MEAN> 39
 1.270070e+01 -1.155361e+01 8.405914e+00 -1.184622e+01 -1.651330e+01 7.400619e+00 -1.508026e+01 2.288640e+00 8.662641e+00 -6.057591e+00 4.222297e+00 -4.110971e+00 5.636074e+01 1.680425e-01 1.718285e-01 2.115768e-01 -2.343712e-02 -8.039084e-02 -6.849935e-02 -1.132104e-01 -8.762901e-02 -6.707332e-02 1.030069e-01 7.851174e-02 -1.025086e-01 1.264477e-01 -5.693127e-02 4.120923e-02 -2.765237e-02 6.505772e-02 7.323595e-02 -3.597872e-02 2.821716e-02 1.226220e-02 -2.183090e-02 3.400483e-02 9.703532e-03 6.936102e-03 -8.458793e-02
<VARIANCE> 39
 3.500749e+01 6.096812e+01 5.819229e+01 3.110851e+01 2.455019e+01 2.985584e+01 4.483162e+01 3.481034e+01 4.359044e+01 1.973893e+01 1.925655e+01 2.800830e+01 8.427851e+01 1.843308e+00 3.616242e+00 3.854262e+00 2.441550e+00 1.964792e+00 2.651617e+00 3.079823e+00 2.241794e+00 2.920902e+00 1.490078e+00 1.760574e+00 1.876176e+00 5.135862e+00 2.703255e-01 6.226322e-01 5.556060e-01 3.952917e-01 3.457028e-01 5.194616e-01 4.972287e-01 3.925733e-01 4.525097e-01 3.530676e-01 3.503317e-01 3.246409e-01 6.076052e-01
<GCONST> 1.191447e+02
<STATE> 4
<MEAN> 39
 3.144526e+00 -3.865689e+00 9.642365e+00 -1.951293e+00 -9.549456e+00 6.497238e+00 -8.895030e+00 4.211060e-01 1.394951e+00 -6.883956e+00 3.095520e+00 -3.880536e+00 3.948527e+01 -4.172483e-01 -3.307826e-02 -4.380946e-01 2.165059e-01 3.342061e-01 9.112643e-02 2.427701e-01 7.159872e-02 3.822062e-03 5.535027e-03 -6.012867e-02 1.066845e-01 -4.543665e-01 5.348904e-02 -5.029432e-02 -6.906839e-02 -1.797397e-01 -1.309473e-01 -2.365448e-02 3.109151e-02 1.076193e-01 1.326790e-01 7.276320e-02 3.901892e-02 3.611773e-02 1.322072e-01
<VARIANCE> 39
 4.423868e+01 1.704698e+01 7.114864e+01 1.489260e+01 2.767967e+01 1.174247e+01 3.027724e+01 1.566056e+01 1.113044e+01 1.401467e+01 1.111303e+01 1.083191e+01 5.018250e+01 6.349110e-01 9.241269e-01 1.337943e+00 1.402306e+00 1.394994e+00 1.445058e+00 1.168810e+00 1.240272e+00 1.458150e+00 1.548014e+00 1.717436e+00 1.381253e+00 8.994213e-01 8.187132e-02 1.411576e-01 2.218952e-01 2.779753e-01 2.219966e-01 3.502450e-01 2.634355e-01 2.828714e-01 2.288496e-01 2.740157e-01 3.022418e-01 2.789164e-01 1.233577e-01
<GCONST> 9.397785e+01
<TRANSP> 5
 0.000000e+00 1.000000e+00 0.000000e+00 0.000000e+00 0.000000e+00
 0.000000e+00 2.028925e-02 9.797108e-01 0.000000e+00 0.000000e+00
 0.000000e+00 0.000000e+00 9.560878e-01 4.391218e-02 0.000000e+00
 0.000000e+00 0.000000e+00 0.000000e+00 8.781868e-01 1.218132e-01
 0.000000e+00 0.000000e+00 0.000000e+00 0.000000e+00 0.000000e+00
<ENDHMM>
~h "p"
<BEGINHMM>
<NUMSTATES> 5
<STATE> 2
<MEAN> 39
 -4.978447e+00 -4.782806e+00 5.367566e+00 1.012965e+00 -5.333838e+00 5.461496e+00 -4.895595e+00 6.939159e-01 1.105663e+00 -3.614675e+00 2.355412e+00 -1.950269e+00 3.238521e+01 1.130015e+00 -1.405450e+00 -4.043196e-01 -7.343837e-01 -6.296974e-01 5.117298e-01 -6.117803e-01 -1.884344e-02 2.260370e-01 -2.825620e-01 2.771684e-01 1.737678e-01 1.487026e+00 6.733487e-01 -2.115705e-01 2.972907e-01 -2.898801e-01 -3.489273e-01 1.250773e-01 -3.844710e-01 9.885098e-02 1.103714e-01 -2.686788e-01 6.469743e-02 -1.465211e-01 7.894458e-01
<VARIANCE> 39
 5.123077e+01 4.069811e+01 4.045212e+01 1.653248e+01 2.061747e+01 2.412414e+01 2.682491e+01 1.572100e+01 1.396220e+01 1.785300e+01 1.464174e+01 1.188460e+01 5.307286e+01 6.323672e+00 7.237998e+00 6.118674e+00 2.790647e+00 3.484854e+00 3.050856e+00 3.698080e+00 2.384867e+00 2.048449e+00 2.369633e+00 2.398230e+00 1.820462e+00 8.797914e+00 9.395388e-01 1.264960e+00 1.025260e+00 3.188032e-01 5.224358e-01 4.659207e-01 4.680815e-01 4.380275e-01 3.592447e-01 4.001266e-01 3.720950e-01 3.710476e-01 1.295134e+00
<GCONST> 1.215541e+02
<STATE> 3
<MEAN> 39
 1.167019e+01 -1.065652e+01 1.062830e+01 -6.517407e+00 -1.384349e+01 7.641298e+00 -1.355211e+01 1.484682e+00 5.414620e+00 -7.412272e+00 2.678083e+00 -4.502712e+00 5.226470e+01 3.197395e-01 1.952891e-01 3.285531e-01 -4.026273e-02 -8.965477e-02 1.769216e-02 -1.120708e-01 1.753503e-02 -8.371403e-03 -1.742478e-01 -6.950578e-02 -9.716135e-02 3.038743e-01 -2.576784e-01 1.757957e-01 -8.274975e-02 1.403337e-01 1.780346e-01 -4.754386e-02 1.665345e-01 -1.952775e-02 -6.435624e-02 7.460313e-02 -7.622054e-02 1.286005e-02 -3.252277e-01
<VARIANCE> 39
 5.707073e+01 6.356998e+01 8.252091e+01 2.832155e+01 6.444659e+01 3.078983e+01 4.083076e+01 4.487828e+01 4.203208e+01 2.512893e+01 3.084890e+01 2.113704e+01 9.298341e+01 3.877651e+00 4.718193e+00 5.266041e+00 2.414935e+00 3.974142e+00 2.398315e+00 3.651749e+00 2.577863e+00 2.446304e+00 2.337846e+00 2.038150e+00 1.479239e+00 6.866671e+00 4.372936e-01 8.310950e-01 7.249786e-01 3.583802e-01 5.541223e-01 3.981503e-01 5.889724e-01 3.965202e-01 3.680882e-01 4.152495e-01 3.872332e-01 3.239980e-01 7.051336e-01
<GCONST> 1.258031e+02
<STATE> 4
<MEAN> 39
 -4.462150e+00 -3.010763e+00 7.939223e+00 2.062293e+00 -3.394077e+00 7.489731e+00 -5.092085e+00 1.122519e+00 -1.492141e-01 -5.560839e+00 2.146451e+00 -2.548054e+00 3.262601e+01 -9.637866e-02 3.567857e-02 -2.849103e-02 8.374158e-02 9.732419e-02 -1.819568e-02 2.618557e-02 -2.650289e-03 -2.630596e-02 2.743996e-02 -4.236679e-03 4.547851e-03 -1.137279e-01 2.590253e-02 -3.638549e-02 -6.924933e-03 -1.892297e-02 -2.194371e-02 9.004341e-03 -1.615255e-02 -6.015708e-03 1.130915e-02 -1.457725e-03 1.275113e-02 8.442221e-03 3.776728e-02
<VARIANCE> 39
 2.859765e+01 1.490664e+01 3.566534e+01 1.972246e+01 3.138091e+01 2.679729e+01 2.941129e+01 1.788546e+01 1.723318e+01 2.039859e+01 1.348317e+01 1.257621e+01 2.910515e+01 4.639701e-01 9.018438e-01 1.029159e+00 1.009669e+00 1.263979e+00 1.650670e+00 1.639268e+00 1.648777e+00 1.576942e+00 1.470023e+00 1.401713e+00 1.252326e+00 3.505008e-01 8.625390e-02 1.799410e-01 1.938388e-01 2.027817e-01 2.491917e-01 3.278394e-01 3.415689e-01 3.513130e-01 3.115931e-01 2.891385e-01 2.985697e-01 2.511847e-01 7.074458e-02
<GCONST> 9.323360e+01
<TRANSP> 5
 0.000000e+00 1.000000e+00 0.000000e+00 0.000000e+00 0.000000e+00
 0.000000e+00 3.558291e-01 6.441709e-01 0.000000e+00 0.000000e+00
 0.000000e+00 0.000000e+00 8.483046e-01 1.516954e-01 0.000000e+00
 0.000000e+00 0.000000e+00 0.000000e+00 9.593437e-01 4.065634e-02
 0.000000e+00 0.000000e+00 0.000000e+00 0.000000e+00 0.000000e+00
<ENDHMM>
~h "s"
<BEGINHMM>
<NUMSTATES> 5
<STATE> 2
<MEAN> 39
 -6.200172e+00 -3.443420e+00 4.721085e+00 9.275531e-01 -4.716492e+00 4.818534e+00 -4.518273e+00 1.892238e+00 2.675370e+00 -3.074182e+00 2.273226e+00 -9.468413e-01 3.075895e+01 1.234557e-01 1.822823e-02 -4.588763e-01 -3.690429e-01 -7.946657e-02 4.893846e-02 1.029288e-01 -1.037745e-01 -9.960741e-02 -3.383569e-01 -2.214885e-01 2.389914e-02 1.505767e-01 3.489149e-01 -7.979363e-02 1.146824e-01 -1.990347e-01 -1.105555e-01 4.250205e-02 -3.235378e-01 -9.890097e-02 -1.357552e-01 -1.765852e-01 3.941297e-02 -8.388463e-02 3.800919e-01
<VARIANCE> 39
 7.611062e+01 2.089755e+01 5.187070e+01 1.302028e+01 1.693468e+01 1.549970e+01 2.493299e+01 1.080902e+01 1.379147e+01 1.177852e+01 1.072355e+01 1.230972e+01 6.443436e+01 1.985242e+00 3.455537e+00 2.420390e+00 1.873981e+00 1.481557e+00 1.568689e+00 2.155907e+00 1.586540e+00 1.341171e+00 2.467911e+00 1.163278e+00 1.807335e+00 2.301970e+00 4.116829e-01 2.954626e-01 3.422401e-01 2.069746e-01 1.932433e-01 2.177205e-01 3.711110e-01 2.299476e-01 1.982347e-01 3.687518e-01 2.192733e-01 2.712244e-01 4.499066e-01
<GCONST> 1.025339e+02
<STATE> 3
<MEAN> 39
 9.550282e+00 -8.603950e+00 8.499554e+00 -6.785157e+00 -1.217340e+01 7.677144e+00 -1.355617e+01 9.780815e-01 7.323824e+00 -3.870060e+00 4.361807e+00 -2.897134e+00 4.860881e+01 4.404036e-02 3.771392e-02 -3.361742e-04 -2.516320e-02 3.901888e-02 2.405968e-02 -2.219043e-03 1.511583e-03 -1.025644e-02 3.869181e-02 6.649032e-03 -4.339715e-02 1.958865e-03 -1.006444e-01 1.428713e-02 1.982428e-02 7.454377e-02 5.168581e-02 -3.150963e-02 9.049366e-03 -3.602133e-02 -4.151646e-02 7.522914e-03 7.357656e-04 3.244320e-02 -9.839991e-02
<VARIANCE> 39
 1.197501e+02 4.430079e+01 4.404792e+01 3.983033e+01 3.201195e+01 1.827080e+01 5.661963e+01 2.684167e+01 4.378012e+01 2.013382e+01 1.899646e+01 2.184695e+01 1.540266e+02 3.150190e+00 2.760985e+00 2.679772e+00 2.748248e+00 2.013173e+00 1.609275e+00 2.902165e+00 1.683167e+00 2.389400e+00 2.088357e+00 1.680742e+00 1.719347e+00 4.961745e+00 4.113116e-01 4.718072e-01 5.128667e-01 3.926050e-01 3.796299e-01 3.523301e-01 4.855415e-01 3.916646e-01 4.567826e-01 4.810275e-01 3.344578e-01 3.427911e-01 4.975425e-01
<GCONST> 1.191668e+02
<STATE> 4
<MEAN> 39
 -4.843256e+00 -1.180281e+00 8.583582e+00 2.303807e+00 -3.697341e+00 6.860383e+00 -4.534505e+00 1.870707e+00 1.015101e+00 -4.819304e+00 2.077110e+00 -2.922820e+00 3.153247e+01 -3.358967e-02 2.832792e-02 2.028847e-02 6.557535e-03 -1.217148e-02 -4.073635e-02 -2.177816e-02 -3.716267e-02 -2.075968e-02 -2.311334e-03 -5.042304e-03 -1.266968e-03 -3.011238e-02 2.716544e-02 -2.150902e-02 -2.227661e-03 -1.615395e-02 -2.077408e-02 -2.550015e-03 -1.533248e-02 9.624437e-05 9.403553e-03 4.149466e-03 1.512387e-02 6.524845e-03 3.330756e-02
<VARIANCE> 39
 1.788614e+01 1.352048e+01 1.460341e+01 1.502355e+01 2.083590e+01 1.733093e+01 1.727400e+01 1.701905e+01 1.822399e+01 1.658687e+01 1.328507e+01 1.189468e+01 1.041943e+01 4.643845e-01 6.646531e-01 7.773763e-01 1.032785e+00 1.482875e+00 1.505509e+00 1.356298e+00 1.400570e+00 1.572984e+00 1.412403e+00 1.309837e+00 1.415003e+00 1.912707e-01 1.013854e-01 1.224108e-01 1.555089e-01 2.018506e-01 3.143856e-01 3.201585e-01 2.792059e-01 2.978137e-01 3.387533e-01 2.980846e-01 2.852581e-01 2.972340e-01 5.872376e-02
<GCONST> 8.682862e+01
<TRANSP> 5
 0.000000e+00 1.000000e+00 0.000000e+00 0.000000e+00 0.000000e+00
 0.000000e+00 9.311556e-02 9.068844e-01 0.000000e+00 0.000000e+00
 0.000000e+00 0.000000e+00 7.669277e-01 2.330723e-01 0.000000e+00
 0.000000e+00 0.000000e+00 0.000000e+00 9.237732e-01 7.622687e-02
 0.000000e+00 0.000000e+00 0.000000e+00 0.000000e+00 0.000000e+00
<ENDHMM>
~h "t"
<BEGINHMM>
<NUMSTATES> 5
<STATE> 2
<MEAN> 39
 -5.128610e+00 -3.915193e+00 5.096797e+00 3.758793e-01 -4.849535e+00 5.453833e+00 -5.012424e+00 1.486847e+00 1.501376e+00 -3.797932e+00 2.344938e+00 -1.718083e+00 3.213118e+01 8.221698e-01 -7.202825e-01 -3.484811e-01 -6.688393e-01 -6.281466e-01 1.761723e-01 -2.998642e-01 -3.165495e-01 1.267885e-01 -7.900873e-02 1.336748e-01 -3.416786e-02 9.408671e-01 4.776844e-01 -2.136235e-01 1.946984e-01 -2.206983e-01 -3.537833e-01 1.092300e-01 -2.456048e-01 -5.657869e-02 9.497217e-02 -6.901826e-02 9.206139e-02 -1.130782e-01 5.792106e-01
<VARIANCE> 39
 6.180769e+01 2.545842e+01 3.445184e+01 1.580209e+01 2.066636e+01 2.327419e+01 2.316306e+01 1.479831e+01 1.512709e+01 1.971963e+01 1.305293e+01 1.255981e+01 5.902216e+01 3.870301e+00 4.673609e+00 2.751348e+00 2.889036e+00 3.512272e+00 2.703773e+00 2.554816e+00 2.087071e+00 1.961038e+00 2.078446e+00 1.452718e+00 1.509686e+00 4.510382e+00 6.157058e-01 6.932617e-01 6.110588e-01 3.854003e-01 5.045509e-01 5.056357e-01 4.421294e-01 3.865285e-01 3.410375e-01 3.602333e-01 2.759549e-01 3.361939e-01 7.819400e-01
<GCONST> 1.146658e+02
<STATE> 3
<MEAN> 39
 1.172655e+01 -1.068042e+01 1.052083e+01 -7.386868e+00 -1.393600e+01 8.392252e+00 -1.318632e+01 8.748197e-01 6.083792e+00 -5.907066e+00 3.009488e+00 -4.598420e+00 5.306381e+01 1.189403e-01 1.237997e-01 1.283302e-01 4.342340e-02 4.798311e-02 5.026158e-02 -1.567745e-02 4.370168e-02 1.750849e-02 -1.534870e-03 1.714002e-03 -6.887597e-02 6.040235e-02 -1.719910e-01 1.120679e-01 -2.238610e-02 1.098616e-01 1.116109e-01 -4.765933e-02 8.078506e-02 2.040472e-02 -4.583278e-02 1.941974e-02 -2.997141e-02 1.334152e-02 -2.080263e-01
<VARIANCE> 39
 6.554745e+01 6.512525e+01 8.592726e+01 3.427633e+01 6.042332e+01 3.248507e+01 3.899747e+01 5.088882e+01 4.506814e+01 2.514226e+01 3.099549e+01 2.195494e+01 1.127747e+02 2.515938e+00 4.166046e+00 4.043712e+00 2.342070e+00 2.653078e+00 2.600323e+00 2.792999e+00 2.756474e+00 2.304050e+00 2.020628e+00 2.215554e+00 1.687104e+00 4.916123e+00 2.933595e-01 6.843919e-01 5.642777e-01 3.783172e-01 3.878685e-01 4.874535e-01 4.209024e-01 4.292148e-01 3.355962e-01 3.455006e-01 3.614289e-01 3.038176e-01 4.108397e-01
<GCONST> 1.227201e+02
<STATE> 4
<MEAN> 39
 -6.262331e+00 -2.911293e+00 7.248197e+00 1.763558e+00 -3.876474e+00 5.793643e+00 -6.042155e+00 7.655914e-01 2.635137e-01 -4.932656e+00 2.121876e+00 -2.813667e+00 3.099053e+01 -8.294892e-02 2.087787e-02 -1.102281e-02 3.257970e-02 2.692389e-02 -1.670797e-02 2.504691e-02 -1.303956e-02 -2.218736e-02 8.998629e-03 -1.428544e-02 2.571512e-03 -7.889561e-02 2.351014e-02 -2.628081e-02 -1.102356e-02 -2.733067e-02 -2.292665e-02 8.160471e-03 -6.459149e-03 1.242589e-03 1.322163e-02 4.144085e-03 3.055228e-03 1.446902e-03 2.997717e-02
<VARIANCE> 39
 2.175396e+01 1.203374e+01 1.651333e+01 1.320409e+01 1.740303e+01 1.636246e+01 1.852146e+01 1.870504e+01 1.740862e+01 1.699177e+01 1.334165e+01 1.152160e+01 1.460794e+01 4.914850e-01 7.375342e-01 7.954507e-01 9.024107e-01 1.147855e+00 1.364995e+00 1.379172e+00 1.488382e+00 1.421919e+00 1.512968e+00 1.370753e+00 1.209167e+00 2.632309e-01 8.452982e-02 1.446645e-01 1.482718e-01 1.835838e-01 2.323465e-01 2.772273e-01 2.855606e-01 3.081499e-01 2.984557e-01 3.122787e-01 2.896530e-01 2.557296e-01 4.060584e-02
<GCONST> 8.593346e+01
<TRANSP> 5
 0.000000e+00 1.000000e+00 0.000000e+00 0.000000e+00 0.000000e+00
 0.000000e+00 3.231350e-01 6.768650e-01 0.000000e+00 0.000000e+00
 0.000000e+00 0.000000e+00 8.634562e-01 1.365439e-01 0.000000e+00
 0.000000e+00 0.000000e+00 0.000000e+00 9.517038e-01 4.829617e-02
 0.000000e+00 0.000000e+00 0.000000e+00 0.000000e+00 0.000000e+00
<ENDHMM>
~h "#N"
<BEGINHMM>
<NUMSTATES> 5
<STATE> 2
<MEAN> 39
 -1.345709e+01 -4.306713e+00 1.089296e+00 -5.018606e-01 -3.357216e+00 3.753171e+00 -2.736624e+00 1.798936e+00 1.808452e-01 -2.171047e+00 1.005249e+00 -9.536150e-01 2.524621e+01 3.007990e-02 7.023000e-01 -2.482009e-01 2.668294e-01 3.312447e-01 -7.042776e-02 5.224624e-01 -2.261091e-01 1.206822e-01 -1.447444e-02 -4.457974e-02 2.986609e-01 -2.929022e-01 4.614057e-01 -3.308636e-01 2.744571e-01 -2.306681e-01 -3.425331e-01 3.734642e-02 -4.102003e-01 9.418069e-02 8.326503e-02 -9.452164e-02 1.301424e-01 -4.101250e-02 5.505008e-01
<VARIANCE> 39
 8.379520e+01 7.123568e+01 4.465638e+01 1.431483e+01 1.595952e+01 2.335053e+01 4.086674e+01 1.661561e+01 9.083042e+00 1.376171e+01 1.056905e+01 1.383280e+01 1.020157e+02 8.581413e+00 9.013597e+00 4.176270e+00 3.532044e+00 4.030292e+00 2.676095e+00 5.299485e+00 2.352845e+00 1.331915e+00 1.878586e+00 1.490465e+00 1.623577e+00 1.348482e+01 6.428243e-01 5.024613e-01 2.687234e-01 3.396628e-01 2.747038e-01 3.089038e-01 2.982615e-01 2.482353e-01 1.927225e-01 1.362837e-01 1.365980e-01 2.108639e-01 7.502934e-01
<GCONST> 1.139871e+02
<STATE> 3
<MEAN> 39
 5.605095e+00 -1.038459e+01 7.034140e+00 -7.377675e+00 -1.219445e+01 8.646136e+00 -9.578564e+00 3.064326e+00 6.866812e+00 -5.718164e+00 2.943537e+00 -2.804770e+00 4.644880e+01 4.077338e-02 1.461830e-01 -3.157434e-01 3.455999e-02 1.285602e-01 -2.200449e-01 1.195043e-01 1.357657e-01 1.887370e-01 -3.652272e-02 -1.321242e-02 2.437343e-02 -1.172566e-01 -1.036512e-01 1.167495e-01 2.402037e-02 7.705314e-02 6.302128e-02 -3.038912e-02 5.106616e-02 -2.815014e-02 -7.344530e-02 6.774255e-02 -2.277202e-02 -1.555198e-02 -1.638218e-01
<VARIANCE> 39
 1.822554e+02 6.888956e+01 5.372395e+01 5.141475e+01 6.253711e+01 3.881254e+01 5.248714e+01 3.518665e+01 5.562908e+01 2.408893e+01 3.500999e+01 2.275855e+01 2.242815e+02 3.526139e+00 5.670885e+00 3.112764e+00 3.558836e+00 3.021523e+00 3.111188e+00 4.174051e+00 2.672080e+00 2.077481e+00 2.073250e+00 2.080192e+00 1.837121e+00 7.352037e+00 4.788248e-01 6.758831e-01 4.876976e-01 5.156499e-01 4.600809e-01 5.728852e-01 6.996604e-01 4.008590e-01 3.409553e-01 3.945362e-01 3.429854e-01 3.052920e-01 7.149271e-01
<GCONST> 1.287861e+02
<STATE> 4
<MEAN> 39
 -3.643611e+00 -2.335129e+00 7.276966e+00 1.043059e+00 -5.102664e+00 6.313205e+00 -5.037510e+00 1.555861e+00 8.239754e-01 -5.489338e+00 1.722620e+00 -2.838487e+00 3.271202e+01 -9.882769e-02 7.298114e-02 2.060303e-03 4.366034e-02 2.950973e-02 -3.255789e-02 3.610766e-02 -3.803990e-02 -1.809824e-02 2.623681e-02 -1.003139e-02 3.885053e-02 -1.204679e-01 2.823169e-02 -3.241922e-02 2.321917e-03 -2.740057e-02 -2.985104e-02 1.022249e-02 -1.332428e-02 1.216791e-02 9.710853e-03 -8.787956e-03 -4.690288e-03 -7.698979e-03 3.659916e-02
<VARIANCE> 39
 3.165679e+01 2.263781e+01 2.615931e+01 2.035213e+01 1.943793e+01 1.903299e+01 1.680395e+01 1.822366e+01 1.759970e+01 1.689050e+01 1.545016e+01 1.385721e+01 2.393199e+01 4.228859e-01 7.774269e-01 7.520551e-01 9.692286e-01 1.206666e+00 1.315076e+00 1.370235e+00 1.521643e+00 1.432972e+00 1.424267e+00 1.443749e+00 1.249033e+00 4.302330e-01 7.140441e-02 1.390667e-01 1.479158e-01 1.849822e-01 2.542815e-01 2.717603e-01 2.920471e-01 3.331948e-01 2.934689e-01 2.975474e-01 3.167739e-01 2.511669e-01 6.977869e-02
<GCONST> 8.978606e+01
<TRANSP> 5
 0.000000e+00 1.000000e+00 0.000000e+00 0.000000e+00 0.000000e+00
 0.000000e+00 4.566300e-01 5.433700e-01 0.000000e+00 0.000000e+00
 0.000000e+00 0.000000e+00 7.439869e-01 2.560131e-01 0.000000e+00
 0.000000e+00 0.000000e+00 0.000000e+00 9.525959e-01 4.740409e-02
 0.000000e+00 0.000000e+00 0.000000e+00 0.000000e+00 0.000000e+00
<ENDHMM>
~h "aa"
<BEGINHMM>
<NUMSTATES> 5
<STATE> 2
<MEAN> 39
 -1.386117e+00 -4.337452e+00 7.859338e+00 8.259621e-01 -5.870331e+00 5.659058e+00 -8.374891e+00 4.205627e-04 1.564369e+00 -4.858406e+00 3.477397e+00 -2.980727e+00 3.601089e+01 8.695673e-01 -9.864821e-01 -3.455653e-01 -1.576633e+00 -1.512957e+00 6.006170e-01 3.246437e-01 -3.407861e-01 3.105561e-01 -6.238076e-01 -8.259997e-02 4.658134e-01 1.201281e+00 4.441651e-01 -5.654522e-01 5.824741e-01 -2.733540e-01 -8.174304e-01 7.290578e-02 -7.365261e-02 -2.581432e-01 2.057122e-01 3.772037e-02 6.566686e-02 7.723401e-02 9.459683e-01
<VARIANCE> 39
 4.768949e+01 6.177771e+01 1.030235e+02 4.762923e+00 4.082513e+01 2.346561e+01 2.770269e+01 1.272954e+01 1.987788e+01 7.435982e+00 8.245666e+00 9.245278e+00 4.500104e+01 2.834389e+00 1.077679e+01 4.884358e+00 3.615305e+00 1.254164e+01 3.933548e+00 3.003549e+00 3.169086e+00 1.872259e+00 2.800905e+00 1.340566e+00 2.025618e+00 6.115458e+00 2.051840e-01 1.435423e+00 1.551128e+00 2.859206e-01 1.631475e+00 8.448944e-01 3.016147e-01 2.351876e-01 2.882036e-01 4.401912e-01 2.186437e-01 4.546291e-01 5.755207e-01
<GCONST> 1.193509e+02
<STATE> 3
<MEAN> 39
 1.069341e+01 -1.143285e+01 1.704500e+01 -5.844588e+00 -1.880585e+01 5.445199e+00 -1.462027e+01 5.786099e-01 4.079890e+00 -9.441454e+00 3.589423e+00 -4.671662e+00 5.426060e+01 3.667293e-01 -4.415479e-03 1.060259e+00 -9.178688e-02 -6.894823e-01 -4.443673e-01 -6.402043e-01 -1.657584e-01 2.774430e-01 2.322688e-01 2.418166e-01 -1.547024e-01 8.160927e-01 -1.275332e-01 3.980903e-02 -1.779728e-01 1.866151e-01 3.115206e-01 4.902858e-02 9.478967e-02 1.969219e-02 -1.940963e-02 1.499291e-01 -2.960452e-02 -3.781677e-02 -2.409759e-01
<VARIANCE> 39
 3.868173e+01 5.780487e+01 1.665508e+02 2.383190e+01 1.148612e+02 2.876886e+01 5.219083e+01 6.820654e+01 3.010953e+01 1.749264e+01 2.619519e+01 1.772638e+01 6.989107e+01 1.575565e+00 4.152246e+00 9.522218e+00 1.596820e+00 7.733534e+00 2.937988e+00 5.625376e+00 2.683210e+00 1.792030e+00 1.948626e+00 1.857513e+00 2.011116e+00 5.660662e+00 1.783160e-01 8.198855e-01 1.120793e+00 2.981583e-01 1.064575e+00 5.925689e-01 1.082644e+00 3.590304e-01 2.732708e-01 3.331665e-01 2.908711e-01 5.116768e-01 4.522338e-01
<GCONST> 1.258307e+02
<STATE> 4
<MEAN> 39
 1.887318e+00 -4.159430e+00 1.517872e+01 -8.412523e-01 -1.204455e+01 5.287097e+00 -1.113649e+01 -1.409598e+00 2.638697e+00 -4.051101e+00 5.061214e+00 -2.487319e+00 4.054073e+01 6.273258e-03 3.532345e-01 -2.004701e-01 4.038689e-01 4.797316e-01 3.769839e-02 1.094392e-01 -8.384282e-02 -1.069930e-01 1.133298e-01 -1.343542e-01 -9.772795e-02 -3.665375e-01 2.086191e-02 -2.600990e-01 -7.733814e-03 -3.583547e-02 -1.333310e-01 8.188019e-03 -4.602963e-02 -6.458598e-02 -2.357830e-02 -5.967213e-02 -4.100612e-03 -2.004534e-02 1.671285e-01
<VARIANCE> 39
 7.208676e+01 2.119938e+01 1.475444e+02 1.999309e+01 8.687433e+01 1.102346e+01 4.673111e+01 3.472888e+01 9.622876e+00 1.978617e+01 1.255500e+01 9.995585e+00 1.223355e+02 2.757767e-01 1.815464e+00 1.221978e+00 9.878545e-01 1.956039e+00 1.030258e+00 9.787887e-01 1.188917e+00 9.001522e-01 9.633310e-01 1.348737e+00 6.912219e-01 8.955395e-01 6.279841e-02 2.798162e-01 2.210868e-01 2.699673e-01 4.387818e-01 1.799835e-01 2.007050e-01 2.169070e-01 1.905497e-01 1.503022e-01 3.072987e-01 1.449301e-01 1.450231e-01
<GCONST> 9.504075e+01
<TRANSP> 5
 0.000000e+00 1.000000e+00 0.000000e+00 0.000000e+00 0.000000e+00
 0.000000e+00 3.641214e-01 6.358786e-01 0.000000e+00 0.000000e+00
 0.000000e+00 0.000000e+00 8.281097e-01 1.718903e-01 0.000000e+00
 0.000000e+00 0.000000e+00 0.000000e+00 8.799030e-01 1.200970e-01
 0.000000e+00 0.000000e+00 0.000000e+00 0.000000e+00 0.000000e+00
<ENDHMM>
~h "ah"
<BEGINHMM>
<NUMSTATES> 5
<STATE> 2
<MEAN> 39
 -4.739202e+00 -3.914638e+00 5.661303e+00 8.631585e-01 -4.574486e+00 5.621253e+00 -5.501598e+00 9.856088e-01 1.166227e+00 -3.828211e+00 2.185533e+00 -2.115968e+00 3.246301e+01 1.077288e+00 -9.764660e-01 -7.611671e-02 -7.145115e-01 -1.010323e+00 2.918152e-01 -2.936065e-01 -1.385339e-01 1.482562e-01 -3.422677e-01 2.461362e-01 1.744555e-01 1.332124e+00 5.772789e-01 -2.536076e-01 2.546253e-01 -2.899323e-01 -4.552636e-01 1.022518e-01 -2.556984e-01 5.750716e-02 1.507321e-01 -9.434047e-02 1.676693e-01 -3.400634e-02 6.621476e-01
<VARIANCE> 39
 6.669309e+01 3.366339e+01 3.568783e+01 1.411859e+01 2.338586e+01 2.280740e+01 2.798651e+01 1.748487e+01 1.306408e+01 2.106800e+01 1.170047e+01 1.113484e+01 5.831154e+01 5.559381e+00 5.846886e+00 4.008415e+00 2.926136e+00 4.786643e+00 3.666796e+00 3.301502e+00 2.046229e+00 2.070998e+00 2.548769e+00 1.817104e+00 1.672296e+00 6.992969e+00 7.709531e-01 7.834420e-01 5.645073e-01 3.266885e-01 5.920439e-01 4.640590e-01 4.201291e-01 3.379504e-01 3.025177e-01 3.902380e-01 3.047431e-01 2.759851e-01 9.241286e-01
<GCONST> 1.179505e+02
<STATE> 3
<MEAN> 39
 1.148911e+01 -1.071032e+01 9.037728e+00 -7.397802e+00 -1.340848e+01 8.250196e+00 -1.282371e+01 1.815824e+00 6.552568e+00 -5.773461e+00 3.468305e+00 -4.130508e+00 5.202235e+01 2.080362e-01 1.044883e-01 1.755993e-01 -7.035522e-03 -4.838810e-02 6.154004e-03 -4.289952e-02 9.432429e-02 6.364934e-02 -1.091366e-02 2.249628e-02 -5.663879e-02 1.710683e-01 -1.812364e-01 1.184996e-01 -2.940808e-02 1.210267e-01 1.475405e-01 -3.202037e-02 8.165676e-02 -9.575897e-03 -5.173233e-02 2.980265e-02 -4.287425e-02 -5.208628e-03 -2.203673e-01
<VARIANCE> 39
 6.578497e+01 6.170755e+01 6.721358e+01 3.414732e+01 5.117342e+01 3.254375e+01 4.075482e+01 4.051838e+01 4.926582e+01 2.587588e+01 2.852650e+01 2.185027e+01 1.040592e+02 3.306985e+00 4.063245e+00 4.244554e+00 2.742846e+00 3.156982e+00 2.375818e+00 3.215089e+00 2.582529e+00 2.629730e+00 2.068964e+00 2.277495e+00 1.744529e+00 5.662383e+00 4.115817e-01 7.177821e-01 6.361963e-01 4.420795e-01 5.242656e-01 4.854706e-01 5.621597e-01 4.272701e-01 4.338765e-01 3.843412e-01 3.842998e-01 3.238334e-01 5.657867e-01
<GCONST> 1.250467e+02
<STATE> 4
<MEAN> 39
 -4.716770e+00 -3.279087e+00 7.448707e+00 9.055576e-01 -5.352644e+00 6.118284e+00 -5.571411e+00 1.367172e+00 1.099146e+00 -4.494924e+00 2.610651e+00 -2.579050e+00 3.241624e+01 -1.026394e-01 3.484817e-02 -4.333103e-02 4.086287e-02 6.314196e-02 -1.257288e-02 4.835214e-02 -1.061384e-03 -2.543760e-02 1.819944e-02 -1.196482e-02 9.655853e-03 -1.154343e-01 2.336012e-02 -2.605094e-02 -1.412908e-02 -2.971645e-02 -2.466247e-02 8.249045e-04 -9.444301e-03 8.306319e-04 1.078973e-02 1.680732e-03 1.045161e-03 2.835806e-03 3.111841e-02
<VARIANCE> 39
 3.055028e+01 1.841593e+01 2.645212e+01 1.788905e+01 2.539010e+01 1.882653e+01 2.267675e+01 1.829640e+01 1.810603e+01 1.847477e+01 1.437706e+01 1.356832e+01 2.528707e+01 4.963364e-01 7.903859e-01 8.626047e-01 9.839631e-01 1.262855e+00 1.356417e+00 1.399918e+00 1.444539e+00 1.468516e+00 1.509480e+00 1.419297e+00 1.250058e+00 3.440291e-01 9.582689e-02 1.800899e-01 1.737341e-01 2.005164e-01 2.612844e-01 2.801658e-01 2.948975e-01 2.918551e-01 2.926414e-01 3.145287e-01 3.013389e-01 2.663918e-01 8.044677e-02
<GCONST> 9.121667e+01
<TRANSP> 5
 0.000000e+00 1.000000e+00 0.000000e+00 0.000000e+00 0.000000e+00
 0.000000e+00 2.900783e-01 7.099217e-01 0.000000e+00 0.000000e+00
 0.000000e+00 0.000000e+00 8.649666e-01 1.350334e-01 0.000000e+00
 0.000000e+00 0.000000e+00 0.000000e+00 9.433898e-01 5.661023e-02
 0.000000e+00 0.000000e+00 0.000000e+00 0.000000e+00 0.000000e+00
<ENDHMM>
~h "ao"
<BEGINHMM>
<NUMSTATES> 5
<STATE> 2
<MEAN> 39
 -1.567841e+00 1.180717e-01 7.574740e+00 6.964374e-01 -5.790487e+00 5.341468e+00 -4.152514e+00 3.641450e+00 3.290628e+00 -2.327734e+00 3.883640e+00 -3.071112e+00 3.353253e+01 1.776435e+00 -6.069906e-01 -6.578798e-01 -1.365284e+00 -1.814082e+00 -5.171399e-01 -2.069188e-01 3.821029e-01 1.280569e-01 -7.421613e-01 2.930510e-01 1.044095e+00 1.436223e+00 2.856362e-01 -2.949914e-01 6.693012e-02 -4.429208e-01 -4.618219e-01 -1.644283e-01 -4.098477e-01 -5.056617e-02 -1.591792e-01 -9.657099e-02 3.033828e-01 2.644353e-01 3.488217e-01
<VARIANCE> 39
 1.244266e+01 1.610747e+01 3.344955e+01 3.097799e+01 5.533182e+00 1.496103e+01 8.131756e+00 7.971439e+00 1.115993e+01 2.075355e+01 1.179996e+01 1.190403e+01 6.148399e+00 4.219306e+00 1.072554e+00 2.414615e+00 4.253578e+00 4.429570e+00 2.229352e+00 8.758122e-01 1.152487e+00 1.198465e+00 1.036337e+00 1.374627e+00 1.549050e+00 2.677075e+00 3.884929e-01 1.526941e-01 3.928228e-01 4.981133e-01 3.369811e-01 3.577576e-01 1.569003e-01 1.967981e-01 1.888786e-01 1.896686e-01 1.612107e-01 4.059850e-01 2.803320e-01
<GCONST> 9.543378e+01
<STATE> 3
<MEAN> 39
 1.255530e+01 -1.171125e+01 8.812752e+00 -1.157765e+01 -1.682028e+01 8.495749e+00 -1.346806e+01 1.297129e+00 7.019055e+00 -5.044376e+00 5.345507e+00 -3.663007e+00 5.577296e+01 5.375890e-02 -6.103060e-02 1.710821e-01 4.174492e-02 -6.006782e-02 -5.588547e-03 -1.295665e-01 -6.093781e-02 -1.897585e-02 -4.937237e-02 8.488277e-03 -3.894686e-02 1.099109e-01 -9.399146e-02 3.088052e-02 2.018288e-02 8.418527e-02 8.561060e-02 5.986773e-03 3.229778e-02 -7.808047e-03 -9.065896e-03 1.544861e-02 -3.395749e-02 -3.812560e-02 -7.953055e-02
<VARIANCE> 39
 3.685622e+01 6.779444e+01 8.128117e+01 3.720390e+01 3.372701e+01 4.497189e+01 3.503717e+01 3.054609e+01 4.412744e+01 2.657732e+01 2.502190e+01 3.002322e+01 1.002751e+02 1.852233e+00 3.656371e+00 4.634503e+00 2.332611e+00 2.274186e+00 2.711656e+00 3.328155e+00 2.195108e+00 2.615535e+00 1.986560e+00 1.823561e+00 1.813269e+00 3.510796e+00 3.654826e-01 5.329424e-01 7.406425e-01 3.800133e-01 4.671203e-01 4.765186e-01 6.560091e-01 3.926391e-01 4.180540e-01 3.875512e-01 3.070925e-01 3.109566e-01 4.818547e-01
<GCONST> 1.216513e+02
<STATE> 4
<MEAN> 39
 -1.673679e+00 -4.928011e+00 7.080174e+00 -6.035056e-01 -8.168205e+00 5.665267e+00 -7.033381e+00 1.571578e+00 2.694175e+00 -6.471993e+00 1.987590e+00 -2.888590e+00 3.520127e+01 -2.627826e-01 -3.791850e-01 -2.053431e-01 1.630516e-01 3.021656e-01 2.941517e-01 1.004934e-01 2.639043e-02 1.615774e-01 5.536140e-02 2.329811e-02 7.393814e-02 -1.214582e-01 5.928683e-02 -7.748912e-02 -4.537907e-02 -9.368663e-02 -4.871925e-02 3.898434e-02 -4.489794e-02 -4.941945e-02 6.750462e-03 1.721811e-02 3.076221e-02 3.474124e-02 7.443489e-02
<VARIANCE> 39
 1.641681e+01 3.886396e+01 2.305393e+01 1.220739e+01 1.559526e+01 1.961422e+01 1.614782e+01 1.905190e+01 1.566977e+01 2.755045e+01 1.961668e+01 1.457915e+01 1.771932e+01 5.373865e-01 1.140035e+00 1.342682e+00 1.291365e+00 1.285166e+00 1.582784e+00 1.641206e+00 1.593316e+00 1.207675e+00 1.482388e+00 1.397549e+00 1.261877e+00 6.259401e-01 4.941327e-02 1.807017e-01 2.172832e-01 2.336466e-01 2.224675e-01 3.196503e-01 3.493595e-01 3.275722e-01 2.357002e-01 3.224884e-01 3.105869e-01 3.016495e-01 6.221629e-02
<GCONST> 9.200693e+01
<TRANSP> 5
 0.000000e+00 1.000000e+00 0.000000e+00 0.000000e+00 0.000000e+00
 0.000000e+00 2.983588e-01 7.016412e-01 0.000000e+00 0.000000e+00
 0.000000e+00 0.000000e+00 9.474607e-01 5.253928e-02 0.000000e+00
 0.000000e+00 0.000000e+00 0.000000e+00 9.169124e-01 8.308759e-02
 0.000000e+00 0.000000e+00 0.000000e+00 0.000000e+00 0.000000e+00
<ENDHMM>
~h "ih"
<BEGINHMM>
<NUMSTATES> 5
<STATE> 2
<MEAN> 39
 -5.174764e+00 -3.656296e+00 6.009747e+00 8.329484e-01 -4.075408e+00 6.610739e+00 -4.934203e+00 1.190731e+00 8.451061e-01 -4.144475e+00 1.749177e+00 -2.724614e+00 3.206927e+01 9.931693e-01 -1.060195e+00 -9.032742e-01 -9.767293e-01 -8.228980e-01 2.074745e-01 -2.602426e-01 -1.606315e-01 2.159351e-01 -1.088646e-01 1.789088e-01 1.950773e-01 1.114348e+00 5.392966e-01 -2.478340e-01 9.664014e-02 -3.126400e-01 -4.663992e-01 5.671952e-02 -2.182382e-01 -1.103077e-02 1.526613e-01 -8.983902e-02 1.056544e-01 3.530943e-02 6.348479e-01
<VARIANCE> 39
 5.973902e+01 3.597919e+01 3.910329e+01 1.401264e+01 2.326677e+01 2.980938e+01 2.474059e+01 1.995175e+01 1.667867e+01 2.177216e+01 1.013116e+01 1.472084e+01 4.671405e+01 3.646057e+00 5.716139e+00 4.258011e+00 3.313250e+00 3.591125e+00 2.321994e+00 2.678429e+00 2.339310e+00 2.579088e+00 2.450606e+00 1.532864e+00 1.331442e+00 4.227381e+00 5.949016e-01 8.794219e-01 7.661656e-01 4.405892e-01 5.307865e-01 4.870360e-01 3.975418e-01 4.042633e-01 3.081453e-01 3.628773e-01 2.346812e-01 3.173354e-01 7.216895e-01
<GCONST> 1.167529e+02
<STATE> 3
<MEAN> 39
 1.012455e+01 -9.275721e+00 9.949769e+00 -5.621500e+00 -1.287527e+01 7.596686e+00 -1.224558e+01 7.538739e-01 4.193366e+00 -6.217355e+00 3.829836e+00 -3.797731e+00 4.961873e+01 2.185466e-01 1.164292e-01 2.940595e-01 -5.333963e-02 -2.110969e-01 -2.167004e-02 -4.731855e-02 -5.491830e-03 -9.383623e-03 -3.292511e-02 9.282102e-02 3.062493e-02 2.431118e-01 -2.269779e-01 2.265439e-01 2.427309e-02 1.626392e-01 2.183425e-01 -7.175507e-02 5.893754e-02 6.843113e-03 -6.237959e-02 -3.040823e-03 -7.048709e-02 1.446899e-02 -2.934079e-01
<VARIANCE> 39
 8.822942e+01 6.213014e+01 7.038693e+01 3.374882e+01 6.981761e+01 4.051814e+01 5.092990e+01 4.033748e+01 3.739145e+01 2.628999e+01 2.641852e+01 2.210453e+01 1.228854e+02 2.781462e+00 4.845448e+00 4.681252e+00 2.393871e+00 4.416425e+00 2.315476e+00 3.049617e+00 2.687629e+00 2.455004e+00 2.080200e+00 2.166174e+00 1.755542e+00 5.193049e+00 3.511775e-01 8.347037e-01 7.270826e-01 4.280577e-01 7.025829e-01 4.269466e-01 5.158889e-01 5.055577e-01 4.770842e-01 4.611204e-01 4.053449e-01 3.278229e-01 4.858204e-01
<GCONST> 1.265695e+02
<STATE> 4
<MEAN> 39
 -5.048204e+00 -3.164641e+00 8.215816e+00 1.003583e+00 -5.841300e+00 5.538086e+00 -6.319957e+00 9.672210e-01 9.712554e-01 -4.917026e+00 2.174608e+00 -2.919197e+00 3.239429e+01 -1.062001e-01 1.311706e-02 1.036848e-02 1.253080e-01 1.145580e-01 -3.637570e-02 9.067458e-03 1.819002e-02 -3.410956e-03 1.185287e-02 -2.893993e-02 -6.351624e-03 -1.118224e-01 2.694711e-02 -6.336125e-02 -2.271133e-02 -3.621064e-02 -3.370249e-02 2.101787e-02 -1.548356e-03 -2.543261e-03 3.326090e-03 -3.119590e-03 5.968673e-03 -5.551299e-03 4.331962e-02
<VARIANCE> 39
 3.358833e+01 2.235393e+01 3.233379e+01 2.013353e+01 3.401405e+01 1.848298e+01 2.111899e+01 2.032680e+01 1.933413e+01 1.816583e+01 1.387039e+01 1.336407e+01 3.512255e+01 5.087842e-01 9.873372e-01 9.648641e-01 1.150208e+00 1.439281e+00 1.320246e+00 1.397309e+00 1.642809e+00 1.426305e+00 1.377425e+00 1.271678e+00 1.293584e+00 3.459194e-01 9.867559e-02 1.820235e-01 1.967273e-01 2.337413e-01 2.890579e-01 2.676466e-01 2.815555e-01 3.349808e-01 2.957708e-01 2.766951e-01 2.562181e-01 2.645328e-01 5.797237e-02
<GCONST> 9.286369e+01
<TRANSP> 5
 0.000000e+00 1.000000e+00 0.000000e+00 0.000000e+00 0.000000e+00
 0.000000e+00 2.997040e-01 7.002960e-01 0.000000e+00 0.000000e+00
 0.000000e+00 0.000000e+00 8.008817e-01 1.991183e-01 0.000000e+00
 0.000000e+00 0.000000e+00 0.000000e+00 9.218402e-01 7.815987e-02
 0.000000e+00 0.000000e+00 0.000000e+00 0.000000e+00 0.000000e+00
<ENDHMM>
~h "oh"
<BEGINHMM>
<NUMSTATES> 5
<STATE> 2
<MEAN> 39
 -9.836309e-01 -7.438510e+00 6.562527e+00 1.167683e+00 -5.852811e+00 7.833127e+00 -6.612029e+00 1.027397e+00 4.633766e+00 -1.223256e+00 5.577253e+00 2.533217e-01 3.667757e+01 -2.737836e-01 -1.273661e+00 -2.982071e-01 -3.352668e-01 -4.553989e-01 -1.363370e-01 -7.330671e-01 -5.267467e-01 -2.722881e-01 -7.722367e-02 -1.356132e-01 2.565818e-01 3.121435e-01 1.092860e-01 1.533928e-01 -3.131623e-02 -1.387002e-01 -3.392608e-01 -2.108593e-01 -1.377092e-02 1.663414e-01 8.478494e-02 -4.514967e-01 -3.092074e-01 -1.614534e-01 6.269439e-02
<VARIANCE> 39
 7.650017e+00 9.263648e+01 3.052642e+01 1.000246e+01 1.273383e+01 5.027408e+01 2.136788e+01 1.144854e+01 2.231672e+01 2.544428e+01 1.171303e+01 1.087101e+01 1.504947e+01 3.245892e-01 2.210912e+00 2.159932e+00 1.393970e+00 6.200724e-01 1.833183e+00 1.569715e+00 2.114630e+00 7.022591e-01 1.577103e+00 1.185994e+00 1.723342e+00 7.783499e-01 1.868018e-01 1.827585e-01 2.128117e-01 1.766164e-01 2.963420e-01 5.358859e-01 3.042862e-01 3.075582e-01 3.655007e-01 2.529581e-01 1.630332e-01 1.009353e-01 1.330951e-01
<GCONST> 9.311609e+01
<STATE> 3
<MEAN> 39
 1.268816e+01 -9.868289e+00 8.656308e+00 -1.078426e+01 -1.589722e+01 6.038637e+00 -1.462459e+01 3.463511e+00 8.533182e+00 -5.923594e+00 3.875159e+00 -4.322934e+00 5.515757e+01 1.431254e-01 1.506017e-01 7.624429e-02 -8.505991e-02 -1.561259e-01 -1.549230e-01 -3.711968e-02 -3.044254e-02 8.201195e-03 5.210104e-02 -2.334615e-02 -4.864499e-02 9.748131e-02 -1.788810e-02 1.782788e-02 4.303193e-03 2.800846e-02 2.173940e-02 7.858138e-03 3.262588e-02 4.083803e-03 -2.534745e-02 -4.062343e-02 -2.399369e-02 -4.027319e-03 -2.510073e-02
<VARIANCE> 39
 3.427710e+01 4.484176e+01 5.690113e+01 3.852058e+01 2.654160e+01 2.914279e+01 3.807127e+01 3.313978e+01 4.899315e+01 3.234535e+01 2.755933e+01 2.055366e+01 9.447636e+01 2.490670e+00 3.004790e+00 4.311578e+00 3.163096e+00 2.004664e+00 2.934466e+00 3.036538e+00 2.053993e+00 3.200910e+00 2.796013e+00 2.161971e+00 1.794603e+00 6.390628e+00 3.967073e-01 4.861379e-01 6.546118e-01 5.179234e-01 3.821816e-01 6.564515e-01 4.755541e-01 3.838505e-01 5.094202e-01 5.852383e-01 3.864597e-01 3.363346e-01 8.094411e-01
<GCONST> 1.231117e+02
<STATE> 4
<MEAN> 39
 1.144502e+00 -7.432160e+00 8.030176e+00 -1.818579e+00 -9.942102e+00 7.082226e+00 -8.905413e+00 9.283466e-01 4.533032e+00 -5.481379e+00 3.674691e+00 -2.060078e+00 3.909694e+01 -3.113736e-01 -3.273287e-01 -9.855510e-02 1.124164e-01 9.955464e-02 2.254516e-01 8.193122e-02 7.095985e-02 3.765856e-02 -4.723336e-01 -4.118928e-01 -1.119238e-02 -1.901125e-01 9.501740e-02 -5.177424e-02 8.714683e-04 -1.164525e-01 -2.651942e-02 1.556651e-01 3.513854e-03 3.015082e-03 -4.982672e-02 -4.859612e-02 8.151691e-02 3.321332e-02 1.078031e-01
<VARIANCE> 39
 3.621131e+01 6.981739e+01 5.012802e+01 1.140380e+01 2.094219e+01 2.986045e+01 2.596749e+01 1.609713e+01 2.276727e+01 1.941903e+01 2.137122e+01 1.882537e+01 4.205497e+01 4.684411e-01 1.571184e+00 1.365425e+00 1.322205e+00 1.895959e+00 1.902166e+00 1.363670e+00 1.349228e+00 1.485383e+00 2.234632e+00 1.963891e+00 1.017646e+00 6.855117e-01 9.408911e-02 2.313462e-01 2.848480e-01 3.323858e-01 4.037816e-01 4.242759e-01 2.969891e-01 3.767806e-01 2.589644e-01 2.509725e-01 4.253601e-01 2.377347e-01 1.264241e-01
<GCONST> 1.006218e+02
<TRANSP> 5
 0.000000e+00 1.000000e+00 0.000000e+00 0.000000e+00 0.000000e+00
 0.000000e+00 4.323926e-03 9.956761e-01 0.000000e+00 0.000000e+00
 0.000000e+00 0.000000e+00 9.503108e-01 4.968922e-02 0.000000e+00
 0.000000e+00 0.000000e+00 0.000000e+00 8.060991e-01 1.939008e-01
 0.000000e+00 0.000000e+00 0.000000e+00 0.000000e+00 0.000000e+00
<ENDHMM>
~h "uh"
<BEGINHMM>
<NUMSTATES> 5
<STATE> 2
<MEAN> 39
 -5.687924e+00 -3.550467e+00 5.027708e+00 9.016653e-01 -4.195805e+00 5.287839e+00 -5.090024e+00 7.594190e-01 1.340607e+00 -2.774121e+00 2.413690e+00 -2.549295e+00 3.157476e+01 3.095530e-01 -3.317452e-01 -3.366094e-01 -3.754866e-01 -5.141593e-01 5.771582e-02 -7.847045e-02 -2.572414e-02 2.329222e-01 1.722342e-01 1.391522e-01 9.943766e-02 3.417373e-01 7.326873e-02 -9.977467e-02 2.913994e-02 -1.765680e-01 -1.935589e-01 -1.988663e-02 -7.503010e-02 9.974322e-02 9.781297e-02 -1.317560e-01 2.124539e-03 1.324655e-01 1.190929e-01
<VARIANCE> 39
 8.162328e+01 3.808866e+01 2.909266e+01 2.581694e+01 2.294046e+01 2.403989e+01 2.128809e+01 1.506876e+01 2.130940e+01 2.223658e+01 1.736905e+01 1.309043e+01 7.577067e+01 2.226349e+00 4.491157e+00 3.194497e+00 2.236594e+00 2.604096e+00 2.090997e+00 2.091429e+00 2.507446e+00 2.269245e+00 1.846934e+00 1.115531e+00 1.407026e+00 1.670822e+00 4.933630e-01 7.850943e-01 5.572225e-01 3.127540e-01 3.779368e-01 3.938586e-01 3.682964e-01 2.895691e-01 3.587628e-01 4.335234e-01 3.447809e-01 3.289673e-01 3.872923e-01
<GCONST> 1.125324e+02
<STATE> 3
<MEAN> 39
 8.504941e+00 -8.863214e+00 7.033536e+00 -7.484315e+00 -1.191741e+01 8.788204e+00 -1.076923e+01 2.873227e+00 6.687318e+00 -5.084589e+00 4.028225e+00 -2.830400e+00 4.722258e+01 1.392234e-01 -3.625441e-02 1.750762e-02 -4.355757e-02 1.467022e-02 7.061920e-02 5.185602e-02 1.780062e-01 1.972226e-03 -5.909971e-02 3.781279e-02 9.692123e-02 1.021190e-01 -1.422511e-01 3.129425e-02 -3.157194e-02 1.041102e-01 1.305790e-01 -4.563500e-02 2.735040e-02 -2.066200e-02 -5.139082e-02 1.231105e-02 -2.455980e-02 -1.196979e-02 -1.401678e-01
<VARIANCE> 39
 9.851904e+01 6.697182e+01 3.024851e+01 3.968799e+01 2.789675e+01 4.227904e+01 4.176733e+01 2.496655e+01 3.722134e+01 3.425904e+01 2.213984e+01 1.897815e+01 1.152596e+02 2.575990e+00 3.667802e+00 2.282972e+00 2.301665e+00 1.678894e+00 3.125750e+00 2.672541e+00 2.311033e+00 2.227891e+00 2.563237e+00 1.730110e+00 1.582287e+00 3.787228e+00 4.416969e-01 6.365955e-01 4.510773e-01 3.921039e-01 3.202459e-01 5.809832e-01 4.761610e-01 4.624595e-01 4.422963e-01 4.945902e-01 3.351182e-01 2.885970e-01 4.415116e-01
<GCONST> 1.201185e+02
<STATE> 4
<MEAN> 39
 -5.924181e+00 -4.239158e+00 6.503505e+00 1.498417e-01 -5.315027e+00 6.608261e+00 -6.067596e+00 4.240970e-01 6.173753e-01 -5.732737e+00 1.768610e+00 -2.272142e+00 3.169969e+01 -1.857609e-01 -1.442946e-02 4.670808e-03 3.421309e-02 5.301199e-02 -4.710954e-03 -6.829990e-03 -8.823250e-02 -3.889016e-02 -1.937667e-02 -4.550475e-02 -2.600787e-02 -1.394834e-01 3.954430e-02 -4.558840e-02 9.578259e-03 -3.062204e-02 -3.158056e-02 2.992995e-02 -3.923364e-02 -1.030301e-02 2.579979e-02 -1.188077e-02 1.946342e-02 7.485931e-03 6.064802e-02
<VARIANCE> 39
 3.315865e+01 1.804999e+01 2.000606e+01 1.670529e+01 2.142700e+01 2.449819e+01 2.081715e+01 1.991309e+01 1.929344e+01 1.909027e+01 1.448885e+01 1.234953e+01 2.490367e+01 6.012136e-01 6.590065e-01 8.000070e-01 8.120321e-01 1.144323e+00 1.457760e+00 1.438727e+00 1.433594e+00 1.521929e+00 1.570363e+00 1.362460e+00 1.207791e+00 3.841860e-01 1.078261e-01 1.194619e-01 1.652091e-01 1.590242e-01 2.257235e-01 2.913514e-01 3.087152e-01 3.097970e-01 3.081841e-01 3.066530e-01 2.732888e-01 2.422346e-01 7.529804e-02
<GCONST> 9.005544e+01
<TRANSP> 5
 0.000000e+00 1.000000e+00 0.000000e+00 0.000000e+00 0.000000e+00
 0.000000e+00 1.477002e-01 8.522998e-01 0.000000e+00 0.000000e+00
 0.000000e+00 0.000000e+00 7.809424e-01 2.190577e-01 0.000000e+00
 0.000000e+00 0.000000e+00 0.000000e+00 8.900778e-01 1.099222e-01
 0.000000e+00 0.000000e+00 0.000000e+00 0.000000e+00 0.000000e+00
<ENDHMM>
~h "uw"
<BEGINHMM>
<NUMSTATES> 5
<STATE> 2
<MEAN> 39
 -4.269989e+00 -4.476590e+00 5.516071e+00 1.907802e-01 -5.305424e+00 5.612294e+00 -5.769276e+00 1.594413e+00 1.944790e+00 -3.046980e+00 2.917632e+00 -1.628444e+00 3.330935e+01 8.675078e-01 -5.241000e-01 1.711576e-01 -4.988655e-01 -5.137504e-01 4.470512e-01 -3.882399e-01 -2.901306e-01 2.491733e-01 -2.267348e-01 -3.681509e-02 9.998229e-03 8.379192e-01 2.762572e-01 3.207910e-02 1.746656e-01 -1.052743e-01 -1.597095e-01 -5.612256e-02 -1.158584e-01 8.499380e-02 -2.735200e-02 -2.306289e-01 -1.028759e-01 -1.712617e-01 2.155084e-01
<VARIANCE> 39
 7.481726e+01 4.189623e+01 3.592976e+01 1.553456e+01 3.433617e+01 3.286744e+01 2.017898e+01 1.488359e+01 1.697072e+01 2.251058e+01 1.322415e+01 9.159939e+00 8.163889e+01 3.624650e+00 3.534431e+00 3.341196e+00 2.284317e+00 3.378310e+00 3.167674e+00 2.848193e+00 1.991944e+00 2.588205e+00 4.596152e+00 1.905453e+00 1.826602e+00 3.784773e+00 6.044415e-01 4.363656e-01 4.613479e-01 2.833973e-01 4.546907e-01 5.196667e-01 4.487936e-01 3.575585e-01 2.719615e-01 6.846732e-01 3.708104e-01 2.297346e-01 7.241288e-01
<GCONST> 1.165674e+02
<STATE> 3
<MEAN> 39
 1.086524e+01 -9.195288e+00 8.419240e+00 -7.438860e+00 -1.247237e+01 8.326906e+00 -1.233456e+01 2.451648e+00 6.290287e+00 -5.681139e+00 4.245505e+00 -3.848950e+00 4.975433e+01 1.603429e-01 2.220724e-01 5.198545e-02 2.197450e-02 1.725281e-01 -5.977255e-02 -1.291937e-01 3.203252e-03 -7.060529e-02 -1.251904e-02 -5.496792e-02 -1.594268e-01 5.244794e-02 -1.429178e-01 1.138197e-01 -2.833941e-02 1.062779e-01 1.137993e-01 -6.049447e-02 8.488179e-02 5.092971e-03 -5.239563e-02 5.396660e-02 -1.120170e-02 2.041737e-03 -1.672525e-01
<VARIANCE> 39
 9.336926e+01 5.401701e+01 3.834571e+01 3.828100e+01 4.018333e+01 2.720730e+01 3.579701e+01 3.863038e+01 4.642532e+01 2.898519e+01 2.993501e+01 2.108529e+01 1.077620e+02 2.828153e+00 3.120754e+00 2.766865e+00 2.196965e+00 2.644381e+00 2.371323e+00 2.563276e+00 2.401738e+00 2.042379e+00 2.261719e+00 1.755739e+00 1.275400e+00 3.675313e+00 4.563683e-01 6.263013e-01 4.743318e-01 3.784686e-01 4.859960e-01 5.417363e-01 4.594281e-01 3.677390e-01 3.249523e-01 4.690669e-01 2.966859e-01 2.558618e-01 4.601001e-01
<GCONST> 1.200114e+02
<STATE> 4
<MEAN> 39
 -3.870786e+00 -3.909464e+00 7.451195e+00 6.240147e-01 -5.506536e+00 6.866300e+00 -5.278124e+00 1.819709e+00 1.677528e+00 -4.880291e+00 2.319376e+00 -2.878094e+00 3.330817e+01 -1.678653e-01 -1.925254e-02 4.839834e-03 5.290065e-02 2.939806e-02 1.282408e-02 3.205520e-02 -3.602652e-02 -9.948710e-03 -5.469069e-03 -1.002557e-02 1.956485e-02 -1.366196e-01 6.068375e-02 -3.751954e-02 4.526865e-03 -5.017954e-02 -6.610505e-02 2.508167e-02 -1.309810e-02 1.070862e-02 3.681953e-02 -5.799443e-03 2.707775e-02 2.082726e-02 7.028883e-02
<VARIANCE> 39
 3.213043e+01 2.924651e+01 1.944963e+01 2.249332e+01 2.686555e+01 2.374562e+01 1.817374e+01 1.926189e+01 1.954369e+01 1.840634e+01 1.480976e+01 1.259713e+01 2.988620e+01 5.557287e-01 8.897398e-01 9.344231e-01 1.223112e+00 1.484172e+00 1.660168e+00 1.391590e+00 1.614427e+00 1.562659e+00 1.550101e+00 1.507846e+00 1.397540e+00 4.209316e-01 1.427803e-01 1.898655e-01 1.994030e-01 2.617795e-01 3.409975e-01 3.488676e-01 2.586301e-01 3.325227e-01 2.992400e-01 3.129995e-01 3.268443e-01 3.046217e-01 1.180295e-01
<GCONST> 9.538222e+01
<TRANSP> 5
 0.000000e+00 1.000000e+00 0.000000e+00 0.000000e+00 0.000000e+00
 0.000000e+00 1.676977e-01 8.323023e-01 0.000000e+00 0.000000e+00
 0.000000e+00 0.000000e+00 8.308759e-01 1.691242e-01 0.000000e+00
 0.000000e+00 0.000000e+00 0.000000e+00 9.123620e-01 8.763798e-02
 0.000000e+00 0.000000e+00 0.000000e+00 0.000000e+00 0.000000e+00
<ENDHMM>
~h "sil"
<BEGINHMM>
<NUMSTATES> 5
<STATE> 2
<MEAN> 39
 -5.898014e+00 -4.341187e+00 4.111850e+00 3.471323e-02 -4.995251e+00 4.935237e+00 -4.487309e+00 1.543428e+00 1.424778e+00 -3.929310e+00 1.567555e+00 -2.155553e+00 3.143598e+01 6.248294e-01 -5.784260e-01 -4.258887e-01 -5.877180e-01 -7.409456e-01 -3.070332e-02 -7.815609e-02 -4.183923e-02 4.602683e-01 1.916276e-01 2.421736e-02 1.826539e-01 7.143587e-01 5.646748e-01 -3.002954e-01 2.617678e-01 -3.157319e-01 -4.335134e-01 1.375022e-01 -3.857876e-01 -2.925843e-02 1.401315e-01 -5.794007e-02 1.266455e-01 -1.072954e-01 7.233881e-01
<VARIANCE> 39
 8.532877e+01 3.329587e+01 4.538335e+01 1.417114e+01 2.358522e+01 1.950024e+01 2.601465e+01 1.570798e+01 1.516024e+01 1.803273e+01 1.179746e+01 1.436519e+01 8.108591e+01 4.511320e+00 6.219157e+00 2.577403e+00 2.528722e+00 3.823665e+00 2.526725e+00 3.372181e+00 2.303678e+00 1.671892e+00 1.649595e+00 1.673984e+00 1.874928e+00 7.015620e+00 6.819975e-01 7.905345e-01 5.872664e-01 3.646559e-01 4.409880e-01 3.683448e-01 5.249180e-01 4.091127e-01 3.131543e-01 2.689167e-01 3.051346e-01 3.116191e-01 9.618520e-01
<GCONST> 1.166309e+02
<STATE> 3
<MEAN> 39
 1.234674e+01 -1.066240e+01 9.987643e+00 -8.887516e+00 -1.589406e+01 7.593172e+00 -1.244368e+01 1.569413e+00 5.886042e+00 -5.566884e+00 3.888061e+00 -4.891633e+00 5.413388e+01 1.095784e-01 4.237565e-02 1.936668e-02 -4.725506e-02 -1.051109e-04 3.946999e-02 6.073998e-03 6.734156e-02 2.660207e-02 -3.825432e-02 -3.994692e-02 -4.325507e-02 7.676936e-02 -1.122021e-01 7.858312e-02 -1.073874e-02 8.525490e-02 1.036596e-01 -1.480336e-02 5.070122e-02 -6.901069e-03 -4.619732e-02 6.567548e-03 -3.063653e-02 -1.093732e-02 -1.408583e-01
<VARIANCE> 39
 5.500008e+01 5.286282e+01 9.700901e+01 3.996662e+01 5.696408e+01 3.039855e+01 4.014299e+01 4.703939e+01 3.998958e+01 2.853304e+01 2.786692e+01 2.348872e+01 1.097569e+02 2.200706e+00 3.235112e+00 3.930708e+00 2.329337e+00 3.034811e+00 2.345694e+00 2.725179e+00 2.624909e+00 2.306229e+00 1.951248e+00 1.906254e+00 1.836142e+00 4.827210e+00 2.990821e-01 5.653841e-01 5.308268e-01 3.542244e-01 4.659301e-01 4.593618e-01 4.471297e-01 4.050112e-01 3.778442e-01 3.397384e-01 3.298095e-01 3.606462e-01 4.994305e-01
<GCONST> 1.220009e+02
<STATE> 4
<MEAN> 39
 -4.429771e+00 -3.987234e+00 5.495469e+00 6.410326e-01 -4.509254e+00 6.498367e+00 -4.603929e+00 1.979600e+00 1.239482e+00 -4.181707e+00 2.457677e+00 -2.678983e+00 3.246808e+01 -1.067370e-01 4.593116e-02 7.439351e-03 6.086110e-02 6.407024e-02 -2.041488e-02 2.878773e-02 -9.331723e-03 -2.440907e-02 2.454165e-02 1.338851e-03 1.381310e-02 -1.077352e-01 1.400628e-02 -1.086068e-02 1.029476e-03 -8.178939e-03 -5.870813e-03 2.079099e-03 -6.484885e-03 3.255358e-03 8.164213e-03 -3.454959e-04 5.950144e-03 7.674961e-04 1.811118e-02
<VARIANCE> 39
 1.965345e+01 1.361351e+01 1.644456e+01 1.246862e+01 1.448982e+01 1.495848e+01 1.625825e+01 1.700399e+01 1.726457e+01 1.638786e+01 1.411613e+01 1.316377e+01 1.340484e+01 3.734930e-01 5.407576e-01 6.967491e-01 8.049001e-01 1.037970e+00 1.141160e+00 1.243854e+00 1.401162e+00 1.436321e+00 1.417214e+00 1.382903e+00 1.280663e+00 2.110346e-01 5.779258e-02 1.055834e-01 1.336458e-01 1.552304e-01 2.056615e-01 2.282647e-01 2.495404e-01 2.795225e-01 2.865332e-01 2.880553e-01 2.896684e-01 2.617096e-01 2.666203e-02
<GCONST> 8.193484e+01
<TRANSP> 5
 0.000000e+00 1.000000e+00 0.000000e+00 0.000000e+00 0.000000e+00
 0.000000e+00 3.191512e-01 6.808488e-01 0.000000e+00 0.000000e+00
 0.000000e+00 0.000000e+00 9.106120e-01 8.938799e-02 0.000000e+00
 0.000000e+00 0.000000e+00 0.000000e+00 9.757316e-01 2.426846e-02
 0.000000e+00 0.000000e+00 0.000000e+00 0.000000e+00 0.000000e+00
<ENDHMM>
