   1            "g"    1    4.019078   0.999992  11.999791
   2         "t+ih"   23   27.985863  22.998945  23.006203
   3         "t+uh"    7   21.927101   6.999759   6.999759
   4           "#N"  126  1086.426636 125.988297 2283.678467
   5         "t-uh"    1   16.070339   0.999939  11.295869
   6       "m-b+ih"   11  265.797699  10.998888 145.216629
   7         "l+ah"   16   41.024605  15.998808 260.411438
   8         "l+ih"   18   37.758255  17.998047 547.104675
   9       "g-ah+m"    5   22.290783   4.999814  22.776123
  10      "g-ah+ah"   13   31.876987  12.999043  22.997574
  11       "t-uh+d"   19   33.678005  18.999348  21.011547
  12       "t-uh+j"   16   56.719612  15.998777 162.983475
  13      "ah-p+ah"   16  200.407303  15.998875  79.506172
  14         "m-ah"    4   26.611952   3.999846 214.009613
  15      "oh-s+oh"   12   97.560364  11.999053 318.967041
  16      "uh-j+uh"   16   35.833286  15.998592 165.722397
  17      "m-ah+ah"   14   83.357513  13.998050  57.640266
  18       "s-ah+t"   20   91.143143  19.999220 174.538177
  19      "ih-l+ah"   11   19.474453  10.998895  58.567814
  20         "uh-h"   15  143.264908  14.998631 256.492340
  21      "ih-m+ah"   18   50.483074  17.997961 168.771759
  22      "d-uw+ah"   19  126.732346  18.999327 635.171265
  23         "eh-m"    1    1.891293   0.999930   1.008612
  24          "sil"  205  1741.121338 326.227051 14676.103516
  25         "g-ah"    4   34.682201   3.999790  73.942184
  26       "b-ih+l"   11   14.405185  10.998883  12.153057
  27      "uh-d+uw"   19   38.447750  18.999344  32.946949
  28        "uw-ah"   19   48.973286  18.998960 128.384369
  29       "l-ih+m"   18   46.681316  17.998022  96.360931
  30      "ah-ah+m"   13   39.190334  12.999159  24.962675
  31      "ah-ah+n"   14   35.301907  13.998047 195.447891
  32        "oh-ng"    3    3.000002   2.999856   7.999180
  33         "oh+s"    1    0.999977   0.999977   0.999977
  34       "n-k+oh"    1    0.999849   0.999849  19.997019
  35       "l-ah+n"   11   64.543571  10.998800 264.326141
  36       "l-ah+p"   16  142.472336  15.998960 120.702431
  37      "ih-g+ah"   22   96.731407  21.998768 247.130920
  38      "ah-t+uh"   20  117.665787  19.999269 133.785522
  39      "s-oh+ng"   12   50.161831  11.999088 192.029861
  40       "n-ah+m"   16   38.372505  15.997946 159.862839
  41       "p-ah+n"   16   19.989662  15.998591  36.716263
  42       "p-ah+t"   25   40.849163  24.998348 270.496155
  43       "t-ih+g"   23   33.443722  22.998898  39.810223
  44       "n-t+uh"    9   13.461183   8.998999  16.237013
  45       "s-eh+m"   12   53.599442  11.998860 536.181152
  46       "m-p+ah"   25  191.033676  24.998388  25.084015
  47      "ng-s+eh"    9   11.272339   8.999198  91.719498
  48       "ah-m+p"   25   31.991613  24.998446  38.977562
  49       "ah-n+k"    1    2.999553   0.999851   0.999851
  50       "ah-n+t"    9   46.984287   8.999029  40.697876
  51       "k-oh+s"   11   51.069122  10.999209  17.969173
  52      "oh-ng+s"    9   11.977881   8.999274  35.451527
  53       "eh-m+b"   11   51.536304  10.998981  73.851463
  54         "j-uh"    1    6.247288   0.999976  51.103489
  55         "s+ah"   20   88.302132  19.999414 321.373993
  56         "s+eh"    3    9.985435   2.999857  21.941971
  57         "k+oh"   10  149.074142   9.999329 108.191223
  58      "ah-n+ah"   16   55.276409  15.998040 582.266541
  59         "ah+m"    7   41.720261   6.999460  53.848080
  60         "ah+n"    2   10.049745   1.999886   4.137539
  61         "ah-m"   16   25.345041  15.997898  81.754936
  62         "ah-n"   17   52.584209  16.998724 433.394623
  63         "ah-t"   25  121.753693  24.998234 287.283173
  64       "j-uh+h"   15  119.422798  14.998645 163.891647
