~o
<STREAMINFO> 1 39
<VECSIZE> 39<NULLD><MFCC_D_A_0><DIAGC>
~h "a"
<BEGINHMM>
<NUMSTATES> 5
<STATE> 2
<MEAN> 39
 -4.403593e+00 -5.494158e+00 -7.053422e+00 -1.124348e+01 -4.403202e+00 -7.961144e+00 -6.026281e+00 -8.207694e-01 -3.954767e+00 3.554957e+00 -6.399512e+00 -8.971275e+00 7.288943e+01 6.009030e-01 -1.896618e+00 -1.200471e+00 -1.236881e+00 3.819356e-01 -7.975196e-01 7.414137e-01 2.055042e+00 1.658010e-01 -6.544165e-02 -1.466906e+00 -1.573348e+00 2.254488e+00 -2.559654e-01 3.986014e-01 3.900371e-01 5.772552e-01 2.677120e-01 1.338520e-01 3.480338e-01 -2.198176e-01 -2.334926e-01 -3.934553e-01 1.151100e-02 4.191800e-01 -8.498128e-01
<VARIANCE> 39
 2.957180e+01 2.616734e+01 4.312773e+01 2.628573e+01 5.995505e+01 7.002170e+01 4.695757e+01 6.890308e+01 5.730529e+01 5.734283e+01 4.395458e+01 3.988118e+01 7.334344e+01 3.403224e+00 1.530121e+00 2.843698e+00 3.471131e+00 3.205716e+00 2.770950e+00 4.538152e+00 4.404761e+00 4.189717e+00 4.905315e+00 4.290519e+00 3.683948e+00 2.985505e+00 4.960731e-01 4.831050e-01 5.547869e-01 6.675534e-01 6.073171e-01 6.963689e-01 7.701349e-01 9.092483e-01 7.834522e-01 1.084851e+00 6.827947e-01 7.588196e-01 5.403471e-01
<GCONST> 1.325694e+02
<STATE> 3
<MEAN> 39
 -4.642251e+00 -7.906884e+00 -8.349058e+00 -1.054434e+01 -4.252049e+00 -9.006128e+00 -2.277782e+00 2.273522e+00 -3.730517e+00 -1.306154e+00 -1.182640e+01 -8.946218e+00 7.664890e+01 1.837345e-01 3.133522e-01 3.986358e-01 5.966074e-01 -1.814254e-01 -5.032696e-01 1.825109e-01 -1.506789e-01 -2.478225e-01 1.877813e-02 6.663844e-02 5.948046e-01 -4.276895e-01 3.817109e-02 5.908171e-01 4.668107e-01 3.354735e-01 -2.195650e-01 8.795009e-02 -4.840274e-01 -6.070406e-01 -2.159863e-02 2.871605e-01 4.105482e-01 2.478230e-01 -6.679379e-01
<VARIANCE> 39
 2.224572e+01 1.426712e+01 4.380345e+01 1.331324e+01 3.924789e+01 5.391973e+01 4.128815e+01 8.103599e+01 5.331158e+01 6.277573e+01 4.180808e+01 4.516124e+01 7.310314e+01 6.295857e-01 1.042720e+00 1.303323e+00 1.508967e+00 2.605896e+00 2.820781e+00 2.500627e+00 2.851225e+00 2.734911e+00 3.382107e+00 2.204774e+00 2.076861e+00 7.518455e-01 1.833857e-01 2.690685e-01 2.598050e-01 2.951900e-01 4.102252e-01 4.366361e-01 4.319740e-01 8.177579e-01 6.380947e-01 5.116844e-01 3.850468e-01 5.162149e-01 3.491491e-01
<GCONST> 1.150806e+02
<STATE> 4
<MEAN> 39
 -3.413344e+00 -1.858375e+00 -3.953351e+00 -5.252948e+00 -4.450414e+00 -1.015288e+01 -5.283944e+00 -2.352221e+00 -4.799507e+00 8.454187e-01 -6.617155e+00 -6.221407e+00 6.776463e+01 -3.293806e-01 2.666857e+00 2.325129e+00 2.327920e+00 9.433648e-03 1.221170e+00 -8.856105e-01 -2.059550e+00 -3.860293e-01 -4.445510e-01 6.243073e-01 1.102595e+00 -3.665461e+00 -3.638557e-01 7.159450e-04 1.221370e-01 4.555804e-02 2.096169e-01 5.616897e-01 2.750560e-01 1.346338e-02 -7.695775e-02 -3.671002e-01 -1.193551e-01 7.781893e-02 -2.983752e-01
<VARIANCE> 39
 2.085107e+01 3.570906e+01 5.460603e+01 4.109083e+01 5.432990e+01 6.897965e+01 3.326232e+01 7.435246e+01 5.333130e+01 5.294949e+01 5.300613e+01 4.051087e+01 8.378879e+01 3.472058e+00 2.640571e+00 2.977080e+00 2.449670e+00 3.190703e+00 5.159689e+00 3.213889e+00 9.559427e+00 6.122689e+00 4.492561e+00 3.489423e+00 3.982822e+00 4.037355e+00 3.692903e-01 7.457185e-01 5.596655e-01 7.801190e-01 5.407429e-01 7.806989e-01 4.323329e-01 1.325571e+00 8.302610e-01 7.179697e-01 5.766162e-01 5.597601e-01 9.763511e-01
<GCONST> 1.346552e+02
<TRANSP> 5
 0.000000e+00 1.000000e+00 0.000000e+00 0.000000e+00 0.000000e+00
 0.000000e+00 6.134454e-01 3.865546e-01 0.000000e+00 0.000000e+00
 0.000000e+00 0.000000e+00 7.664974e-01 2.335025e-01 0.000000e+00
 0.000000e+00 0.000000e+00 0.000000e+00 6.434109e-01 3.565891e-01
 0.000000e+00 0.000000e+00 0.000000e+00 0.000000e+00 0.000000e+00
<ENDHMM>
