~o
<STREAMINFO> 1 39
<VECSIZE> 39<NULLD><MFCC_D_A_0><DIAGC>
~h "e"
<BEGINHMM>
<NUMSTATES> 5
<STATE> 2
<MEAN> 39
 -6.085611e+00 -3.902322e+00 -3.210874e+00 -1.091196e+01 -1.223498e+01 -1.592350e+01 -9.292052e+00 -2.000604e+00 -2.549210e+00 3.580737e+00 -9.011874e+00 -4.514048e+00 7.635831e+01 1.576517e+00 -1.995186e+00 -2.610798e-01 -1.132256e+00 -1.455662e+00 -1.250108e+00 -3.677633e-01 1.895061e+00 5.106981e-01 4.599359e-01 -1.535193e+00 -9.449872e-01 1.910713e+00 -5.714768e-01 2.900842e-01 1.652376e-01 5.576783e-01 4.993914e-01 8.308753e-01 4.829467e-01 -3.760908e-01 -1.448115e-01 -1.646772e-01 3.109723e-01 7.394092e-02 -1.012532e+00
<VARIANCE> 39
 2.375286e+01 4.037667e+01 6.256506e+01 1.638662e+01 6.220889e+01 3.340998e+01 4.907269e+01 5.974308e+01 3.712525e+01 4.264540e+01 2.756193e+01 4.907462e+01 8.592295e+01 5.620460e+00 2.002107e+00 5.608042e+00 2.201862e+00 5.636379e+00 3.822403e+00 1.012224e+01 4.278244e+00 3.608421e+00 3.780885e+00 3.700232e+00 3.396555e+00 3.027944e+00 6.210963e-01 5.236081e-01 1.199426e+00 5.913790e-01 1.012519e+00 3.995516e-01 1.214582e+00 1.113946e+00 6.079477e-01 4.178676e-01 7.804407e-01 6.691502e-01 6.518073e-01
<GCONST> 1.336364e+02
<STATE> 3
<MEAN> 39
 -5.563050e+00 -7.984881e+00 -3.452770e+00 -1.216001e+01 -1.360225e+01 -1.601052e+01 -5.609746e+00 3.411314e+00 -2.986833e+00 2.284882e+00 -1.131477e+01 -8.006856e+00 7.806186e+01 3.045043e-01 1.527517e-01 -2.155686e-01 7.300146e-01 5.907006e-01 4.207605e-01 3.462657e-01 -6.798083e-01 -9.379711e-02 -4.360403e-01 -7.719590e-02 -4.619703e-02 -4.252585e-01 -4.114770e-02 4.565286e-01 2.092943e-01 4.398285e-01 2.626409e-01 4.488903e-01 -1.461428e-01 -7.056957e-01 -1.599316e-01 -1.757920e-02 3.992304e-01 2.083529e-01 -5.214514e-01
<VARIANCE> 39
 2.511814e+01 3.601244e+01 4.883875e+01 1.625635e+01 6.823338e+01 2.570816e+01 6.994598e+01 7.501096e+01 5.797311e+01 4.897959e+01 2.463118e+01 2.958981e+01 7.564086e+01 9.179628e-01 1.542644e+00 1.944740e+00 1.075608e+00 1.783414e+00 1.683673e+00 2.205807e+00 2.978886e+00 2.865702e+00 1.725159e+00 2.657847e+00 2.592032e+00 1.087475e+00 1.859587e-01 3.930625e-01 6.957778e-01 2.802426e-01 3.778895e-01 3.345839e-01 7.047052e-01 5.358078e-01 6.404456e-01 5.626290e-01 5.019287e-01 4.414013e-01 4.665111e-01
<GCONST> 1.171625e+02
<STATE> 4
<MEAN> 39
 -4.482615e+00 -2.628166e+00 -2.687444e+00 -4.487636e+00 -8.227319e+00 -1.096644e+01 -6.730304e+00 -6.241220e+00 -4.548886e+00 1.474320e+00 -1.002487e+01 -5.105113e+00 7.184307e+01 -2.844602e-02 1.313706e+00 1.136514e+00 1.640637e+00 1.182322e+00 1.855676e+00 -7.873744e-02 -1.392088e+00 -5.680578e-01 -5.034869e-01 1.065534e+00 3.416362e-01 -2.183244e+00 -1.095055e-01 -8.634581e-02 -8.125204e-02 -2.447508e-01 -6.438278e-02 -1.645175e-01 -3.862698e-02 4.217102e-01 1.421512e-02 -1.440745e-02 3.798860e-02 -5.008449e-02 1.655318e-01
<VARIANCE> 39
 2.206783e+01 2.974005e+01 4.656691e+01 3.076460e+01 7.360387e+01 3.205026e+01 5.382804e+01 8.655565e+01 5.812074e+01 3.921017e+01 4.488433e+01 5.012295e+01 1.149758e+02 2.473056e+00 2.815099e+00 5.974113e+00 2.690472e+00 3.135485e+00 2.749764e+00 5.369703e+00 3.843565e+00 4.625402e+00 3.720054e+00 3.915336e+00 4.738234e+00 2.439012e+00 3.246246e-01 4.557289e-01 6.715108e-01 4.479956e-01 3.260709e-01 4.274755e-01 5.939129e-01 5.192150e-01 6.532738e-01 4.513698e-01 6.132665e-01 5.713412e-01 4.084783e-01
<GCONST> 1.289706e+02
<TRANSP> 5
 0.000000e+00 1.000000e+00 0.000000e+00 0.000000e+00 0.000000e+00
 0.000000e+00 5.689655e-01 4.310345e-01 0.000000e+00 0.000000e+00
 0.000000e+00 0.000000e+00 7.159091e-01 2.840909e-01 0.000000e+00
 0.000000e+00 0.000000e+00 0.000000e+00 6.153846e-01 3.846154e-01
 0.000000e+00 0.000000e+00 0.000000e+00 0.000000e+00 0.000000e+00
<ENDHMM>
