~o
<STREAMINFO> 1 39
<VECSIZE> 39<NULLD><MFCC_D_A_0><DIAGC>
~h "f"
<BEGINHMM>
<NUMSTATES> 5
<STATE> 2
<MEAN> 39
 -1.060869e+01 -1.016176e+00 2.090220e+00 -1.926050e-02 2.307691e+00 -1.644657e+00 -1.801329e+00 -1.591711e+00 -2.441661e+00 4.675165e-01 -3.776089e+00 8.938218e-02 6.686118e+01 -2.430470e+00 1.107968e+00 -3.221852e-01 2.592695e+00 2.197862e+00 1.628422e+00 1.343954e+00 3.433647e-01 1.751250e+00 4.614748e-01 1.878162e+00 1.186783e+00 -1.792925e+00 2.785348e-01 -3.838297e-01 -6.307577e-01 -2.159260e-01 -5.893950e-01 -5.063936e-01 -4.289256e-01 1.369382e-01 -4.236895e-02 2.513293e-02 -2.437305e-01 -5.162508e-01 2.948928e-01
<VARIANCE> 39
 5.615142e+01 2.587264e+01 1.341536e+01 3.710600e+01 1.402615e+01 1.591735e+01 1.165835e+01 2.808303e+01 2.632833e+01 1.862890e+01 1.334985e+01 9.577941e+00 8.088757e+01 4.835953e+00 1.419624e+00 4.607399e+00 1.751368e+00 1.672752e+00 1.464397e+00 1.478458e+00 3.498627e+00 2.563466e+00 9.827386e-01 2.540390e+00 8.718766e-01 8.834888e-01 7.195081e-01 1.955536e-01 2.849155e-01 6.944123e-01 2.687956e-01 5.327064e-01 1.740745e-01 9.069117e-01 8.076755e-01 2.828608e-01 1.839332e-01 1.768520e-01 8.950305e-02
<GCONST> 1.052702e+02
<STATE> 3
<MEAN> 39
 -1.327342e+01 2.036142e+00 -1.823052e+00 5.430189e+00 4.033129e+00 1.858765e-01 -2.667433e+00 -3.487356e+00 -4.734129e-01 3.762434e+00 8.542363e-02 -8.118013e-01 6.243928e+01 -7.287682e-02 2.621163e-01 -1.615518e-01 2.284931e-01 -3.284201e-01 -3.347783e-01 -9.152292e-01 -1.106702e+00 -2.997544e-01 5.495722e-01 2.278797e-02 -2.781500e-01 -7.582629e-01 2.662379e-01 -7.032676e-02 3.461769e-01 -4.041798e-01 -2.413343e-01 -5.205677e-01 3.017434e-03 9.112706e-04 -2.129654e-01 -2.753886e-01 -3.165708e-01 7.418060e-02 2.186031e-01
<VARIANCE> 39
 6.482682e+01 4.384849e+01 1.896236e+01 1.227446e+01 3.063731e+01 9.322650e+00 4.455942e+01 1.389828e+01 5.266656e+01 7.073409e+00 1.198357e+01 1.228711e+01 1.143944e+02 1.465873e+00 4.170410e-01 1.426192e+00 1.578076e+00 7.290168e-01 2.560662e+00 1.233094e+00 3.522937e-01 1.427128e+00 1.261627e+00 8.701026e-01 1.442604e+00 3.063790e-01 3.070174e-01 1.458000e-01 2.029117e-01 2.441380e-01 1.001825e-01 5.113499e-01 3.248380e-01 3.720634e-01 5.037585e-01 1.675619e-01 3.957801e-01 3.132601e-01 1.733425e-01
<GCONST> 9.504884e+01
<STATE> 4
<MEAN> 39
 -1.300157e+01 2.957954e+00 -7.160138e-01 3.983111e+00 3.914119e+00 -1.906431e+00 -3.201575e+00 -3.499489e+00 -5.847231e-01 3.732621e+00 -9.102518e-01 5.087435e-02 5.999868e+01 6.246176e-01 1.431186e-01 2.691824e-01 -6.623250e-01 -6.395531e-01 -1.628521e+00 5.416407e-02 1.166598e+00 -1.762397e-01 -1.820095e-01 6.992648e-01 3.270095e-01 -7.001874e-01 1.711773e-01 -1.442737e-01 1.130595e-01 -1.405519e-01 -2.508937e-01 -6.093423e-02 1.178679e-01 -1.175784e-01 -3.273169e-01 -8.748568e-03 1.876419e-01 -1.347786e-01 2.624592e-01
<VARIANCE> 39
 2.529797e+01 3.569283e+01 1.820825e+01 2.148918e+01 4.284295e+01 3.337169e+01 3.792501e+01 3.037086e+01 2.318832e+01 9.407659e+00 1.516968e+01 6.511412e+00 7.759091e+01 1.632678e+00 2.181107e+00 3.415231e+00 6.998414e-01 8.795610e-01 5.620157e+00 1.401832e+00 2.745388e+00 2.508426e+00 1.376728e+00 1.481878e+00 1.218619e+00 2.972187e+00 7.731698e-01 2.788663e-01 4.307050e-01 1.555703e-01 2.283891e-01 4.474100e-01 4.917336e-01 8.350046e-01 5.302002e-01 9.952047e-02 1.686117e-01 2.985899e-01 2.476861e-01
<GCONST> 1.063682e+02
<TRANSP> 5
 0.000000e+00 1.000000e+00 0.000000e+00 0.000000e+00 0.000000e+00
 0.000000e+00 7.000000e-01 3.000000e-01 0.000000e+00 0.000000e+00
 0.000000e+00 0.000000e+00 7.500000e-01 2.500000e-01 0.000000e+00
 0.000000e+00 0.000000e+00 0.000000e+00 6.666667e-01 3.333333e-01
 0.000000e+00 0.000000e+00 0.000000e+00 0.000000e+00 0.000000e+00
<ENDHMM>
