~o
<STREAMINFO> 1 39
<VECSIZE> 39<NULLD><MFCC_D_A_0><DIAGC>
~h "g"
<BEGINHMM>
<NUMSTATES> 5
<STATE> 2
<MEAN> 39
 -3.453879e+00 6.055218e+00 5.001477e+00 9.227009e-01 -6.780284e+00 -1.227287e+01 -2.638544e+00 -4.671628e+00 -1.443221e+01 -2.165396e+00 -6.292161e+00 -1.497109e+00 6.029012e+01 2.186904e-01 1.923478e+00 -7.328433e-01 7.580911e-01 4.375532e-01 2.136720e+00 3.019314e-01 -1.527092e+00 -1.084936e+00 -1.841258e+00 3.370008e-01 7.403864e-01 -2.296931e+00 -2.664432e-01 -4.879180e-01 -4.102662e-01 -8.627905e-01 2.129231e-02 9.084750e-02 -1.063588e-01 -1.730396e-01 4.542095e-01 9.711045e-02 -5.015872e-02 -3.411565e-01 9.266336e-01
<VARIANCE> 39
 1.479017e+01 1.307248e+01 6.621832e+01 7.982708e+01 3.530964e+01 7.724211e+01 1.799723e+01 5.885124e+01 2.577476e+01 5.164429e+01 1.102923e+02 1.695780e+01 7.212407e+01 1.664616e+00 1.253445e+00 1.717566e+01 2.801589e+00 5.881053e+00 3.714345e+00 1.619931e+00 8.226679e+00 5.028146e+00 3.221847e+00 3.440213e+00 1.508957e+00 3.755611e+00 3.651183e-01 5.203555e-01 1.348622e+00 3.296231e-01 1.181832e+00 1.471617e+00 1.993007e-01 7.712523e-01 4.959016e-01 1.026205e+00 8.407800e-01 3.955602e-01 7.704875e-01
<GCONST> 1.296071e+02
<STATE> 3
<MEAN> 39
 -3.293409e+00 9.703743e+00 4.367133e+00 4.928660e-02 -7.088350e+00 -7.154397e+00 -1.271846e+00 -8.334779e+00 -1.673826e+01 -4.253507e+00 -2.382297e+00 -1.646314e+00 5.708344e+01 -1.387376e+00 -4.993613e-01 -2.048199e-01 -2.049666e+00 9.443488e-01 1.750933e-01 -4.787332e-01 -4.311529e-01 4.550056e-01 6.911642e-01 -2.547834e-01 -4.551139e-02 1.842164e+00 -4.823095e-01 -9.360918e-01 4.611727e-01 -5.031969e-01 -2.159868e-01 -6.975146e-01 -6.358848e-01 1.585531e-01 5.976341e-01 4.380853e-01 1.888355e-02 3.265300e-02 1.333409e+00
<VARIANCE> 39
 5.721184e+00 8.823467e+00 1.158817e+02 1.194773e+02 9.868233e+00 2.806865e+01 4.964791e+01 2.481329e+01 6.191731e+00 4.004277e+01 7.749123e+01 1.581257e+01 1.099338e+02 2.546589e+00 4.787177e+00 5.405552e+00 2.292039e+00 1.143687e+01 3.432565e+00 3.252615e+00 6.885944e-01 1.996014e+00 2.707049e+00 5.354044e+00 2.015465e+00 3.411092e+00 7.991674e-01 4.215871e-01 2.199976e+00 8.700172e-01 1.072298e+00 2.388382e-01 5.718410e-01 5.063502e-01 7.979367e-01 7.018515e-01 5.640210e-01 1.749486e-01 6.702316e-01
<GCONST> 1.236496e+02
<STATE> 4
<MEAN> 39
 -1.004965e+01 5.132533e+00 2.980116e+00 -6.798239e+00 -4.232248e+00 -7.884775e+00 -5.684940e+00 -1.098456e+01 -1.241667e+01 -2.485392e+00 -4.844852e+00 -8.412562e-01 6.689124e+01 -2.000726e+00 -1.294729e+00 1.029814e+00 -1.741725e+00 -3.329960e-01 -5.576032e-01 -1.879132e+00 -7.338740e-01 1.206423e+00 -2.328823e-01 9.896387e-01 3.720853e-01 3.393555e+00 5.861451e-01 1.943301e-01 3.112442e-01 4.175019e-01 -4.902937e-01 -1.392694e-01 -5.781603e-02 2.368491e-01 -2.510999e-01 -3.209739e-01 2.057404e-01 -1.362381e-01 -4.242889e-01
<VARIANCE> 39
 5.084890e+01 2.864650e+01 1.067398e+02 4.192031e+01 8.780293e+01 7.930121e+00 7.198899e+01 4.295778e+01 2.115707e+01 2.473475e+01 1.964429e+01 1.152373e+01 9.676841e+01 4.932024e+00 2.926558e+00 4.415454e+00 5.435654e+00 5.033499e+00 3.554676e+00 3.018829e+00 2.917410e+00 2.723759e+00 1.807853e+00 1.356833e+00 7.414503e-01 1.507435e+00 8.201374e-01 5.108505e-01 1.147686e+00 1.841864e-01 1.886387e+00 2.719090e-01 8.316994e-01 2.212509e-01 6.885034e-01 3.523159e-01 1.024197e+00 4.037021e-01 6.805053e-01
<GCONST> 1.236537e+02
<TRANSP> 5
 0.000000e+00 1.000000e+00 0.000000e+00 0.000000e+00 0.000000e+00
 0.000000e+00 6.666667e-01 3.333333e-01 0.000000e+00 0.000000e+00
 0.000000e+00 0.000000e+00 5.454546e-01 4.545455e-01 0.000000e+00
 0.000000e+00 0.000000e+00 0.000000e+00 5.454546e-01 4.545455e-01
 0.000000e+00 0.000000e+00 0.000000e+00 0.000000e+00 0.000000e+00
<ENDHMM>
