~o
<STREAMINFO> 1 39
<VECSIZE> 39<NULLD><MFCC_D_A_0><DIAGC>
~h "h"
<BEGINHMM>
<NUMSTATES> 5
<STATE> 2
<MEAN> 39
 -1.132920e+01 -2.482656e+00 -3.897847e+00 3.118602e-01 4.972247e+00 -4.517065e+00 -3.993343e-02 2.394516e+00 -6.765269e+00 -6.215299e+00 -7.315556e+00 4.816494e+00 5.539163e+01 2.204580e-01 -6.157653e-01 -8.108748e-01 -3.633345e-01 3.527840e-02 1.105774e-01 -5.069498e-01 -1.077221e-01 2.696162e-01 -1.059848e+00 -2.949184e-01 -3.206377e-01 -6.845568e-02 -8.936878e-02 1.985238e-02 -4.616977e-02 -9.502978e-02 -1.122352e-01 1.023329e-02 1.506287e-02 8.882910e-02 1.008452e-01 1.637594e-01 -1.340672e-02 -1.580433e-01 -1.324620e-02
<VARIANCE> 39
 9.285758e+00 2.303957e+01 1.766242e+01 1.242783e+01 8.505785e+01 1.921374e+01 2.715956e+01 4.289221e+01 4.436409e+01 3.001062e+01 2.734168e+01 3.559547e+01 1.386807e+02 1.070001e+00 4.410977e-01 8.908772e-01 1.212787e+00 1.511153e+00 1.980128e+00 2.564219e+00 8.886945e-01 3.172615e+00 1.512483e+00 1.712286e+00 9.005534e-01 2.209059e+00 1.365732e-01 1.460151e-01 2.172387e-01 1.751676e-01 3.209510e-01 4.453929e-01 4.819685e-01 2.395704e-01 4.878900e-01 1.971323e-01 2.402082e-01 2.342370e-01 1.382761e-01
<GCONST> 1.014551e+02
<STATE> 3
<MEAN> 39
 -1.042503e+01 -7.538266e+00 -5.278222e+00 -3.817382e+00 2.948518e+00 -1.065201e+00 -4.852906e-01 4.871715e+00 -1.800281e+00 -6.218927e+00 -8.273730e+00 -1.837993e-01 5.592312e+01 8.583225e-01 2.537615e-01 2.382442e-01 -4.985750e-01 -5.838147e-01 5.980909e-03 -6.476601e-01 -6.314347e-01 1.151207e-01 1.430671e-01 -4.134281e-01 -1.411577e+00 1.255300e+00 2.909493e-01 2.569060e-01 2.298970e-01 1.000769e-01 3.326855e-02 -1.980711e-01 -2.976642e-01 -2.366514e-01 -2.358883e-01 -2.622848e-02 3.809480e-02 -1.435898e-01 2.963245e-01
<VARIANCE> 39
 5.074763e+01 1.655400e+01 3.732766e+01 2.044703e+01 6.136087e+01 1.685726e+01 4.227940e+01 4.145304e+01 1.013982e+01 4.287505e+01 9.850781e+00 3.237079e+01 5.813015e+01 2.030895e+00 1.233072e+00 1.494959e+00 2.451529e+00 1.499435e+00 1.226093e+00 2.926205e+00 3.723505e+00 1.862923e+00 5.216361e+00 8.409804e-01 3.319392e+00 1.760512e+00 3.464810e-01 1.700774e-01 2.236378e-01 3.635899e-01 3.091998e-01 1.528051e-01 5.714902e-01 6.114714e-01 4.469146e-01 6.408769e-01 1.965080e-01 4.132677e-01 2.573178e-01
<GCONST> 1.098781e+02
<STATE> 4
<MEAN> 39
 -6.307793e+00 -2.019304e+00 -3.606860e+00 -2.281368e+00 1.315595e+00 -5.669998e+00 -3.070346e+00 -4.623473e-01 -4.888660e+00 -8.484483e+00 -1.202976e+01 -6.073803e+00 6.385519e+01 1.568954e+00 3.244224e-02 2.758623e-01 -6.848303e-01 -4.016406e-01 -1.003859e+00 -9.069531e-01 3.912186e-01 -4.938695e-01 3.178742e-01 9.734783e-01 -1.255878e+00 2.351089e+00 -4.114664e-02 -6.194372e-01 -1.532438e-01 -4.396190e-01 -6.380240e-01 -4.717978e-02 1.076845e-01 2.157745e-01 3.569779e-01 5.693358e-01 6.571043e-01 2.256447e-01 2.731673e-01
<VARIANCE> 39
 2.794171e+01 3.498060e+01 2.392310e+01 1.901883e+01 3.893309e+01 3.073940e+01 3.779302e+01 5.327763e+01 4.829617e+01 4.937503e+01 8.172982e+00 2.948170e+01 4.774051e+01 1.631861e+00 2.303235e+00 1.514648e+00 2.128558e+00 2.356483e+00 1.625821e+00 6.595293e+00 9.618197e-01 1.974832e+00 3.491791e+00 1.893466e+00 4.399609e+00 5.559012e+00 3.379250e-01 2.563287e-01 1.917455e-01 2.940291e-01 2.156688e-01 7.619271e-02 7.815578e-01 7.041674e-01 4.691552e-01 9.237080e-01 1.570246e-01 4.272197e-01 2.760867e-01
<GCONST> 1.131035e+02
<TRANSP> 5
 0.000000e+00 1.000000e+00 0.000000e+00 0.000000e+00 0.000000e+00
 0.000000e+00 8.148148e-01 1.851852e-01 0.000000e+00 0.000000e+00
 0.000000e+00 0.000000e+00 7.826087e-01 2.173913e-01 0.000000e+00
 0.000000e+00 0.000000e+00 0.000000e+00 5.833333e-01 4.166667e-01
 0.000000e+00 0.000000e+00 0.000000e+00 0.000000e+00 0.000000e+00
<ENDHMM>
