~o
<STREAMINFO> 1 39
<VECSIZE> 39<NULLD><MFCC_D_A_0><DIAGC>
~h "i"
<BEGINHMM>
<NUMSTATES> 5
<STATE> 2
<MEAN> 39
 -7.155195e+00 4.473405e-01 9.760481e+00 -6.764504e+00 -1.601298e+01 -1.082852e+01 -9.442800e+00 -5.679460e+00 -1.469573e+01 2.658633e+00 -6.193876e-01 -3.533031e+00 6.892531e+01 2.202262e-01 -1.275843e-01 8.905065e-01 -1.069873e+00 -2.029988e+00 -7.954910e-01 -3.142122e-01 -1.331324e-01 -1.437739e+00 1.185788e+00 5.205110e-01 1.800311e-01 1.356425e+00 -7.372240e-02 4.054779e-01 -6.193677e-01 4.925174e-01 8.580641e-01 2.168775e-01 4.812747e-01 -6.661171e-03 5.703097e-01 -1.989437e-01 -3.627390e-01 3.128658e-02 -7.609650e-01
<VARIANCE> 39
 2.227010e+01 3.818133e+01 5.240617e+01 5.649171e+01 3.985328e+01 1.373405e+02 2.922899e+01 8.705132e+01 4.925243e+01 9.850578e+01 3.015774e+01 3.260123e+01 3.597854e+01 4.394215e+00 3.305367e+00 4.175275e+00 3.258173e+00 6.406901e+00 7.637153e+00 5.119846e+00 4.667847e+00 3.759318e+00 4.368329e+00 3.558259e+00 3.195267e+00 3.374172e+00 9.178386e-01 6.920614e-01 9.174693e-01 7.153790e-01 1.160777e+00 1.625341e+00 8.289952e-01 9.972012e-01 9.204460e-01 1.126918e+00 7.923717e-01 3.568070e-01 4.096251e-01
<GCONST> 1.380725e+02
<STATE> 3
<MEAN> 39
 -1.170847e+01 8.841208e+00 8.659359e+00 -7.150822e+00 -1.550887e+01 -1.000807e+01 -7.823819e+00 -1.283438e+01 -9.432996e+00 -1.942062e+00 -4.779131e+00 -3.769914e+00 7.118056e+01 -5.385566e-02 4.194037e-01 -5.186957e-01 4.862174e-01 7.621861e-01 -1.889094e-01 5.678155e-01 -3.358596e-01 3.197667e-01 -1.508490e-01 -1.902265e-01 4.031904e-01 -5.690373e-01 2.168015e-02 3.414533e-02 -1.683837e-01 3.717305e-01 5.754018e-01 2.249118e-01 1.054121e-02 1.696907e-01 2.078334e-01 -1.574175e-01 -4.927848e-02 -8.568256e-02 -4.930041e-01
<VARIANCE> 39
 2.812605e+01 5.356705e+01 3.168242e+01 3.282770e+01 7.489281e+01 5.108521e+01 5.368744e+01 6.978444e+01 5.940030e+01 3.654129e+01 3.135413e+01 5.196238e+01 1.242801e+02 8.672541e-01 2.096298e+00 1.514149e+00 2.473327e+00 3.235088e+00 2.431049e+00 2.500663e+00 2.297616e+00 2.996014e+00 2.470562e+00 2.537174e+00 1.971807e+00 1.393714e+00 3.216862e-01 3.661112e-01 3.587503e-01 2.884039e-01 9.432946e-01 4.483134e-01 5.973080e-01 6.534107e-01 7.047132e-01 5.386887e-01 7.054839e-01 5.001988e-01 3.617573e-01
<GCONST> 1.227578e+02
<STATE> 4
<MEAN> 39
 -1.137034e+01 7.250549e+00 4.559015e+00 -2.020341e+00 -6.922551e+00 -8.371775e+00 -3.230305e+00 -9.099016e+00 -8.148021e+00 4.132323e-01 -3.604550e+00 -1.895786e+00 6.210140e+01 -7.272109e-01 2.320759e-01 -1.229271e+00 1.267789e+00 2.538687e+00 1.444426e+00 5.626626e-01 7.070219e-01 1.705116e+00 -5.408866e-01 -4.521544e-01 -4.647709e-01 -2.414712e+00 -1.463214e-01 -3.099743e-01 1.379406e-01 -2.127021e-01 -2.337432e-01 3.710855e-01 -1.487448e-01 2.162962e-01 -1.102208e-01 9.569580e-02 6.432229e-02 -5.709822e-02 -1.744667e-02
<VARIANCE> 39
 4.792371e+01 3.000840e+01 2.468669e+01 1.952765e+01 7.483640e+01 1.243020e+02 4.521138e+01 3.830264e+01 4.394833e+01 3.453858e+01 3.370823e+01 4.450105e+01 1.379775e+02 5.926229e+00 4.637263e+00 3.478879e+00 3.090651e+00 5.728963e+00 5.352582e+00 3.648391e+00 5.392695e+00 4.820452e+00 5.085046e+00 4.643819e+00 3.390654e+00 2.770519e+00 3.760766e-01 4.363493e-01 3.242692e-01 4.153468e-01 8.282547e-01 1.022991e+00 5.631561e-01 4.399880e-01 5.651032e-01 6.015061e-01 5.508609e-01 4.540426e-01 4.765905e-01
<GCONST> 1.317735e+02
<TRANSP> 5
 0.000000e+00 1.000000e+00 0.000000e+00 0.000000e+00 0.000000e+00
 0.000000e+00 6.352941e-01 3.647059e-01 0.000000e+00 0.000000e+00
 0.000000e+00 0.000000e+00 7.847222e-01 2.152778e-01 0.000000e+00
 0.000000e+00 0.000000e+00 0.000000e+00 6.736842e-01 3.263158e-01
 0.000000e+00 0.000000e+00 0.000000e+00 0.000000e+00 0.000000e+00
<ENDHMM>
