~o
<STREAMINFO> 1 39
<VECSIZE> 39<NULLD><MFCC_D_A_0><DIAGC>
~h "initial_0_D_A"
<BEGINHMM>
<NUMSTATES> 5
<STATE> 2
<MEAN> 39
 -2.711503e+00 1.442604e+00 -5.203402e+00 -1.629198e+01 -9.196811e+00 -8.924188e+00 -7.815851e+00 -1.158010e+00 -1.087751e+01 3.792589e+00 -5.320008e+00 -6.060897e+00 6.850289e+01 1.259360e+00 7.355744e-01 -2.902758e-01 -2.580650e-02 4.140609e-01 5.638034e-01 -2.019616e-01 -1.367173e+00 -9.209453e-01 -1.809183e-01 1.513195e+00 4.178797e-02 -1.913598e-02 1.034334e-02 -3.203656e-01 -2.063739e-01 -1.466711e-01 -1.216283e-01 3.078768e-01 2.323387e-01 -2.928850e-01 -4.822656e-02 -2.109761e-02 -2.272276e-02 2.823410e-01 4.282259e-01
<VARIANCE> 39
 3.631915e+01 7.238426e+01 3.021146e+01 1.400017e+02 2.563146e+01 4.024567e+01 2.027346e+01 3.054859e+01 1.252693e+02 6.037648e+01 3.323439e+01 3.873479e+01 1.905689e+02 2.535582e+00 2.355934e+00 2.088937e+00 1.330956e+00 1.496669e+00 3.018082e+00 2.313916e+00 3.524430e+00 6.086161e+00 2.027180e+00 5.209040e+00 5.985909e+00 1.992372e+00 3.137556e-01 4.630183e-01 4.034775e-01 1.203082e-01 1.677157e-01 2.492788e-01 6.100366e-01 7.217702e-01 8.266484e-01 9.799751e-01 8.273969e-01 8.689426e-01 3.356094e-01
<GCONST> 1.250867e+02
<STATE> 3
<MEAN> 39
 6.968113e-01 1.112669e-01 -7.995302e+00 -1.186252e+01 -8.239906e+00 -6.359543e+00 -6.949617e+00 -7.756293e+00 -1.050430e+01 3.680936e-01 1.012501e-01 -3.997385e+00 7.188661e+01 -2.370507e-01 -9.199223e-01 -5.376294e-01 2.078828e-01 -5.677998e-01 8.398563e-02 7.877893e-01 -5.480871e-01 1.520685e-01 6.666752e-02 -1.554639e-01 -7.253255e-01 1.495010e+00 -7.687635e-01 -5.764345e-01 3.670512e-01 3.211293e-01 -1.855993e-01 -3.237239e-01 3.476821e-01 4.415019e-01 5.941710e-01 3.442913e-01 -5.894669e-01 -7.335757e-01 2.782373e-01
<VARIANCE> 39
 1.963451e+01 5.784990e+01 7.118893e+01 1.119988e+02 1.893383e+01 2.973889e+01 6.675150e+01 3.898858e+01 1.976430e+01 3.953093e+01 7.255040e+01 2.458370e+01 1.006498e+02 1.849543e+00 2.494168e+00 5.927482e+00 1.474946e+00 1.958418e+00 3.457561e+00 2.623273e+00 5.110605e+00 5.877134e+00 7.022347e+00 5.034641e+00 5.117316e+00 1.534042e+00 2.029646e-01 2.670108e-01 2.361809e-01 3.171776e-01 4.123135e-01 5.926283e-01 6.605252e-01 5.652846e-01 9.519071e-01 4.808460e-01 1.473163e+00 1.082856e+00 2.448020e-01
<GCONST> 1.266327e+02
<STATE> 4
<MEAN> 39
 -3.568581e+00 -6.146880e+00 -9.220729e+00 -1.276268e+01 -9.794170e+00 -5.203136e+00 -3.312818e+00 -6.156787e+00 -7.186635e+00 2.751304e+00 -2.672357e+00 -1.163159e+01 8.030363e+01 -1.294429e+00 -1.537422e+00 3.899635e-01 5.365410e-01 -1.208457e-01 4.009395e-01 1.067109e+00 5.118987e-01 4.433193e-01 7.851514e-01 -1.300067e+00 -1.859881e+00 1.319107e+00 7.889336e-02 2.950757e-01 1.415201e-01 3.731854e-03 1.209270e-01 -3.425424e-01 -9.507590e-02 5.177070e-01 -1.894765e-01 -3.316091e-01 -3.829607e-01 4.083613e-01 -2.876281e-01
<VARIANCE> 39
 3.250136e+01 3.300563e+01 1.475805e+02 6.713580e+01 1.470781e+01 2.513691e+01 3.933675e+01 3.044986e+01 6.862210e+01 4.627477e+01 4.995448e+01 7.042166e+01 1.241033e+02 5.007918e-01 1.429414e+00 3.454664e+00 2.927308e+00 5.618299e+00 4.657640e+00 2.919916e+00 2.331131e+00 3.109825e+00 3.274375e+00 4.841973e+00 3.712248e+00 1.047480e+00 1.273679e-01 3.355294e-01 9.581282e-01 2.927863e-01 3.487108e-01 6.074394e-01 3.911470e-01 1.089160e+00 5.311595e-01 1.086363e+00 5.958225e-01 8.681388e-01 7.882952e-02
<GCONST> 1.237465e+02
<TRANSP> 5
 0.000000e+00 1.000000e+00 0.000000e+00 0.000000e+00 0.000000e+00
 0.000000e+00 6.190476e-01 3.809524e-01 0.000000e+00 0.000000e+00
 0.000000e+00 0.000000e+00 6.190476e-01 3.809524e-01 0.000000e+00
 0.000000e+00 0.000000e+00 0.000000e+00 5.555556e-01 4.444444e-01
 0.000000e+00 0.000000e+00 0.000000e+00 0.000000e+00 0.000000e+00
<ENDHMM>
