~o
<STREAMINFO> 1 39
<VECSIZE> 39<NULLD><MFCC_D_A_0><DIAGC>
~h "k"
<BEGINHMM>
<NUMSTATES> 5
<STATE> 2
<MEAN> 39
 -1.321761e+01 4.706588e+00 -4.353375e-01 4.028003e+00 2.589792e+00 -1.713810e+00 -4.510712e+00 -2.286769e+00 -1.581897e+00 -2.087123e+00 -5.245991e+00 -3.922740e+00 4.512414e+01 -2.183052e+00 -2.442759e-01 2.766981e-01 4.845661e-01 -3.674573e-01 1.648482e+00 7.697157e-01 2.840082e-01 6.895334e-01 -1.653752e-02 2.491169e-01 2.079164e+00 -2.320013e+00 7.807056e-01 -1.354165e+00 -1.234243e+00 -1.068359e+00 -2.648552e-01 -1.318407e+00 -3.409902e-01 2.319618e-01 1.789419e-01 5.247278e-01 1.551402e-01 -6.569247e-02 2.669822e+00
<VARIANCE> 39
 9.682206e+00 6.555180e+00 1.061549e+01 1.129271e+01 1.008417e+01 1.789968e+01 1.862033e+01 1.017841e+01 1.960871e+01 1.180461e+01 1.224428e+01 2.249209e+01 2.127622e+01 3.579951e+00 4.679951e+00 4.232141e+00 3.128006e+00 2.764302e+00 5.661262e+00 2.363932e+00 2.496711e+00 5.000181e+00 3.217983e+00 1.215110e+00 1.330665e+00 1.840106e+01 6.287194e-01 1.813337e-01 2.627081e-01 1.697208e-01 1.094595e+00 1.072663e+00 4.374553e-01 4.005788e-01 6.243710e-01 6.106233e-01 4.510952e-01 3.022399e-01 7.215767e-01
<GCONST> 1.111273e+02
<STATE> 3
<MEAN> 39
 -1.455762e+01 -3.644476e+00 -9.249467e+00 -8.850904e-01 1.523429e+00 -8.539078e+00 -8.431092e+00 -2.092495e+00 2.947222e+00 2.929287e+00 -5.701310e+00 1.635166e+00 5.685308e+01 5.343477e-01 -1.443156e+00 -3.402635e+00 -1.088940e+00 3.580523e-01 -3.307624e+00 -1.077950e+00 7.469245e-01 1.166502e-01 1.750971e-01 -1.087311e+00 -4.961582e-01 4.362616e+00 5.726743e-01 9.305462e-01 6.543539e-01 2.725390e-01 2.244070e-01 1.448804e-02 8.396295e-01 1.408152e-01 -6.411440e-01 -6.724692e-01 -6.554027e-02 -1.059549e+00 -2.859711e-01
<VARIANCE> 39
 1.952116e+01 2.315715e+01 4.533611e+01 9.718583e+00 1.668199e+01 5.519118e+01 4.906764e+01 2.586851e+00 3.819823e+01 2.544706e+01 1.214937e+01 3.470078e+01 6.656421e+01 3.789748e+00 3.657945e+00 2.330861e+00 1.383996e+00 3.592716e+00 4.467356e+00 4.782921e+00 5.672475e+00 3.071003e+00 7.408289e+00 1.109397e+00 3.456288e+00 3.064599e+00 4.297784e-01 7.409796e-01 2.160739e+00 2.290268e-01 3.308885e-01 2.091640e+00 1.584032e+00 1.119951e+00 6.361290e-01 7.526560e-01 3.502190e-01 3.062905e-01 2.304076e+00
<GCONST> 1.243581e+02
<STATE> 4
<MEAN> 39
 -1.019012e+01 3.570101e-01 -8.008628e+00 -1.720598e+00 4.190989e+00 -1.262190e+01 -3.197183e+00 3.722849e+00 -1.793352e+00 -5.605717e-01 -7.598205e+00 -3.650268e+00 6.034007e+01 2.653549e+00 3.420914e-01 1.757217e+00 -8.575810e-01 -3.522398e-01 -4.792026e-01 1.714523e+00 3.932563e-01 -1.460614e+00 -7.193291e-01 5.491925e-01 -2.093680e+00 1.743211e+00 2.474664e-01 -6.438780e-01 9.860562e-02 -5.188109e-01 -5.224174e-01 3.537396e-01 -7.336256e-02 -4.309997e-01 -1.243661e-01 4.949007e-01 4.807130e-01 -1.013451e-01 3.157655e-01
<VARIANCE> 39
 5.574471e+01 3.381670e+01 4.009380e+01 2.572295e+01 5.211616e+01 3.581620e+01 3.303999e+01 7.190916e+01 1.245515e+01 6.561527e+01 1.906305e+01 3.528236e+01 2.522091e+01 1.726624e+00 5.726320e+00 7.111158e+00 2.853127e+00 2.753400e+00 7.376350e+00 9.656689e+00 4.620491e+00 3.043844e+00 1.284318e+00 1.278213e+00 1.922093e+00 6.899617e+00 9.875253e-01 5.781637e-01 1.793314e+00 3.105210e-01 6.588359e-01 8.481660e-01 7.189940e-01 5.798800e-01 2.903413e-01 7.122946e-01 1.797194e-01 4.434922e-01 7.792203e-01
<GCONST> 1.272541e+02
<TRANSP> 5
 0.000000e+00 1.000000e+00 0.000000e+00 0.000000e+00 0.000000e+00
 0.000000e+00 7.000000e-01 3.000000e-01 0.000000e+00 0.000000e+00
 0.000000e+00 0.000000e+00 6.666667e-01 3.333333e-01 0.000000e+00
 0.000000e+00 0.000000e+00 0.000000e+00 6.666667e-01 3.333333e-01
 0.000000e+00 0.000000e+00 0.000000e+00 0.000000e+00 0.000000e+00
<ENDHMM>
