~o
<STREAMINFO> 1 39
<VECSIZE> 39<NULLD><MFCC_D_A_0><DIAGC>
~h "l"
<BEGINHMM>
<NUMSTATES> 5
<STATE> 2
<MEAN> 39
 -6.377389e+00 -2.649143e+00 -3.540405e+00 -8.678399e+00 -7.194824e+00 -4.686986e+00 -5.256765e+00 -8.882304e+00 -2.361738e+00 8.335381e+00 -8.432910e+00 -3.799662e+00 6.769855e+01 5.663574e-01 1.936901e-01 9.378628e-01 7.129661e-01 -7.748078e-01 -3.394690e-01 -1.024803e+00 -1.586317e+00 -1.940993e-01 7.926041e-01 -5.579581e-03 -3.028298e-01 -3.116935e-01 -7.986863e-02 2.596613e-01 -7.535660e-03 8.087474e-02 1.712450e-01 -9.205194e-02 -1.356797e-01 1.024744e-01 -2.938138e-01 -1.549618e-01 2.253247e-01 -2.698417e-01 4.168415e-03
<VARIANCE> 39
 6.101551e+01 2.897211e+01 3.453988e+01 4.703547e+01 1.043499e+02 3.608364e+01 7.414896e+01 9.051965e+01 5.230370e+01 3.571472e+01 7.483289e+01 2.720734e+01 1.434237e+02 2.830476e+00 1.943127e+00 1.357493e+00 3.423982e+00 2.013468e+00 2.766706e+00 3.731592e+00 3.633920e+00 2.846276e+00 2.264791e+00 2.204010e+00 2.031732e+00 2.147500e+00 3.051708e-01 2.768648e-01 4.047115e-01 3.994360e-01 4.149127e-01 3.745456e-01 7.160903e-01 6.956167e-01 6.827323e-01 3.686449e-01 2.353869e-01 2.504441e-01 2.424085e-01
<GCONST> 1.229231e+02
<STATE> 3
<MEAN> 39
 -6.643935e+00 1.423333e-01 -2.464896e+00 -3.603315e+00 -1.048977e+01 -8.888276e+00 -1.014131e+01 -1.794690e+01 -4.111897e+00 8.872655e+00 -8.717314e+00 -8.469368e+00 6.811473e+01 1.371168e+00 6.102715e-01 3.097349e-01 1.074315e-01 4.300476e-01 -1.151539e+00 -1.671502e+00 4.623447e-01 -1.087862e+00 -6.851836e-01 6.159691e-01 -8.170419e-01 7.769064e-01 -1.090721e-01 -2.752895e-01 -3.200843e-01 -4.553196e-01 3.895495e-01 -1.796513e-01 4.218592e-01 1.480195e+00 1.805533e-01 -7.083543e-01 1.340649e-01 3.660896e-01 2.986282e-01
<VARIANCE> 39
 3.243270e+01 2.706128e+01 4.717377e+01 5.351849e+01 4.314016e+01 3.125483e+01 7.565126e+01 1.019320e+02 6.429319e+01 3.189923e+01 4.841296e+01 1.772930e+01 1.416282e+02 4.574471e+00 3.766529e+00 3.756910e+00 3.424953e+00 3.090647e+00 3.728079e+00 7.104939e+00 7.272727e+00 7.053896e+00 4.219689e+00 4.483537e+00 1.767620e+00 8.361131e+00 6.817576e-01 3.758554e-01 6.950052e-01 7.013558e-01 3.044428e-01 5.292537e-01 1.821278e+00 8.647137e-01 8.740003e-01 6.048769e-01 4.776473e-01 5.614797e-01 5.790421e-01
<GCONST> 1.352057e+02
<STATE> 4
<MEAN> 39
 -3.899813e+00 -2.604379e+00 -2.746785e+00 -7.319424e+00 -9.686489e+00 -1.292725e+01 -1.326176e+01 -7.713168e+00 -5.752100e+00 5.855581e+00 -5.653294e+00 -9.782231e+00 7.406872e+01 -1.469725e-01 -6.143697e-01 -7.654395e-01 -1.112338e+00 4.429302e-01 -1.249327e+00 1.022734e+00 3.393284e+00 5.662674e-01 -1.566418e+00 1.824427e-01 -8.534732e-02 1.591564e+00 -3.585618e-01 -6.588463e-02 -1.145326e-01 -7.614031e-02 -2.171284e-01 3.325537e-01 7.925890e-01 -2.021246e-02 3.727097e-01 -1.510353e-01 -4.941275e-01 2.722930e-01 -1.380749e-01
<VARIANCE> 39
 2.236809e+01 4.409111e+01 3.092979e+01 3.022300e+01 3.267968e+01 4.630172e+01 3.859156e+01 5.153591e+01 1.144665e+02 6.127879e+01 7.348750e+01 2.472229e+01 1.221264e+02 1.488418e+00 3.159868e+00 3.835888e+00 3.768269e+00 1.647151e+00 3.642445e+00 1.225751e+01 5.010107e+00 6.192461e+00 4.236678e+00 3.617627e+00 3.363272e+00 4.674783e+00 3.700181e-01 2.957138e-01 3.641815e-01 3.040974e-01 5.637956e-01 4.610001e-01 1.147535e+00 1.751553e+00 1.385705e+00 5.074897e-01 5.770392e-01 2.599606e-01 3.098786e-01
<GCONST> 1.304477e+02
<TRANSP> 5
 0.000000e+00 1.000000e+00 0.000000e+00 0.000000e+00 0.000000e+00
 0.000000e+00 7.111111e-01 2.888889e-01 0.000000e+00 0.000000e+00
 0.000000e+00 0.000000e+00 5.666667e-01 4.333333e-01 0.000000e+00
 0.000000e+00 0.000000e+00 0.000000e+00 4.800000e-01 5.200000e-01
 0.000000e+00 0.000000e+00 0.000000e+00 0.000000e+00 0.000000e+00
<ENDHMM>
