~o
<STREAMINFO> 1 39
<VECSIZE> 39<NULLD><MFCC_D_A_0><DIAGC>
~h "n"
<BEGINHMM>
<NUMSTATES> 5
<STATE> 2
<MEAN> 39
 -1.357751e+00 1.861378e+00 5.130410e+00 -1.614152e+00 -1.249219e+01 -1.067676e+01 -9.948752e+00 -1.198749e+01 -5.083720e+00 3.076941e+00 -1.072840e+01 -8.947521e+00 6.809775e+01 7.318157e-01 1.047211e+00 1.463545e+00 8.186428e-01 -6.825964e-01 1.482995e+00 -6.083113e-01 -1.898033e+00 5.040290e-01 2.756742e-01 -4.921533e-01 -3.151065e-01 -1.614216e+00 -3.821322e-01 -2.864699e-01 -5.089105e-01 -5.874796e-01 2.231349e-01 -9.050296e-02 1.181246e-01 8.247291e-01 -1.042802e-01 -4.579707e-01 2.963857e-01 3.516514e-01 6.310983e-01
<VARIANCE> 39
 1.022177e+01 2.160547e+01 2.418093e+01 1.276379e+01 4.902790e+01 3.683571e+01 2.364362e+01 3.640544e+01 5.762429e+01 5.138929e+01 8.400934e+01 2.920427e+01 9.691850e+01 8.818210e-01 3.097136e+00 3.428947e+00 2.916000e+00 2.738712e+00 3.204466e+00 2.064581e+00 8.432057e+00 3.452667e+00 2.789424e+00 4.120408e+00 1.347366e+00 2.189249e+00 1.960299e-01 2.344245e-01 8.232239e-01 3.668187e-01 8.159779e-01 5.564412e-01 3.357309e-01 1.020019e+00 5.398155e-01 4.384235e-01 5.765900e-01 2.803434e-01 1.350757e-01
<GCONST> 1.191307e+02
<STATE> 3
<MEAN> 39
 8.162913e-02 1.165918e+00 6.176515e+00 -2.709551e+00 -1.163443e+01 -6.566777e+00 -1.111900e+01 -1.037934e+01 -5.832039e+00 2.154304e+00 -7.423442e+00 -6.875585e+00 6.595694e+01 -3.747545e-01 6.197505e-01 -9.614728e-02 -3.517877e-01 9.996043e-01 8.400294e-04 6.770641e-02 6.184207e-01 -4.712493e-01 -4.603254e-01 5.259841e-01 2.913997e-02 -2.275985e-01 -4.348931e-01 1.545809e-02 -2.797586e-01 -2.270931e-01 3.867730e-01 -2.405261e-01 3.151874e-01 4.111918e-01 -9.693584e-02 -2.401000e-02 6.206153e-02 -5.037520e-02 2.208178e-01
<VARIANCE> 39
 7.889009e+00 3.680225e+01 1.373113e+01 1.277781e+01 3.993724e+01 3.245653e+01 3.106768e+01 2.814117e+01 3.316109e+01 5.061409e+01 1.010245e+02 2.867178e+01 9.052889e+01 9.335002e-01 1.125391e+00 1.211267e+00 9.745309e-01 2.599008e+00 1.492756e+00 2.162017e+00 2.076641e+00 2.023106e+00 1.712799e+00 2.831859e+00 1.420801e+00 1.001163e+00 1.246278e-01 1.881108e-01 3.791995e-01 3.529241e-01 3.042750e-01 4.236287e-01 3.424217e-01 9.056796e-01 5.716817e-01 3.381081e-01 7.070478e-01 3.350686e-01 2.535026e-01
<GCONST> 1.086277e+02
<STATE> 4
<MEAN> 39
 -4.754126e+00 4.312287e+00 3.538796e+00 -4.337696e+00 -6.741092e+00 -9.189656e+00 -8.911397e+00 -8.869830e+00 -6.016935e+00 1.717708e-01 -7.922564e+00 -7.566383e+00 6.624732e+01 -1.451370e+00 -2.860692e-01 -1.101639e+00 -7.343030e-01 9.944899e-01 5.509653e-01 8.662507e-01 1.367714e+00 4.959896e-01 -5.457249e-01 1.719789e-02 4.957081e-02 4.384779e-01 -8.009747e-02 -3.962497e-01 -1.372731e-01 -1.060090e-01 -3.596527e-01 2.852533e-01 7.426890e-02 -9.947305e-02 1.191551e-01 5.552354e-02 -2.067194e-01 8.562241e-02 7.572556e-02
<VARIANCE> 39
 2.235093e+01 4.681975e+01 4.777468e+01 1.709886e+01 5.375172e+01 3.055424e+01 2.412906e+01 3.943057e+01 4.789025e+01 3.063622e+01 1.259537e+02 2.743431e+01 1.039635e+02 1.379910e+00 2.304755e+00 4.292406e+00 3.366496e+00 3.532712e+00 2.786923e+00 3.012815e+00 4.212161e+00 4.011134e+00 3.559789e+00 4.153736e+00 2.462085e+00 4.566543e+00 2.994192e-01 4.236200e-01 3.883125e-01 3.968932e-01 5.421727e-01 7.241697e-01 7.016861e-01 8.390883e-01 8.955101e-01 5.339897e-01 8.260316e-01 5.812379e-01 4.445437e-01
<GCONST> 1.271571e+02
<TRANSP> 5
 0.000000e+00 1.000000e+00 0.000000e+00 0.000000e+00 0.000000e+00
 0.000000e+00 5.400000e-01 4.600000e-01 0.000000e+00 0.000000e+00
 0.000000e+00 0.000000e+00 7.051282e-01 2.948718e-01 0.000000e+00
 0.000000e+00 0.000000e+00 0.000000e+00 5.740741e-01 4.259259e-01
 0.000000e+00 0.000000e+00 0.000000e+00 0.000000e+00 0.000000e+00
<ENDHMM>
