~o
<STREAMINFO> 1 39
<VECSIZE> 39<NULLD><MFCC_D_A_0><DIAGC>
~h "ng"
<BEGINHMM>
<NUMSTATES> 5
<STATE> 2
<MEAN> 39
 -1.653299e+00 -1.965608e-01 1.335584e+00 -1.362944e+01 -1.625450e+01 -9.609573e-01 -8.428823e+00 -1.240865e+01 -4.482345e+00 8.302486e-01 -1.543384e+01 -7.488902e+00 7.026015e+01 -1.879893e-01 6.276308e-01 3.023205e+00 1.214077e+00 -8.509388e-01 -3.047785e-01 -2.477777e+00 5.197647e-01 1.108873e+00 -5.634088e-02 -2.146592e+00 -1.163155e+00 -1.417476e+00 3.030082e-02 -1.243878e-01 -9.049765e-01 1.306849e-01 4.653906e-01 -3.778983e-01 3.753287e-01 2.469564e-01 -1.346886e-01 -6.724160e-01 1.704901e+00 1.770360e-01 4.117296e-01
<VARIANCE> 39
 1.120523e+01 3.624271e+01 3.468679e+01 2.003449e+01 1.626275e+01 5.204973e+00 1.844111e+01 5.433932e+01 3.737591e+01 3.254768e+01 1.045185e+02 2.905021e+01 1.107548e+02 2.481310e-01 8.795956e-01 3.402364e+00 1.966433e+00 7.894984e-01 1.287363e+00 9.411243e-01 4.581295e+00 4.576887e+00 2.313582e+00 1.201822e+01 1.613287e+00 1.689332e+00 3.700425e-02 1.137331e-01 3.209777e-01 3.374872e-01 1.136034e-01 3.745624e-01 4.256166e-01 4.620753e-01 4.149251e-01 1.930487e-01 1.024080e+00 4.628411e-01 5.577286e-02
<GCONST> 1.044764e+02
<STATE> 3
<MEAN> 39
 6.219248e-01 -3.278574e+00 5.093299e+00 -7.566940e+00 -1.351894e+01 -2.378681e+00 -7.628092e+00 -9.729816e+00 -4.615007e+00 4.713276e+00 -3.690049e+00 -7.948846e+00 6.772253e+01 1.365636e-01 4.431369e-01 1.196553e-01 8.895499e-01 -3.393434e-01 -4.900192e-01 2.672143e-01 -6.090933e-01 -8.178226e-01 3.222396e-01 8.333203e-01 1.339819e-01 -5.029129e-01 4.256903e-02 7.208271e-02 -2.103793e-01 -1.282727e-01 1.049488e-01 1.141688e-01 2.949429e-01 -9.511632e-02 -3.184971e-01 9.265768e-02 1.662490e-01 9.964465e-02 -5.547763e-02
<VARIANCE> 39
 1.024106e+01 2.195661e+01 6.998078e+00 3.113333e+01 1.783327e+01 7.511583e+00 2.241186e+01 9.834878e+00 5.064145e+01 9.417912e+01 1.310554e+02 7.806724e+00 8.970932e+01 7.622892e-02 1.579974e-01 2.267738e-01 1.662758e-01 4.668586e-01 7.882928e-02 3.003131e-01 4.487575e-01 6.081855e-01 4.993757e-01 5.856295e-01 1.688281e+00 9.339956e-02 2.866407e-02 8.286145e-02 3.332260e-01 1.442151e-01 1.862683e-01 5.180720e-02 1.498565e-01 2.928730e-01 3.169784e-01 2.167811e-01 8.849771e-01 1.182151e-01 1.595106e-01
<GCONST> 7.247354e+01
<STATE> 4
<MEAN> 39
 -6.965606e-01 2.371150e+00 5.256729e+00 -6.879385e+00 -1.620885e+01 -5.732687e+00 -8.611294e+00 -1.323435e+01 -9.201317e+00 2.325573e+00 -9.609873e+00 -6.237196e+00 6.563559e+01 -1.573066e-01 1.403744e+00 -1.616453e+00 1.981228e-01 1.591332e+00 6.820275e-01 1.177267e+00 -4.305438e-01 -9.042566e-01 -3.523638e-01 2.035970e+00 3.960064e-01 -1.024130e+00 -3.330014e-01 2.762748e-01 -1.435857e+00 -8.127111e-01 9.121872e-01 4.752883e-01 4.540610e-01 -8.163264e-02 1.571974e-01 -1.407242e-01 4.412852e-01 1.977951e-01 4.899184e-01
<VARIANCE> 39
 9.750112e+00 1.223588e+01 3.540071e+01 3.702720e+01 3.019637e+00 3.283167e+00 3.085212e+01 2.784904e+00 4.991735e+01 4.955515e+01 1.736416e+02 1.015419e+01 1.181685e+02 3.257596e-01 1.191693e+00 6.786058e+00 7.768493e-01 1.905544e+00 7.373671e-01 1.987800e-01 2.240771e+00 5.201531e+00 3.166144e+00 8.509405e+00 1.190260e+00 1.730781e+00 5.184528e-02 1.464876e-01 1.308686e+00 1.622329e-01 3.595310e-01 5.349777e-02 2.191985e-01 1.018820e+00 7.468913e-01 1.820030e-01 1.031446e+00 3.856907e-01 5.823024e-01
<GCONST> 1.010196e+02
<TRANSP> 5
 0.000000e+00 1.000000e+00 0.000000e+00 0.000000e+00 0.000000e+00
 0.000000e+00 6.666667e-01 3.333333e-01 0.000000e+00 0.000000e+00
 0.000000e+00 0.000000e+00 7.692308e-01 2.307692e-01 0.000000e+00
 0.000000e+00 0.000000e+00 0.000000e+00 5.714286e-01 4.285714e-01
 0.000000e+00 0.000000e+00 0.000000e+00 0.000000e+00 0.000000e+00
<ENDHMM>
