~o
<STREAMINFO> 1 39
<VECSIZE> 39<NULLD><MFCC_D_A_0><DIAGC>
~h "o"
<BEGINHMM>
<NUMSTATES> 5
<STATE> 2
<MEAN> 39
 -2.136305e+00 -1.889607e+00 -1.144119e+01 -1.420777e+01 -1.021555e+01 -6.596213e+00 -1.243819e+01 -1.143057e+01 -1.065921e+00 5.971906e+00 -2.239412e+00 -4.365666e+00 7.126048e+01 1.437680e+00 -1.184821e+00 -2.836877e-01 -1.481848e+00 -1.558773e+00 1.659105e+00 3.014680e-01 4.193293e-01 -9.232658e-01 5.227014e-01 8.238218e-01 -1.205558e+00 1.640761e+00 -5.708063e-01 2.227601e-01 5.580721e-01 1.893018e-01 4.552011e-01 3.026424e-01 7.251083e-01 3.916947e-01 -6.033540e-01 -2.718215e-01 2.335393e-01 1.820247e-01 -4.494291e-01
<VARIANCE> 39
 2.377370e+01 2.610072e+01 5.002178e+01 3.506008e+01 6.811774e+01 4.280143e+01 7.626733e+01 8.777114e+01 8.740060e+01 4.099810e+01 4.968779e+01 3.885353e+01 5.407315e+01 2.297085e+00 1.601178e+00 2.495674e+00 1.674376e+00 4.600085e+00 3.575219e+00 7.650295e+00 6.324424e+00 5.970231e+00 2.397878e+00 5.119895e+00 3.861640e+00 1.894202e+00 4.395286e-01 3.922465e-01 5.965615e-01 4.178551e-01 1.190871e+00 8.044017e-01 1.316952e+00 1.044040e+00 7.849231e-01 3.532001e-01 1.029755e+00 6.850955e-01 6.476636e-01
<GCONST> 1.328622e+02
<STATE> 3
<MEAN> 39
 -1.116487e+00 -2.037514e+00 -8.734472e+00 -1.700339e+01 -1.113365e+01 -5.946791e+00 -9.147486e+00 -6.935951e+00 -8.829283e+00 1.117749e+00 -1.071834e+00 -2.978907e+00 8.006594e+01 -7.427394e-02 2.471878e-01 3.689064e-02 -5.714563e-01 1.116339e-01 1.964742e-01 1.019956e+00 3.551518e-01 -3.786988e-01 -4.185550e-01 -4.820045e-03 -1.917938e-01 -1.055659e-01 -7.556941e-02 1.803411e-01 1.261658e-01 2.703373e-01 5.341607e-02 -7.109719e-02 -1.714563e-01 -2.040734e-01 1.827192e-01 9.530768e-02 -3.472620e-01 -1.582500e-01 -2.788388e-01
<VARIANCE> 39
 1.564254e+01 2.554176e+01 2.367336e+01 3.265248e+01 3.120921e+01 5.423488e+01 3.415395e+01 3.025979e+01 4.936672e+01 1.009334e+02 2.768892e+01 2.324511e+01 7.486876e+01 3.137725e-01 1.068666e+00 8.576057e-01 1.240185e+00 1.956526e+00 2.352169e+00 3.457163e+00 3.259622e+00 1.341540e+00 1.992996e+00 2.880932e+00 1.946593e+00 8.693070e-01 7.718479e-02 1.538678e-01 2.410674e-01 3.078664e-01 5.708769e-01 6.134841e-01 6.495284e-01 5.655184e-01 5.067443e-01 4.344762e-01 5.270595e-01 4.930841e-01 7.000475e-02
<GCONST> 1.088695e+02
<STATE> 4
<MEAN> 39
 -2.564422e+00 -2.139894e-01 -9.548956e+00 -1.395152e+01 -1.101050e+01 -2.821699e+00 -5.834336e+00 -1.068925e+01 -4.530848e+00 3.217751e+00 -1.634221e+00 -6.731822e+00 6.952520e+01 -2.854823e-01 4.212838e-01 1.993724e+00 1.773008e+00 2.309444e-01 -2.307651e-01 -5.000684e-01 -1.656375e-01 -3.898380e-01 1.629884e-01 -1.930556e+00 -5.853952e-02 -1.754103e+00 1.116006e-02 -5.578327e-02 2.804911e-01 3.922773e-01 1.912771e-01 -8.002372e-02 -2.574287e-01 -3.488304e-02 4.385454e-02 -3.094627e-02 -3.449059e-01 1.879059e-01 -1.663839e-01
<VARIANCE> 39
 2.132871e+01 5.380297e+01 5.073359e+01 6.828787e+01 5.629515e+01 5.816455e+01 2.984174e+01 9.362300e+01 1.112112e+02 1.137044e+02 6.416473e+01 2.833658e+01 8.576190e+01 1.684751e+00 4.129032e+00 3.532488e+00 4.805855e+00 4.760150e+00 3.141395e+00 3.562861e+00 5.285687e+00 1.033964e+01 6.664966e+00 8.895568e+00 4.439308e+00 3.174578e+00 2.270796e-01 5.913574e-01 5.742527e-01 9.153320e-01 8.041587e-01 5.372373e-01 5.305992e-01 1.111585e+00 1.196082e+00 7.821051e-01 1.620264e+00 7.315466e-01 5.944042e-01
<GCONST> 1.393452e+02
<TRANSP> 5
 0.000000e+00 1.000000e+00 0.000000e+00 0.000000e+00 0.000000e+00
 0.000000e+00 7.000000e-01 3.000000e-01 0.000000e+00 0.000000e+00
 0.000000e+00 0.000000e+00 7.945206e-01 2.054794e-01 0.000000e+00
 0.000000e+00 0.000000e+00 0.000000e+00 7.058824e-01 2.941177e-01
 0.000000e+00 0.000000e+00 0.000000e+00 0.000000e+00 0.000000e+00
<ENDHMM>
