~o
<STREAMINFO> 1 39
<VECSIZE> 39<NULLD><MFCC_D_A_0><DIAGC>
~h "sil"
<BEGINHMM>
<NUMSTATES> 5
<STATE> 2
<MEAN> 39
 -1.640529e+01 1.328933e+00 -2.683072e+00 1.085377e+00 1.431059e+00 1.559751e+00 2.099284e-01 -1.506426e+00 -2.117012e+00 1.015953e-01 4.935813e-02 1.331374e+00 4.468342e+01 -4.889616e-01 -3.746087e-01 -1.237178e-01 5.384704e-02 9.110291e-02 1.654393e-01 3.725235e-01 6.130595e-01 3.570490e-01 1.439001e-01 4.651866e-01 3.379409e-01 -5.310630e-01 1.437756e-01 5.596812e-02 5.983653e-02 -5.263630e-02 -1.203698e-01 -1.194607e-01 -1.135126e-01 -7.796729e-02 -8.528265e-02 -4.030363e-02 -1.673708e-01 -7.457637e-02 1.970981e-01
<VARIANCE> 39
 1.072865e+01 1.253164e+01 1.449527e+01 1.041329e+01 1.524805e+01 1.977001e+01 2.477464e+01 2.335486e+01 2.468521e+01 1.977959e+01 1.698248e+01 1.044519e+01 5.786374e+01 1.423347e+00 1.196385e+00 1.496780e+00 1.504767e+00 2.162966e+00 1.830405e+00 2.021750e+00 2.756880e+00 2.415842e+00 2.560859e+00 2.630472e+00 1.676523e+00 9.265390e-01 1.903146e-01 1.777517e-01 2.870101e-01 2.799427e-01 3.114063e-01 3.097008e-01 3.219010e-01 4.974325e-01 4.488309e-01 5.388099e-01 3.928678e-01 2.607784e-01 1.284969e-01
<GCONST> 1.009320e+02
<STATE> 3
<MEAN> 39
 -1.751637e+01 -4.986327e-01 -3.409421e+00 2.663095e-01 7.688423e-01 1.002064e-01 -6.134745e-01 4.568726e-01 -5.330811e-01 2.828271e-01 1.030920e+00 2.513637e+00 4.792742e+01 -2.143214e-02 -4.459326e-02 -4.829095e-02 -5.926077e-02 -2.123237e-02 -1.018877e-01 -7.213061e-02 2.495562e-02 3.376181e-02 -2.558964e-02 1.322339e-02 -2.422565e-02 -5.827937e-03 -3.003042e-03 2.624052e-02 1.687173e-02 -3.840463e-03 2.923932e-02 3.292307e-02 6.374995e-03 -3.403674e-02 -2.752648e-02 1.953937e-02 -3.199266e-02 -3.674322e-02 1.745982e-02
<VARIANCE> 39
 3.952517e+00 8.991010e+00 7.446242e+00 6.382839e+00 7.504100e+00 1.288053e+01 1.340270e+01 1.631541e+01 1.606386e+01 1.380040e+01 1.645481e+01 1.390980e+01 6.812664e+01 1.328990e-01 2.131329e-01 4.174959e-01 5.687472e-01 7.861876e-01 1.017384e+00 1.036494e+00 1.310262e+00 1.439911e+00 1.112556e+00 1.356980e+00 1.141722e+00 6.486713e-02 2.911933e-02 4.187307e-02 8.837917e-02 1.126747e-01 1.544389e-01 1.896076e-01 2.091141e-01 2.734562e-01 3.247492e-01 2.268403e-01 2.817910e-01 2.579034e-01 1.279547e-02
<GCONST> 7.007854e+01
<STATE> 4
<MEAN> 39
 -1.574442e+01 2.267412e+00 -1.354817e+00 -1.151163e+00 -1.262063e+00 -7.610796e-01 -1.564928e+00 -1.959761e+00 -2.627318e+00 -3.872115e-01 -1.968206e+00 2.342068e-01 4.963668e+01 5.524121e-01 2.531363e-01 4.047869e-01 -5.751773e-01 -4.265430e-01 -3.531988e-01 -5.479692e-01 -6.038070e-01 -5.926076e-01 -3.356890e-02 -6.504917e-01 -8.302226e-01 1.310701e+00 1.149831e-01 -3.372360e-02 1.130311e-02 -1.536227e-01 -8.307905e-02 -2.272119e-01 -1.792688e-01 -8.894841e-02 -7.084420e-03 1.097948e-02 -3.638420e-02 -8.258562e-02 4.000634e-01
<VARIANCE> 39
 3.208050e+01 2.539885e+01 1.675757e+01 1.984077e+01 3.571271e+01 2.961871e+01 4.450745e+01 4.235221e+01 3.648253e+01 2.701368e+01 2.892518e+01 1.752506e+01 8.736913e+01 3.440898e+00 2.379502e+00 1.486798e+00 2.548517e+00 3.716940e+00 3.658969e+00 3.939791e+00 3.349195e+00 3.321179e+00 3.018681e+00 2.532376e+00 2.413208e+00 4.150383e+00 5.850167e-01 3.356807e-01 1.865521e-01 3.900990e-01 5.529928e-01 6.858286e-01 5.953704e-01 5.311516e-01 7.058815e-01 4.799108e-01 5.617212e-01 3.909741e-01 4.264293e-01
<GCONST> 1.206275e+02
<TRANSP> 5
 0.000000e+00 1.000000e+00 0.000000e+00 0.000000e+00 0.000000e+00
 0.000000e+00 8.461539e-01 1.538462e-01 0.000000e+00 0.000000e+00
 0.000000e+00 0.000000e+00 9.367089e-01 6.329113e-02 0.000000e+00
 0.000000e+00 0.000000e+00 0.000000e+00 8.019802e-01 1.980198e-01
 0.000000e+00 0.000000e+00 0.000000e+00 0.000000e+00 0.000000e+00
<ENDHMM>
