~o
<STREAMINFO> 1 39
<VECSIZE> 39<NULLD><MFCC_D_A_0><DIAGC>
~h "t"
<BEGINHMM>
<NUMSTATES> 5
<STATE> 2
<MEAN> 39
 -8.799001e+00 8.204263e+00 3.229163e+00 9.560706e-01 -5.109671e-01 -6.558133e+00 -6.628210e+00 -7.412937e+00 -7.199510e+00 -3.936246e+00 -5.733907e+00 -5.290877e+00 5.449886e+01 -1.503628e+00 1.694397e-02 2.606281e-02 1.128331e+00 1.402349e+00 2.469741e+00 7.084807e-01 6.291305e-01 6.744302e-01 -9.433293e-01 3.083332e-01 8.415554e-01 -3.222007e+00 -2.188588e-01 -9.464971e-01 -5.693234e-01 -6.475319e-01 -6.765558e-01 -1.133068e-01 3.408922e-01 2.766544e-01 1.176155e-01 6.913903e-01 2.358730e-01 4.161931e-02 9.973354e-01
<VARIANCE> 39
 1.514515e+01 2.256272e+01 3.546709e+01 2.670799e+01 3.342825e+01 4.761052e+01 2.166915e+01 1.274547e+01 2.368163e+01 1.769505e+01 3.828146e+01 2.417738e+01 1.008050e+02 2.398027e+00 4.981404e+00 5.144912e+00 5.093589e+00 6.632615e+00 5.936052e+00 4.291211e+00 3.738990e+00 3.857613e+00 3.715417e+00 3.743195e+00 3.708938e+00 8.393650e+00 3.878276e-01 6.228678e-01 7.135381e-01 8.829481e-01 8.055508e-01 1.474740e+00 7.937627e-01 5.305315e-01 8.081439e-01 5.231296e-01 4.929349e-01 5.275852e-01 1.109698e+00
<GCONST> 1.297764e+02
<STATE> 3
<MEAN> 39
 -1.616136e+01 1.448251e+00 -1.922578e+00 1.034625e+00 1.519848e+00 7.425064e-01 -9.178451e-01 -1.611434e+00 -1.651720e+00 -2.824615e-01 -1.213603e+00 -9.923906e-01 4.958546e+01 -7.308849e-01 -1.406178e+00 -1.344831e+00 -1.318011e+00 -7.480814e-01 -1.986251e-01 5.279276e-01 4.083217e-01 9.066259e-01 9.604992e-01 5.106892e-01 7.549540e-01 1.277526e+00 6.004745e-01 2.187001e-01 6.171302e-02 -3.951584e-01 -4.103411e-01 -9.151308e-01 -5.712461e-01 -4.561624e-01 -3.546210e-01 -5.299917e-02 -3.997069e-01 -3.375033e-01 1.343960e+00
<VARIANCE> 39
 1.008641e+01 6.478512e+00 1.076496e+01 1.510925e+01 9.127936e+00 1.384860e+01 1.467432e+01 1.155840e+01 1.589053e+01 2.114667e+01 2.173385e+01 2.067501e+01 8.713407e+01 1.954185e+00 1.541237e+00 3.035937e+00 3.615839e+00 1.905891e+00 3.862335e+00 3.467775e+00 2.806790e+00 2.687783e+00 2.025507e+00 2.449975e+00 2.091213e+00 8.088620e+00 3.800880e-01 3.587725e-01 5.987104e-01 7.599773e-01 6.558821e-01 9.339882e-01 5.666577e-01 4.162691e-01 4.908848e-01 6.590163e-01 5.845121e-01 4.646523e-01 1.067577e+00
<GCONST> 1.134220e+02
<STATE> 4
<MEAN> 39
 -1.284896e+01 -5.225647e-01 -5.295689e+00 -7.073235e+00 -4.934393e+00 -8.422727e+00 -4.352425e+00 -5.943628e+00 -2.534607e+00 7.447079e-01 -4.163866e+00 -2.659756e+00 6.687614e+01 2.540469e+00 -1.120917e+00 -1.032758e+00 -1.852090e+00 -2.064636e+00 -2.611062e+00 -1.710723e+00 6.462253e-01 -2.352931e-01 1.037771e+00 -1.351075e+00 -1.817635e+00 4.802604e+00 4.906972e-01 -5.457576e-02 4.036968e-01 3.870679e-01 2.710658e-01 3.713126e-01 -1.226662e-01 7.098317e-01 -2.591138e-01 2.487038e-02 -2.882682e-01 -3.158301e-01 -7.157618e-01
<VARIANCE> 39
 4.393884e+01 2.482976e+01 2.495462e+01 2.236613e+01 3.053199e+01 4.948917e+01 3.543378e+01 3.967656e+01 3.396055e+01 3.362793e+01 2.540689e+01 3.413080e+01 1.634438e+02 4.395306e+00 4.082375e+00 5.873357e+00 4.624096e+00 5.373352e+00 6.092993e+00 5.205212e+00 7.011127e+00 3.639806e+00 4.107884e+00 4.642778e+00 3.764639e+00 9.998384e+00 9.248426e-01 3.793145e-01 6.487987e-01 3.841846e-01 4.732395e-01 1.054202e+00 1.399758e+00 9.773010e-01 6.233894e-01 4.446270e-01 7.603085e-01 8.812056e-01 1.348895e+00
<GCONST> 1.354076e+02
<TRANSP> 5
 0.000000e+00 1.000000e+00 0.000000e+00 0.000000e+00 0.000000e+00
 0.000000e+00 7.058824e-01 2.941177e-01 0.000000e+00 0.000000e+00
 0.000000e+00 0.000000e+00 6.875000e-01 3.125000e-01 0.000000e+00
 0.000000e+00 0.000000e+00 0.000000e+00 5.744681e-01 4.255319e-01
 0.000000e+00 0.000000e+00 0.000000e+00 0.000000e+00 0.000000e+00
<ENDHMM>
