~o
<STREAMINFO> 1 39
<VECSIZE> 39<NULLD><MFCC_D_A_0><DIAGC>
~h "u"
<BEGINHMM>
<NUMSTATES> 5
<STATE> 2
<MEAN> 39
 -4.345802e+00 -2.900802e+00 1.980569e+00 -6.786487e+00 -1.319362e+01 -1.358943e+01 -1.670030e+01 -9.651932e+00 -8.524549e+00 2.293828e+00 -1.643872e+00 -2.760679e+00 7.608679e+01 1.524229e+00 -1.169490e+00 -1.555289e+00 -1.775987e+00 -1.455655e+00 -7.541211e-01 -2.061754e-01 5.889488e-01 -3.602853e-01 2.121113e+00 3.246519e-02 -5.806268e-01 1.143760e+00 2.365027e-02 4.140197e-01 -1.483620e-01 1.815615e-01 8.377702e-01 1.059995e+00 2.681498e-01 -2.657993e-01 4.076543e-01 -1.876312e-01 -3.825454e-01 -2.721297e-01 -7.240015e-01
<VARIANCE> 39
 1.583807e+01 2.436605e+01 9.028492e+01 1.716464e+01 2.301342e+01 3.550967e+01 5.042357e+01 9.748235e+01 3.233476e+01 1.824198e+01 3.383623e+01 3.431220e+01 7.000636e+01 3.942248e+00 3.915437e+00 2.911773e+00 5.155478e+00 2.669522e+00 9.075850e+00 4.011147e+00 4.341530e+00 2.794116e+00 1.734701e+00 5.879098e+00 2.707752e+00 8.058463e-01 5.730908e-01 3.115521e-01 4.307936e-01 2.547470e-01 1.029821e+00 5.896840e-01 9.138961e-01 1.212278e+00 8.463849e-01 4.530317e-01 1.216210e+00 6.971717e-01 1.153432e-01
<GCONST> 1.258783e+02
<STATE> 3
<MEAN> 39
 -2.005075e+00 -2.901701e+00 -4.205168e+00 -1.023047e+01 -1.342244e+01 -1.111890e+01 -1.461157e+01 -1.248373e+01 -5.518021e+00 6.020040e+00 -4.218827e+00 -5.059100e+00 7.464923e+01 7.096447e-01 8.300267e-01 -4.741881e-01 6.841961e-01 9.663470e-01 1.341809e+00 8.089917e-01 -1.388699e+00 6.406667e-01 2.028640e-01 -7.539299e-01 -6.498910e-01 -1.479386e+00 -1.711917e-01 4.738612e-01 7.773188e-01 1.166201e+00 6.105726e-01 4.454435e-02 3.268611e-01 -6.860415e-02 -7.072327e-02 -7.380304e-01 -1.695535e-01 -4.273850e-02 -9.377029e-01
<VARIANCE> 39
 1.293228e+01 3.865983e+01 9.798729e+01 3.079855e+01 1.239357e+01 1.539078e+01 4.412176e+01 1.227687e+02 1.334048e+01 2.316297e+01 3.011448e+01 1.404412e+01 6.555885e+01 7.631818e-01 9.703127e-01 3.569402e+00 2.996670e+00 3.176432e+00 3.642800e+00 4.734132e+00 3.560297e+00 8.104743e+00 1.894920e+00 5.853726e+00 2.715370e+00 1.890960e+00 3.458739e-01 6.085218e-01 4.460434e-01 5.090240e-01 4.582546e-01 5.565356e-01 1.251948e+00 1.386648e+00 3.602124e-01 4.565659e-01 5.031510e-01 2.640540e-01 1.831034e-01
<GCONST> 1.198161e+02
<STATE> 4
<MEAN> 39
 -1.140655e+00 1.420856e+00 -2.332886e+00 -3.008465e+00 -7.841102e+00 -7.564057e+00 -1.203075e+01 -1.401384e+01 -3.746999e+00 3.468190e+00 -6.605175e+00 -6.953735e+00 6.817452e+01 -2.169244e-01 1.097007e+00 1.149409e+00 2.539680e+00 1.186774e+00 8.126273e-01 1.477837e+00 -1.704964e-01 -5.429691e-01 -9.542702e-01 -4.133265e-01 -6.132373e-01 -2.402725e+00 -1.530239e-01 -5.976113e-01 3.658441e-01 -2.927878e-01 -6.095541e-01 -3.976369e-01 -3.410704e-01 3.182620e-01 -2.717514e-01 3.435836e-02 5.467533e-01 1.903459e-01 6.386727e-01
<VARIANCE> 39
 1.188490e+01 2.998913e+01 4.599963e+01 4.459595e+01 4.265870e+01 5.712756e+01 2.160519e+01 2.107912e+01 8.368136e+01 2.735170e+01 5.696507e+01 2.274613e+01 1.620492e+02 1.232778e+00 5.576136e+00 6.249990e+00 3.176334e+00 4.294164e+00 3.812571e+00 4.558703e+00 8.730976e+00 5.146173e+00 2.045511e+00 2.855479e+00 2.409038e+00 3.403211e+00 4.177473e-01 6.320115e-01 3.236394e-01 7.995289e-01 6.972541e-01 6.553015e-01 5.209903e-01 9.102054e-01 1.181990e+00 3.714916e-01 4.194465e-01 5.969114e-01 6.695503e-01
<GCONST> 1.291705e+02
<TRANSP> 5
 0.000000e+00 1.000000e+00 0.000000e+00 0.000000e+00 0.000000e+00
 0.000000e+00 6.666667e-01 3.333333e-01 0.000000e+00 0.000000e+00
 0.000000e+00 0.000000e+00 6.250000e-01 3.750000e-01 0.000000e+00
 0.000000e+00 0.000000e+00 0.000000e+00 6.000000e-01 4.000000e-01
 0.000000e+00 0.000000e+00 0.000000e+00 0.000000e+00 0.000000e+00
<ENDHMM>
