~o
<STREAMINFO> 1 39
<VECSIZE> 39<NULLD><MFCC_D_A_0><DIAGC>
~h "b"
<BEGINHMM>
<NUMSTATES> 5
<STATE> 2
<MEAN> 39
 1.034869e+01 -1.326975e+01 1.062810e+00 -1.105898e+01 -1.020062e+01 1.139636e+01 -1.109568e+01 -1.683305e-01 4.427918e+00 -1.949580e+00 9.010056e+00 -4.112454e+00 5.617105e+01 7.720668e-01 -4.701835e-01 -6.084409e-02 -4.246044e-01 -1.724454e-01 3.821745e-01 -1.675419e-01 6.800158e-03 5.684815e-02 -1.990670e-02 1.669018e-01 -2.431846e-01 9.910792e-01 -7.999153e-03 1.186958e-02 1.923016e-02 4.322054e-04 2.521950e-02 7.196756e-02 3.869125e-02 2.344481e-02 -1.305568e-02 -2.122176e-02 -2.654056e-02 -3.940366e-02 -3.609262e-03
<VARIANCE> 39
 7.454830e+01 5.150067e+01 3.615571e+01 3.931600e+01 2.196248e+01 4.310870e+01 2.977787e+01 2.343306e+01 2.710734e+01 1.946620e+01 2.704238e+01 1.985924e+01 1.357371e+02 4.814794e+00 6.599566e+00 4.849645e+00 3.451305e+00 2.187857e+00 4.407753e+00 3.663385e+00 2.728441e+00 1.881030e+00 1.776927e+00 2.383598e+00 2.078255e+00 8.075442e+00 6.939507e-01 1.342517e+00 9.469407e-01 5.523623e-01 4.298808e-01 8.753151e-01 7.222336e-01 5.623330e-01 3.441347e-01 3.087989e-01 4.856927e-01 3.298568e-01 9.984290e-01
<GCONST> 1.271243e+02
<STATE> 3
<MEAN> 39
 1.087631e+01 -1.155265e+01 4.184933e+00 -8.048828e+00 -8.855689e+00 1.137863e+01 -9.602800e+00 1.002261e+00 2.399073e+00 -4.309809e+00 6.059756e+00 -5.774927e+00 5.543417e+01 -4.188035e-01 6.487527e-01 -8.136179e-01 -7.315432e-02 8.316191e-01 7.258323e-01 6.367790e-01 -1.662518e-01 -6.053667e-01 -3.912144e-01 -4.542766e-01 -1.988961e-01 -4.132637e-01 -4.873850e-01 4.871703e-01 -1.442056e-01 2.915646e-01 3.514385e-01 -2.887547e-03 4.118869e-01 -1.875966e-01 -3.234341e-01 -2.294156e-02 -2.155641e-02 2.608557e-01 -5.313535e-01
<VARIANCE> 39
 8.840640e+01 7.596959e+01 2.050187e+01 7.932989e+01 6.681675e+00 5.784466e+01 1.704160e+01 1.178666e+01 2.113522e+01 2.083916e+01 1.285703e+01 4.228819e+01 1.596336e+02 2.687129e-01 5.965822e+00 1.517740e+00 1.246194e+00 8.159927e-01 4.521294e+00 2.942796e+00 1.074069e+00 1.701380e+00 6.120228e-01 1.514403e+00 1.760887e+00 2.193934e+00 2.344565e-01 6.815537e-01 3.355050e-01 2.368514e-01 2.246647e-01 5.334623e-01 4.556883e-01 1.059144e-01 3.731302e-01 3.322263e-01 2.062414e-01 3.651028e-01 4.807804e-01
<GCONST> 1.070497e+02
<STATE> 4
<MEAN> 39
 1.597250e+01 -6.802193e+00 8.820230e+00 -1.179133e+01 -1.250692e+01 1.484459e+01 -6.743692e+00 4.015503e+00 4.567768e-01 -1.070673e+01 3.131711e+00 -7.799934e+00 5.896921e+01 -3.457096e-01 7.150551e-01 6.071305e-01 7.167264e-01 8.877598e-02 -2.426313e-01 1.517625e-01 1.507294e-01 -9.508968e-02 -3.256856e-01 -1.831230e-01 3.337635e-01 -8.402090e-01 -7.420456e-02 -2.349975e-02 -2.233404e-02 8.979326e-02 4.330029e-03 -1.085995e-01 -3.360316e-02 -2.722261e-02 7.485130e-02 1.255375e-01 4.445777e-02 6.114942e-02 -1.011873e-01
<VARIANCE> 39
 1.612385e+01 3.303996e+01 4.077171e+01 3.546264e+01 2.436749e+01 2.756544e+01 1.526239e+01 2.192497e+01 1.418720e+01 3.317034e+01 1.591816e+01 1.200734e+01 4.150465e+01 5.311276e-01 1.359655e+00 1.326962e+00 8.985498e-01 1.646904e+00 1.775763e+00 1.355573e+00 1.274616e+00 1.762967e+00 2.086379e+00 9.185767e-01 9.797456e-01 5.032260e-01 8.317584e-02 1.853602e-01 2.254099e-01 1.302127e-01 2.426980e-01 3.713013e-01 2.132549e-01 2.129411e-01 2.790085e-01 3.146712e-01 1.488945e-01 2.035436e-01 7.310434e-02
<GCONST> 9.292367e+01
<TRANSP> 5
 0.000000e+00 1.000000e+00 0.000000e+00 0.000000e+00 0.000000e+00
 0.000000e+00 9.466626e-01 5.333745e-02 0.000000e+00 0.000000e+00
 0.000000e+00 0.000000e+00 0.000000e+00 1.000000e+00 0.000000e+00
 0.000000e+00 0.000000e+00 0.000000e+00 9.053528e-01 9.464720e-02
 0.000000e+00 0.000000e+00 0.000000e+00 0.000000e+00 0.000000e+00
<ENDHMM>
~h "d"
<BEGINHMM>
<NUMSTATES> 5
<STATE> 2
<MEAN> 39
 1.151273e+01 -4.066472e+00 9.026848e+00 -4.193245e+00 -1.107356e+01 8.557274e+00 -9.057937e+00 8.027578e+00 1.457825e+01 1.520151e+00 4.769228e+00 -5.514416e+00 5.065875e+01 -2.142771e+00 9.935737e-01 -1.772927e+00 -2.450962e-01 -5.372893e-01 -1.607594e+00 2.034960e+00 9.114975e-01 1.884808e-02 1.229463e+00 -6.562985e-02 3.479828e-01 -2.652356e+00 -1.650180e-01 -3.224337e-01 -3.465890e-01 -5.361438e-01 -1.855050e-01 -3.400668e-01 -4.294855e-01 -6.041047e-01 -7.292016e-01 -4.662845e-01 -2.668464e-01 1.701762e-01 1.888608e-01
<VARIANCE> 39
 3.917295e+00 3.438226e+00 9.447475e+00 8.312836e+00 7.651402e+00 9.229402e+00 9.199031e+00 1.342634e+01 1.300102e+01 6.969569e+00 1.087989e+01 7.356612e+00 5.751184e+00 1.750645e-01 2.649821e-01 7.621188e-01 9.195400e-01 1.323832e+00 1.743918e+00 9.770554e-01 1.365796e+00 1.818914e+00 1.366432e+00 1.962811e+00 1.135233e+00 1.057976e-01 2.726422e-02 4.875057e-02 2.812271e-01 2.950464e-01 2.499018e-01 2.878736e-01 3.072145e-01 3.018242e-01 2.476561e-01 1.975288e-01 2.265710e-01 1.539221e-01 2.085518e-02
<GCONST> 7.115139e+01
<STATE> 3
<MEAN> 39
 8.784073e+00 -3.040503e+00 6.914472e+00 -4.666370e+00 -1.277997e+01 4.837135e+00 -6.425524e+00 8.004864e+00 1.211973e+01 1.389101e+00 4.279664e+00 -4.765319e+00 4.746036e+01 -2.353052e+00 8.244500e-01 -1.673232e+00 -5.164844e-01 -1.624679e-01 -1.621986e+00 9.528034e-01 -4.268862e-01 -1.124727e+00 -1.937563e-01 -6.446314e-01 4.842127e-01 -2.496857e+00 2.281676e-01 -4.162397e-01 3.209455e-02 -2.870523e-01 6.642042e-02 3.079011e-01 -6.796732e-01 -7.949318e-01 -7.076086e-01 -8.008922e-01 -2.142639e-01 1.805389e-01 5.653581e-01
<VARIANCE> 39
 7.251723e+00 5.032181e+00 1.612679e+01 1.048573e+01 1.516535e+01 1.990195e+01 7.722753e+00 8.285155e+00 1.345123e+01 1.127694e+01 1.280930e+01 1.185008e+01 7.961326e+00 2.275700e-01 4.799563e-01 5.397788e-01 6.982838e-01 1.234158e+00 1.523837e+00 1.203724e+00 1.979617e+00 2.694520e+00 9.267799e-01 1.002626e+00 1.088759e+00 1.070543e-01 6.495040e-02 1.043131e-01 5.149026e-01 5.046293e-01 2.956867e-01 3.993428e-01 2.044869e-01 2.367503e-01 3.082227e-01 2.400234e-01 2.448134e-01 3.590569e-01 5.653441e-02
<GCONST> 8.005548e+01
<STATE> 4
<MEAN> 39
 4.928355e+00 -2.326890e+00 4.909807e+00 -5.470934e+00 -1.189440e+01 3.589004e+00 -6.269966e+00 5.788159e+00 1.008035e+01 1.064101e+00 2.377087e+00 -4.511416e+00 4.390106e+01 -1.904608e+00 8.083297e-02 -1.023630e+00 4.611808e-02 6.013173e-01 -3.707939e-01 3.894280e-01 -1.002371e+00 -1.707262e+00 -9.636291e-01 -7.008458e-01 5.883052e-01 -1.673011e+00 7.927525e-01 -7.016559e-01 3.040726e-01 -2.324498e-01 -1.550149e-01 7.334580e-01 -5.392350e-01 -3.436687e-01 -2.387805e-01 -7.066947e-01 1.928340e-01 1.937234e-01 1.051628e+00
<VARIANCE> 39
 1.156203e+01 3.600788e+00 1.390439e+01 8.600668e+00 1.030921e+01 1.436528e+01 1.008203e+01 8.521534e+00 2.189964e+01 1.685895e+01 1.240563e+01 1.203057e+01 9.142602e+00 5.066068e-01 5.131602e-01 1.500801e+00 1.327744e+00 8.558184e-01 1.510435e+00 9.277064e-01 1.216786e+00 1.220851e+00 7.337447e-01 1.178511e+00 1.646833e+00 4.667853e-01 1.435563e-01 1.085170e-01 2.773263e-01 4.926659e-01 5.158314e-01 3.593790e-01 2.847424e-01 4.010387e-01 7.073626e-01 4.249028e-01 2.894237e-01 4.527152e-01 9.103477e-02
<GCONST> 8.664400e+01
<TRANSP> 5
 0.000000e+00 1.000000e+00 0.000000e+00 0.000000e+00 0.000000e+00
 0.000000e+00 3.576667e-01 6.423333e-01 0.000000e+00 0.000000e+00
 0.000000e+00 0.000000e+00 0.000000e+00 1.000000e+00 0.000000e+00
 0.000000e+00 0.000000e+00 0.000000e+00 2.740369e-01 7.259631e-01
 0.000000e+00 0.000000e+00 0.000000e+00 0.000000e+00 0.000000e+00
<ENDHMM>
~h "g"
<BEGINHMM>
<NUMSTATES> 5
<STATE> 2
<MEAN> 39
 -3.900552e-01 -8.120583e+00 6.430928e+00 -5.207283e+00 -1.104767e+01 6.857309e+00 -8.591877e+00 -1.831661e+00 1.490962e+00 -5.674168e+00 3.139776e+00 -5.780984e-01 4.456937e+01 2.474339e+00 -5.609838e-01 2.216501e+00 -8.153812e-01 -2.558836e+00 -6.996227e-02 -1.372412e+00 -9.420397e-01 -1.380614e-04 -9.672074e-01 5.196496e-01 2.783570e-01 3.154318e+00 4.928862e-03 4.786282e-01 6.089743e-01 1.634924e-01 -6.218895e-02 -1.235241e-01 -2.127827e-02 1.570173e-01 -3.174194e-02 1.802012e-03 4.123167e-02 -1.568384e-01 -5.749017e-02
<VARIANCE> 39
 1.720451e+02 6.086223e+01 1.124148e+02 3.348745e+01 9.259825e+01 4.140858e+01 5.305769e+01 3.136744e+01 1.568269e+01 2.750356e+01 1.984322e+01 1.766429e+01 2.131032e+02 5.061932e+00 8.249576e+00 1.313294e+01 3.311134e+00 4.400157e+00 3.414639e+00 3.050217e+00 2.852167e+00 1.264881e+00 1.717338e+00 2.031947e+00 2.196353e+00 6.587538e+00 1.075184e+00 1.140953e+00 2.077075e+00 4.910363e-01 8.530162e-01 5.668733e-01 6.246037e-01 6.809131e-01 2.835723e-01 4.527885e-01 3.452399e-01 4.890400e-01 1.362178e+00
<GCONST> 1.337781e+02
<STATE> 3
<MEAN> 39
 2.075413e+00 -5.417054e+00 1.254055e+01 -5.111723e+00 -1.512184e+01 4.157578e+00 -9.839728e+00 -1.799741e+00 1.158872e-01 -8.082807e+00 5.077684e+00 7.450711e-01 4.715583e+01 2.166548e-01 -1.671993e-01 1.158758e+00 -1.914457e-01 -6.600515e-01 3.973387e-01 -1.495277e-01 3.153604e-01 -3.573070e-02 -2.439231e-01 5.957826e-01 -9.781361e-03 2.341083e-01 -1.827935e-01 -1.607688e-01 -6.588501e-01 1.714197e-01 6.542717e-01 3.274334e-01 3.976977e-02 -6.160339e-03 1.789666e-01 4.219321e-01 -3.209472e-01 -4.284506e-01 -3.660362e-01
<VARIANCE> 39
 2.392678e+02 1.933987e+01 1.862792e+02 3.203133e+01 1.281640e+02 1.649948e+01 7.643453e+01 2.616693e+01 1.356549e+01 3.212541e+01 9.505137e+00 7.580564e+00 2.993216e+02 5.574830e-01 1.333198e+00 2.412138e+00 1.375784e+00 1.902065e+00 1.064051e+00 1.676558e+00 1.427671e+00 1.217274e+00 1.206787e+00 9.953110e-01 1.796433e+00 1.042298e+00 5.967802e-01 6.058143e-01 1.253067e+00 2.236008e-01 2.831481e-01 1.899719e-01 3.239610e-01 5.950785e-01 2.387867e-01 2.626946e-01 2.456056e-01 2.410062e-01 3.639918e-01
<GCONST> 1.101472e+02
<STATE> 4
<MEAN> 39
 1.156800e+01 -6.534031e+00 2.476678e+01 -5.006338e+00 -2.089334e+01 6.914274e+00 -1.561584e+01 -5.872583e+00 9.303474e-01 -7.590088e+00 4.267899e+00 -3.987881e+00 5.875457e+01 -4.961080e-02 5.096133e-01 -8.599552e-02 8.865714e-01 1.050398e+00 9.819525e-02 8.750336e-02 7.522523e-02 1.269921e-01 4.042993e-01 -3.162368e-01 -3.793115e-01 -5.639055e-01 -8.632781e-03 5.513381e-03 -2.545561e-01 2.076854e-02 1.391554e-01 -1.125404e-02 3.671408e-02 3.276898e-02 5.805813e-02 6.126962e-02 -7.779744e-02 2.346740e-02 -6.380255e-02
<VARIANCE> 39
 6.549175e+01 2.403786e+01 6.317731e+01 2.730272e+01 6.559056e+01 1.613382e+01 3.283177e+01 1.991751e+01 1.001324e+01 1.993653e+01 1.624984e+01 1.150388e+01 1.018407e+02 6.550984e-01 1.477332e+00 1.327765e+00 1.867886e+00 2.777058e+00 8.004233e-01 1.363684e+00 1.686067e+00 1.083052e+00 1.265456e+00 1.076932e+00 9.175327e-01 9.251516e-01 1.457361e-01 3.494443e-01 2.680512e-01 3.342964e-01 5.415755e-01 1.961424e-01 2.731953e-01 2.427293e-01 2.132635e-01 2.690195e-01 2.369736e-01 1.693186e-01 1.781347e-01
<GCONST> 9.967767e+01
<TRANSP> 5
 0.000000e+00 1.000000e+00 0.000000e+00 0.000000e+00 0.000000e+00
 0.000000e+00 7.250959e-01 2.749041e-01 0.000000e+00 0.000000e+00
 0.000000e+00 0.000000e+00 0.000000e+00 1.000000e+00 0.000000e+00
 0.000000e+00 0.000000e+00 0.000000e+00 8.184225e-01 1.815775e-01
 0.000000e+00 0.000000e+00 0.000000e+00 0.000000e+00 0.000000e+00
<ENDHMM>
~h "h"
<BEGINHMM>
<NUMSTATES> 5
<STATE> 2
<MEAN> 39
 1.208823e+01 -7.178935e+00 1.830670e+01 -2.134152e+00 -1.325314e+01 7.396529e+00 -1.783555e+01 -2.140328e+00 3.106950e+00 -8.296611e+00 5.343998e+00 -4.780064e+00 5.665008e+01 -5.455908e-02 -1.203907e+00 -1.453139e+00 -4.282284e-01 -1.379000e-01 -7.825463e-01 -4.277477e-01 2.029490e-01 5.871468e-01 8.394338e-01 2.343580e-01 2.929449e-02 3.341309e-01 7.767879e-02 -6.199466e-02 -3.450612e-01 -2.500570e-01 -2.233757e-02 -2.159894e-01 -1.068455e-01 -7.950914e-02 -1.581300e-01 1.353689e-01 1.574873e-01 6.064462e-02 1.332207e-01
<VARIANCE> 39
 1.424440e+01 3.842852e+01 1.206078e+02 3.292505e+01 1.016928e+02 4.733275e+01 3.307854e+01 1.938891e+01 2.567689e+01 3.550286e+01 1.061640e+01 1.887632e+01 3.542578e+01 2.058306e+00 2.377818e+00 5.569938e+00 3.489397e+00 6.813814e+00 6.225322e+00 2.834406e+00 1.817962e+00 3.287620e+00 2.481026e+00 1.376612e+00 1.257610e+00 2.199893e+00 2.171131e-01 3.691624e-01 8.397685e-01 5.311913e-01 1.340948e+00 1.366207e+00 4.813844e-01 3.573813e-01 5.293498e-01 5.178387e-01 2.272562e-01 2.300861e-01 2.649702e-01
<GCONST> 1.202142e+02
<STATE> 3
<MEAN> 39
 1.099188e+01 -1.170488e+01 5.629781e+00 -5.760705e+00 -9.272229e+00 4.331676e+00 -1.877505e+01 -7.599071e-01 5.872497e+00 -1.647648e+00 7.071712e+00 -5.538692e+00 5.517850e+01 -6.529772e-01 -9.756244e-01 -2.215652e+00 -5.086280e-01 8.281383e-01 -4.229754e-01 -5.337225e-01 -3.144727e-02 3.962161e-01 9.324689e-01 5.565960e-01 2.326908e-01 -2.327359e-01 -4.695666e-02 2.284634e-01 5.924765e-01 1.701463e-01 -2.928270e-01 1.339000e-01 2.486865e-01 -5.359206e-02 -3.318793e-01 -5.264764e-01 -2.504223e-03 -3.040311e-02 -9.495129e-02
<VARIANCE> 39
 3.951632e+01 7.767876e+01 1.043414e+02 4.304733e+01 6.905386e+01 1.681083e+01 7.215923e+01 3.493126e+01 2.649064e+01 2.510591e+01 1.116645e+01 1.439419e+01 6.921347e+01 1.106823e+00 2.810187e+00 1.865506e+00 1.405522e+00 2.463825e+00 1.953145e+00 7.341084e-01 1.942095e+00 1.023906e+00 1.736696e+00 7.893548e-01 9.686863e-01 1.057842e+00 1.076262e-01 3.012735e-01 2.414723e-01 2.489402e-01 2.386366e-01 3.434600e-01 5.496929e-01 2.672531e-01 2.216549e-01 1.951259e-01 2.191398e-01 3.407606e-01 1.382007e-01
<GCONST> 1.048362e+02
<STATE> 4
<MEAN> 39
 5.852066e+00 -1.570390e+01 -2.676458e+00 -3.564140e+00 -3.885470e+00 6.020371e+00 -1.772714e+01 -1.996391e+00 7.640460e+00 1.934817e+00 7.833127e+00 -5.252578e+00 4.958294e+01 -6.506690e-01 1.968432e-01 -3.501944e-01 1.619032e-01 2.645498e-01 1.553072e-01 5.624723e-01 9.437396e-02 1.012809e-01 2.082136e-01 -1.558954e-01 -7.057922e-02 -8.397898e-01 -2.295496e-02 8.103471e-02 1.109155e-01 3.593367e-02 -2.637042e-02 2.406557e-02 8.434886e-02 -5.883751e-04 -5.401917e-02 -7.679378e-02 -6.130961e-02 -1.041158e-02 -4.097212e-02
<VARIANCE> 39
 4.133525e+01 6.525335e+01 7.771908e+01 2.578797e+01 4.769553e+01 1.882795e+01 2.670307e+01 1.863827e+01 3.236547e+01 3.535950e+01 1.588400e+01 1.160966e+01 4.321470e+01 5.028408e-01 1.519138e+00 1.930627e+00 1.247567e+00 1.681971e+00 1.874789e+00 1.657901e+00 1.437248e+00 1.795077e+00 2.205359e+00 1.437068e+00 1.164138e+00 6.446017e-01 6.830072e-02 1.879996e-01 3.634760e-01 2.602818e-01 2.950141e-01 3.289410e-01 3.438015e-01 3.033232e-01 3.166577e-01 4.617657e-01 2.660713e-01 2.469071e-01 8.227842e-02
<GCONST> 1.018448e+02
<TRANSP> 5
 0.000000e+00 1.000000e+00 0.000000e+00 0.000000e+00 0.000000e+00
 0.000000e+00 8.003088e-01 1.996913e-01 0.000000e+00 0.000000e+00
 0.000000e+00 0.000000e+00 0.000000e+00 1.000000e+00 0.000000e+00
 0.000000e+00 0.000000e+00 0.000000e+00 9.260990e-01 7.390098e-02
 0.000000e+00 0.000000e+00 0.000000e+00 0.000000e+00 0.000000e+00
<ENDHMM>
~h "j"
<BEGINHMM>
<NUMSTATES> 5
<STATE> 2
<MEAN> 39
 1.014359e+01 -8.266138e+00 5.286792e+00 -6.903010e+00 -8.161369e+00 1.081174e+01 -9.053013e+00 2.672239e+00 4.817526e+00 -7.608910e+00 -1.279179e-01 -6.692887e+00 5.465265e+01 1.024933e+00 -1.760487e-01 5.339811e-02 -5.086622e-01 -1.339133e-01 2.078508e-01 -2.243353e-01 7.585011e-01 8.919042e-01 -2.740767e-01 -3.479705e-01 -3.727979e-01 1.114835e+00 4.519187e-02 7.145447e-02 8.080229e-02 -2.112058e-02 -1.498009e-01 -1.138262e-01 -9.407730e-02 6.539129e-02 5.117906e-03 -5.001587e-02 1.188003e-01 5.079123e-02 -3.917952e-02
<VARIANCE> 39
 6.315333e+01 4.450671e+01 8.576680e+01 5.533632e+01 1.662139e+01 2.821396e+01 1.857544e+01 1.926925e+01 2.951194e+01 2.470610e+01 1.255911e+01 1.897782e+01 1.323579e+02 4.526981e+00 3.168287e+00 2.389204e+00 4.747607e+00 2.852138e+00 3.108322e+00 1.876628e+00 1.074987e+00 2.602204e+00 2.510050e+00 1.771139e+00 2.600281e+00 9.388530e+00 8.472484e-01 4.939652e-01 3.953189e-01 8.088333e-01 4.934637e-01 4.825454e-01 2.782979e-01 2.226219e-01 4.949380e-01 3.453444e-01 3.847101e-01 5.121562e-01 1.458999e+00
<GCONST> 1.214438e+02
<STATE> 3
<MEAN> 39
 1.028329e+01 -3.713260e+00 1.578715e+01 -2.074560e+00 -9.622123e+00 9.615803e+00 -1.125691e+01 2.875226e+00 3.950234e+00 -1.031721e+01 6.755946e-01 -6.678454e+00 5.183939e+01 -2.021430e-01 1.071744e+00 7.967105e-01 4.673787e-01 -2.284905e-01 -6.613283e-01 7.910185e-02 5.166240e-01 -1.663304e-01 -2.140883e-01 2.410694e-01 -4.998973e-01 -8.619534e-01 1.334680e-01 -1.215071e-01 -2.331227e-02 -2.296421e-02 -1.541672e-01 -2.011208e-01 -4.356392e-01 -2.622402e-01 -2.062589e-01 1.101601e-01 5.010731e-01 2.350654e-01 1.711704e-01
<VARIANCE> 39
 4.817364e+01 2.373894e+01 8.552351e+01 3.588735e+01 1.956863e+01 2.007133e+01 2.814067e+01 2.404187e+01 4.824238e+01 4.347918e+01 8.730786e+00 9.475730e+00 6.471622e+01 1.815214e+00 1.240640e+00 3.689504e+00 3.208006e+00 2.746682e+00 1.391086e+00 2.711997e+00 1.282047e+00 2.684310e+00 1.178154e+00 1.174725e+00 1.470677e+00 2.326461e+00 1.042278e-01 1.928816e-01 2.589024e-01 2.053244e-01 2.739988e-01 2.759466e-01 3.246032e-01 1.969845e-01 5.515543e-01 3.909776e-01 2.337081e-01 3.112342e-01 1.166532e-01
<GCONST> 1.054079e+02
<STATE> 4
<MEAN> 39
 3.711347e+00 -4.368429e-01 1.251874e+01 9.338190e-02 -8.427583e+00 5.852586e+00 -7.736524e+00 3.229834e+00 3.419689e+00 -4.778378e+00 3.760842e+00 -3.761208e+00 4.391253e+01 -2.347127e-01 7.797506e-02 -3.547511e-02 1.780785e-01 1.467239e-01 -2.142608e-02 6.747662e-02 -1.137332e-01 -1.072595e-01 7.794835e-02 3.716916e-02 8.968384e-02 -2.897255e-01 5.041688e-03 -6.024419e-02 -4.772351e-02 -3.794873e-02 -1.544715e-02 2.055066e-02 1.662994e-02 -9.692845e-03 8.642429e-03 3.263616e-02 1.050328e-02 2.015531e-02 3.123988e-02
<VARIANCE> 39
 5.107668e+01 1.196523e+01 6.771357e+01 1.677890e+01 2.425301e+01 1.536380e+01 3.703218e+01 1.827800e+01 1.918178e+01 3.134126e+01 1.688445e+01 1.289859e+01 5.138394e+01 3.409792e-01 6.159618e-01 1.073088e+00 1.051664e+00 1.335671e+00 1.229999e+00 1.185052e+00 1.357548e+00 1.658427e+00 1.273660e+00 1.225718e+00 1.020830e+00 3.226252e-01 3.564933e-02 1.133730e-01 1.517444e-01 1.862022e-01 2.394826e-01 2.436986e-01 2.180140e-01 2.752607e-01 3.249288e-01 2.558309e-01 2.337536e-01 2.021598e-01 2.781577e-02
<GCONST> 8.880707e+01
<TRANSP> 5
 0.000000e+00 1.000000e+00 0.000000e+00 0.000000e+00 0.000000e+00
 0.000000e+00 6.940949e-01 3.059051e-01 0.000000e+00 0.000000e+00
 0.000000e+00 0.000000e+00 0.000000e+00 1.000000e+00 0.000000e+00
 0.000000e+00 0.000000e+00 0.000000e+00 9.589656e-01 4.103441e-02
 0.000000e+00 0.000000e+00 0.000000e+00 0.000000e+00 0.000000e+00
<ENDHMM>
~h "k"
<BEGINHMM>
<NUMSTATES> 5
<STATE> 2
<MEAN> 39
 8.477163e+00 -1.237878e+01 1.601833e+00 -9.848959e+00 -9.428854e+00 1.228959e+01 -9.644333e+00 -5.867835e-01 3.945218e+00 -1.809211e+00 8.807905e+00 -3.235709e+00 5.453956e+01 5.326613e-01 -3.099718e-01 -9.585122e-02 -5.004202e-01 -1.114698e-01 3.704924e-01 -2.057457e-01 -1.200979e-01 1.246866e-02 2.428281e-02 2.508239e-01 -1.560711e-01 8.372545e-01 -5.978098e-04 -1.581124e-02 -1.367445e-02 -2.525106e-02 3.645844e-02 6.532240e-02 2.222043e-02 2.859386e-02 -6.850518e-03 -7.227566e-02 -1.481357e-02 -5.970091e-03 8.089989e-03
<VARIANCE> 39
 1.025092e+02 4.043566e+01 4.499770e+01 5.300818e+01 2.248187e+01 3.848563e+01 3.787106e+01 2.174546e+01 2.437381e+01 2.671010e+01 3.249750e+01 1.531995e+01 1.582447e+02 5.021667e+00 5.263884e+00 3.935136e+00 4.368543e+00 2.407250e+00 2.892673e+00 3.387599e+00 2.475487e+00 1.446666e+00 2.333642e+00 3.153179e+00 1.378974e+00 7.231422e+00 7.726946e-01 1.133127e+00 7.235457e-01 7.266075e-01 4.918379e-01 5.099580e-01 7.306672e-01 4.647495e-01 2.272360e-01 5.203375e-01 6.645595e-01 2.603996e-01 9.936277e-01
<GCONST> 1.267301e+02
<STATE> 3
<MEAN> 39
 1.606732e+00 -8.574161e+00 1.034570e+00 -1.021631e+01 -7.177870e+00 1.038335e+01 -7.158972e+00 3.214051e+00 3.305575e+00 -2.681872e+00 7.118537e+00 -3.273795e+00 4.699739e+01 -3.524334e-01 -6.545372e-02 -4.318494e-01 -1.421135e-01 5.480283e-01 8.575908e-01 6.471499e-01 3.015464e-01 -1.808028e-01 -1.153038e+00 -7.909454e-01 3.561862e-01 -1.717584e-01 4.451540e-04 2.163996e-01 1.584049e-01 4.491537e-01 -3.154753e-02 -4.484816e-01 6.192091e-02 -1.695572e-01 -1.890822e-01 1.079669e-01 -2.008182e-01 7.301816e-02 -1.491771e-01
<VARIANCE> 39
 2.916657e+02 5.756339e+01 3.905608e+01 8.279369e+01 1.804063e+01 1.017135e+02 3.846544e+01 7.286644e+00 2.350803e+01 1.863326e+01 1.984784e+01 2.844178e+01 3.862914e+02 2.297929e-01 7.771535e-01 7.840384e-01 7.532935e-01 4.007144e-01 1.133651e+00 2.671090e+00 9.090140e-01 4.618263e-01 1.488097e+00 1.726261e+00 1.102080e+00 2.008263e-01 6.668786e-02 3.400393e-01 1.836520e-01 1.481345e-01 8.960509e-02 1.827399e-01 2.340297e-01 1.760827e-01 3.078998e-01 1.862639e-01 1.029047e-01 3.811223e-01 1.590445e-01
<GCONST> 9.489633e+01
<STATE> 4
<MEAN> 39
 1.217865e+01 -7.318446e+00 6.111226e+00 -1.067069e+01 -1.010683e+01 1.681272e+01 -3.581215e+00 4.369685e+00 1.127383e-01 -1.203199e+01 2.299438e+00 -3.812483e+00 5.463208e+01 -2.887464e-01 2.642461e-01 2.527166e-01 5.628399e-01 1.319167e-01 -4.562157e-02 2.568118e-01 7.562902e-02 -2.899498e-02 -7.580425e-02 -1.672683e-01 2.105095e-01 -5.990908e-01 -1.983754e-02 -1.946237e-02 -5.435701e-03 5.118064e-02 2.537036e-02 -6.430124e-02 -9.370662e-02 -7.056536e-02 2.830809e-02 1.197157e-01 5.067927e-02 1.826354e-03 -2.215315e-02
<VARIANCE> 39
 6.898948e+01 3.841518e+01 7.492839e+01 3.956284e+01 2.406423e+01 3.239713e+01 2.731746e+01 1.738066e+01 1.589945e+01 2.249385e+01 1.802604e+01 2.650821e+01 8.059490e+01 3.863196e-01 1.147479e+00 1.482771e+00 1.382103e+00 1.157997e+00 1.693319e+00 1.983037e+00 1.373953e+00 1.710707e+00 1.998366e+00 1.730576e+00 1.221971e+00 4.334552e-01 7.688400e-02 1.178485e-01 2.014431e-01 2.618624e-01 1.916646e-01 2.950279e-01 3.838607e-01 2.565083e-01 3.228779e-01 3.367002e-01 2.937239e-01 2.321952e-01 7.315442e-02
<GCONST> 9.917956e+01
<TRANSP> 5
 0.000000e+00 1.000000e+00 0.000000e+00 0.000000e+00 0.000000e+00
 0.000000e+00 9.210275e-01 7.897253e-02 0.000000e+00 0.000000e+00
 0.000000e+00 0.000000e+00 0.000000e+00 1.000000e+00 0.000000e+00
 0.000000e+00 0.000000e+00 0.000000e+00 9.278561e-01 7.214388e-02
 0.000000e+00 0.000000e+00 0.000000e+00 0.000000e+00 0.000000e+00
<ENDHMM>
~h "l"
<BEGINHMM>
<NUMSTATES> 5
<STATE> 2
<MEAN> 39
 -3.774146e+00 -4.947943e+00 5.898266e+00 6.767257e-01 -3.993786e+00 7.318657e+00 -8.123866e+00 -3.592922e-01 2.212117e+00 -3.570768e+00 3.080002e+00 -3.388631e+00 3.849739e+01 -1.156178e-01 -2.628881e-01 -3.974452e-01 -2.715627e-02 -4.250646e-03 -3.125196e-01 -2.407212e-01 1.063873e-01 3.352367e-01 1.909562e-01 6.330159e-02 2.983682e-02 -4.916508e-02 -4.025936e-02 1.609400e-02 1.621918e-01 2.424816e-02 -9.085393e-02 -4.564178e-02 1.592009e-01 1.788115e-01 -4.666879e-02 -1.393365e-01 -4.165967e-02 5.603932e-02 -8.197671e-03
<VARIANCE> 39
 3.334985e+01 3.911077e+01 3.484952e+01 2.380039e+01 3.304607e+01 3.788488e+01 3.322813e+01 2.228935e+01 2.613958e+01 3.116395e+01 1.766548e+01 1.300124e+01 2.989899e+01 9.652594e-01 4.756303e+00 2.690131e+00 2.872307e+00 4.287842e+00 4.385056e+00 3.265499e+00 2.457642e+00 3.498513e+00 3.521307e+00 1.757767e+00 1.269301e+00 1.613108e+00 1.276042e-01 1.031578e+00 5.755970e-01 5.482163e-01 9.310321e-01 8.061925e-01 7.274377e-01 4.836359e-01 7.708780e-01 7.604588e-01 3.519903e-01 2.740926e-01 3.233551e-01
<GCONST> 1.187116e+02
<STATE> 3
<MEAN> 39
 -3.842128e+00 -3.514506e+00 5.856781e+00 6.966649e-01 -5.242596e+00 5.013316e+00 -7.024230e+00 1.706673e+00 2.002970e+00 -3.989927e+00 3.172379e+00 -2.358088e+00 3.773991e+01 -3.248802e-01 -2.030206e-01 1.118369e-01 -1.324473e-01 -2.119244e-01 2.686778e-02 2.592641e-01 1.166394e-01 -2.204023e-01 -1.615871e-01 -1.477838e-02 1.760310e-01 -1.409187e-01 1.107007e-01 -2.048922e-01 1.135358e-02 6.868690e-02 4.524032e-02 1.596844e-01 1.688962e-01 -8.697359e-02 4.745982e-02 3.555963e-03 -8.908022e-02 -1.513728e-02 1.791101e-01
<VARIANCE> 39
 4.713683e+01 2.543987e+01 3.879530e+01 2.361295e+01 2.367333e+01 1.919375e+01 2.621246e+01 1.070440e+01 2.722652e+01 2.247856e+01 2.326336e+01 1.552690e+01 4.153967e+01 5.642341e-01 9.809571e-01 9.426313e-01 9.123319e-01 1.491588e+00 1.232949e+00 1.833802e+00 1.840021e+00 2.504246e+00 2.487337e+00 2.006689e+00 1.163714e+00 3.130524e-01 5.507831e-02 2.763083e-01 3.680454e-01 2.728922e-01 4.330118e-01 3.496836e-01 4.388465e-01 3.024153e-01 4.385882e-01 3.755100e-01 3.551204e-01 3.033175e-01 4.320613e-02
<GCONST> 9.840990e+01
<STATE> 4
<MEAN> 39
 -5.771798e+00 -2.288514e+00 8.587858e+00 3.172731e+00 -3.643341e+00 6.222589e+00 -5.042237e+00 1.611410e+00 1.401613e+00 -4.605436e+00 2.207572e+00 -2.141292e+00 3.615938e+01 -2.775479e-02 -1.254399e-01 -5.576194e-02 1.517682e-02 -2.407011e-02 -2.079795e-02 8.232223e-02 3.093432e-02 3.875501e-02 -6.014980e-02 -6.401944e-02 3.149969e-02 1.617186e-02 8.068873e-02 -3.486816e-02 -4.469624e-02 -3.383716e-02 -2.596829e-02 -1.307237e-02 -2.977825e-02 5.742543e-03 4.463102e-02 1.547467e-02 2.213289e-02 1.434493e-02 7.375899e-02
<VARIANCE> 39
 1.569973e+01 1.159478e+01 1.494745e+01 1.421058e+01 1.119623e+01 1.424345e+01 1.862046e+01 2.015426e+01 1.673482e+01 1.622219e+01 1.558541e+01 1.196912e+01 9.885050e+00 3.694176e-01 7.414252e-01 8.662241e-01 1.170783e+00 1.179757e+00 1.219049e+00 1.686768e+00 1.940894e+00 1.558483e+00 1.820236e+00 1.640407e+00 1.454556e+00 1.640055e-01 8.962869e-02 1.531613e-01 1.553198e-01 2.222179e-01 2.335910e-01 2.646733e-01 3.490767e-01 4.434875e-01 3.857889e-01 3.968288e-01 3.501247e-01 3.241072e-01 5.699391e-02
<GCONST> 8.751454e+01
<TRANSP> 5
 0.000000e+00 1.000000e+00 0.000000e+00 0.000000e+00 0.000000e+00
 0.000000e+00 5.200834e-01 4.799167e-01 0.000000e+00 0.000000e+00
 0.000000e+00 0.000000e+00 0.000000e+00 1.000000e+00 0.000000e+00
 0.000000e+00 0.000000e+00 0.000000e+00 8.598505e-01 1.401496e-01
 0.000000e+00 0.000000e+00 0.000000e+00 0.000000e+00 0.000000e+00
<ENDHMM>
~h "m"
<BEGINHMM>
<NUMSTATES> 5
<STATE> 2
<MEAN> 39
 2.410097e+00 -9.122686e+00 4.970824e+00 -1.186917e+00 -6.801653e+00 7.633687e+00 -7.807031e+00 2.655804e+00 4.567711e+00 -5.397543e+00 1.623809e+00 -4.175805e+00 4.558671e+01 -6.846842e-01 -1.361780e-01 -4.574860e-01 1.994551e-01 2.789605e-01 -9.933907e-04 4.325719e-01 2.711432e-02 1.373637e-01 3.160610e-01 -3.658346e-02 6.307571e-02 -6.036284e-01 -1.149505e-01 2.528444e-01 6.694920e-02 -2.919160e-02 1.401786e-02 -7.514605e-02 2.925230e-02 -1.482681e-02 -1.191428e-01 -7.574772e-04 1.372219e-02 4.240599e-02 -1.497282e-01
<VARIANCE> 39
 6.988815e+01 8.685928e+01 6.270633e+01 5.329449e+01 5.812606e+01 2.332595e+01 2.937752e+01 3.441267e+01 2.783735e+01 2.857412e+01 2.178131e+01 1.806790e+01 8.926660e+01 3.106320e+00 1.006098e+01 5.017974e+00 2.769583e+00 2.606558e+00 2.310817e+00 3.587241e+00 2.295744e+00 2.537810e+00 1.493419e+00 1.459835e+00 1.603186e+00 5.310157e+00 3.707707e-01 1.766303e+00 7.063904e-01 4.834732e-01 5.045332e-01 4.137816e-01 6.472259e-01 3.605930e-01 4.249277e-01 3.218734e-01 3.321066e-01 3.108688e-01 6.869809e-01
<GCONST> 1.244546e+02
<STATE> 3
<MEAN> 39
 -1.788419e+00 -3.031721e+00 6.914141e+00 9.955974e-01 -5.237111e+00 6.063183e+00 -6.092304e+00 9.065580e-01 1.321239e+00 -5.108639e+00 1.128550e+00 -3.760978e+00 3.988900e+01 -8.077033e-01 4.232599e-01 -2.647897e-01 8.018532e-02 3.061836e-01 -1.642705e-01 3.999909e-01 6.937659e-02 -1.186142e-01 2.443596e-01 3.965365e-02 1.190224e-01 -8.368837e-01 1.339185e-01 -2.199101e-01 8.211256e-03 -7.320461e-02 -1.269864e-01 -1.583396e-03 -2.210683e-01 -7.602377e-02 5.362438e-02 -6.555192e-03 6.774564e-02 3.875320e-02 1.775017e-01
<VARIANCE> 39
 6.276120e+01 2.779296e+01 4.293483e+01 2.304521e+01 3.287762e+01 2.174694e+01 2.304442e+01 2.755867e+01 2.264499e+01 2.665884e+01 1.700646e+01 1.426222e+01 7.677160e+01 1.122495e+00 3.098605e+00 2.598004e+00 1.188412e+00 1.298420e+00 1.537280e+00 2.086165e+00 1.979363e+00 2.573551e+00 2.305221e+00 1.750336e+00 1.750632e+00 8.490195e-01 2.096874e-01 4.135388e-01 3.347752e-01 1.643391e-01 2.300733e-01 3.320564e-01 3.721832e-01 2.257446e-01 3.587890e-01 3.928901e-01 2.900042e-01 2.216313e-01 3.268454e-01
<GCONST> 1.063034e+02
<STATE> 4
<MEAN> 39
 -4.386530e+00 -2.797868e+00 6.391285e+00 8.195852e-01 -4.789772e+00 6.049661e+00 -4.830451e+00 1.912706e+00 1.259416e+00 -4.300085e+00 1.831201e+00 -3.304594e+00 3.717405e+01 -5.805285e-02 -1.084435e-03 -1.640090e-02 -1.099297e-02 2.463383e-03 -2.424881e-02 -8.002838e-05 8.901363e-03 -2.928491e-03 9.503129e-03 2.271966e-02 2.450918e-02 -4.552923e-02 3.390543e-02 -2.159570e-02 -1.192333e-02 -2.189451e-02 -1.853931e-02 -2.588253e-03 -1.502285e-02 6.719117e-03 1.402866e-02 -1.490530e-02 -8.970875e-03 -3.371692e-03 3.413694e-02
<VARIANCE> 39
 9.232602e+00 7.997712e+00 1.399000e+01 1.653740e+01 1.529264e+01 1.423191e+01 1.396585e+01 1.738888e+01 1.593172e+01 1.691206e+01 1.467249e+01 1.291699e+01 6.330081e+00 2.944318e-01 5.724905e-01 7.969379e-01 9.239414e-01 1.094613e+00 1.304226e+00 1.168302e+00 1.485546e+00 1.613655e+00 1.768356e+00 1.521909e+00 1.312539e+00 1.222897e-01 6.252254e-02 1.158492e-01 1.534733e-01 1.797089e-01 2.128767e-01 2.688598e-01 2.385669e-01 3.034491e-01 3.338773e-01 3.589811e-01 3.253706e-01 2.805400e-01 3.187186e-02
<GCONST> 8.147852e+01
<TRANSP> 5
 0.000000e+00 1.000000e+00 0.000000e+00 0.000000e+00 0.000000e+00
 0.000000e+00 6.726606e-01 3.273394e-01 0.000000e+00 0.000000e+00
 0.000000e+00 0.000000e+00 0.000000e+00 1.000000e+00 0.000000e+00
 0.000000e+00 0.000000e+00 0.000000e+00 9.530129e-01 4.698712e-02
 0.000000e+00 0.000000e+00 0.000000e+00 0.000000e+00 0.000000e+00
<ENDHMM>
~h "n"
<BEGINHMM>
<NUMSTATES> 5
<STATE> 2
<MEAN> 39
 9.138399e+00 -1.028053e+01 4.263412e+00 -7.058866e+00 -1.036356e+01 7.363985e+00 -1.064203e+01 2.621161e+00 4.106323e+00 -5.370306e+00 3.400650e+00 -5.372979e+00 5.328623e+01 2.308450e+00 -1.805129e+00 -5.941256e-01 -1.173781e+00 -7.158305e-02 9.109228e-01 -6.298423e-01 8.961787e-01 9.649373e-01 -4.150693e-01 -3.102218e-01 -1.085895e+00 3.254560e+00 -3.041062e-02 -1.682934e-01 2.069775e-03 9.599716e-02 2.263973e-01 1.919840e-01 1.100334e-02 1.710864e-01 1.263451e-01 -2.781079e-01 -2.780139e-01 -3.960732e-02 1.500135e-01
<VARIANCE> 39
 1.034809e+02 6.400417e+01 5.799450e+01 3.381281e+01 3.571478e+01 3.057495e+01 4.499294e+01 2.962011e+01 2.194772e+01 1.905462e+01 1.465567e+01 2.688943e+01 1.452029e+02 5.689470e+00 6.164562e+00 5.803806e+00 3.009739e+00 4.122077e+00 3.718885e+00 2.993854e+00 2.607159e+00 1.713136e+00 2.426347e+00 2.786271e+00 2.022303e+00 7.006733e+00 1.533129e+00 1.254465e+00 7.170154e-01 5.595986e-01 5.886629e-01 6.468174e-01 5.090388e-01 4.871213e-01 3.533778e-01 4.208970e-01 4.772725e-01 5.209973e-01 1.980692e+00
<GCONST> 1.303080e+02
<STATE> 3
<MEAN> 39
 1.355718e+01 -1.453835e+01 4.114111e+00 -9.519795e+00 -8.910562e+00 1.144232e+01 -1.253901e+01 5.131970e+00 7.013653e+00 -7.941936e+00 3.513701e-01 -9.172892e+00 6.148771e+01 -3.310440e-01 -5.261351e-01 -3.184189e-01 3.225476e-01 1.182127e+00 8.680568e-01 3.539160e-01 3.555210e-01 3.925582e-01 -1.415290e+00 -1.684862e+00 1.554459e-01 4.721754e-01 -3.903574e-01 7.539169e-01 3.112767e-01 4.085009e-01 -2.462760e-02 -3.973578e-01 1.525374e-01 -4.783593e-01 -5.174225e-01 3.677117e-02 1.055883e-01 5.635977e-01 -8.197846e-01
<VARIANCE> 39
 8.374981e+01 6.548943e+01 4.825360e+01 4.365919e+01 3.394546e+01 4.330544e+01 4.585769e+01 2.080307e+01 2.704830e+01 2.381749e+01 1.682403e+01 3.183838e+01 1.473696e+02 4.678711e-01 2.108815e+00 1.967573e+00 1.281302e+00 1.570190e+00 2.318228e+00 1.770499e+00 1.694126e+00 1.277476e+00 1.800910e+00 2.244987e+00 1.752758e+00 1.244109e+00 2.926724e-01 3.418492e-01 5.898784e-01 2.754266e-01 3.628172e-01 4.478186e-01 5.127645e-01 4.119826e-01 3.093071e-01 3.552959e-01 3.467054e-01 4.095128e-01 4.162996e-01
<GCONST> 1.130332e+02
<STATE> 4
<MEAN> 39
 1.582253e+01 -1.070719e+01 1.063389e+01 -7.053184e+00 -1.085209e+01 9.628788e+00 -1.486391e+01 3.283572e+00 4.396901e+00 -1.161149e+01 3.095762e-01 -6.679530e+00 6.135648e+01 -1.351745e-01 3.070036e-01 2.230094e-01 2.260828e-01 5.084044e-02 -4.027354e-02 4.046484e-02 -1.646258e-01 -1.727795e-01 -4.595338e-03 3.650608e-02 8.172019e-02 -3.160220e-01 -1.757998e-02 4.416843e-02 1.539317e-02 1.148866e-02 -2.512052e-02 -3.612237e-02 3.759790e-03 -2.984971e-02 -2.514966e-02 5.155703e-02 5.089264e-02 1.256535e-02 -5.077665e-02
<VARIANCE> 39
 1.021552e+01 6.781104e+01 7.860122e+01 1.999894e+01 4.365041e+01 3.520430e+01 1.921707e+01 2.916761e+01 2.462423e+01 2.380204e+01 2.292875e+01 1.374976e+01 3.690278e+01 4.822727e-01 2.367756e+00 2.407163e+00 1.105227e+00 1.937847e+00 1.714481e+00 1.536607e+00 1.900799e+00 1.505686e+00 1.583580e+00 1.446409e+00 1.054441e+00 8.953426e-01 8.370097e-02 3.065916e-01 3.094125e-01 1.854509e-01 2.714606e-01 2.697914e-01 2.911083e-01 3.047571e-01 2.630402e-01 2.653372e-01 2.690610e-01 1.884024e-01 1.127543e-01
<GCONST> 1.001597e+02
<TRANSP> 5
 0.000000e+00 1.000000e+00 0.000000e+00 0.000000e+00 0.000000e+00
 0.000000e+00 7.797794e-01 2.202205e-01 0.000000e+00 0.000000e+00
 0.000000e+00 0.000000e+00 0.000000e+00 1.000000e+00 0.000000e+00
 0.000000e+00 0.000000e+00 0.000000e+00 9.657469e-01 3.425313e-02
 0.000000e+00 0.000000e+00 0.000000e+00 0.000000e+00 0.000000e+00
<ENDHMM>
~h "p"
<BEGINHMM>
<NUMSTATES> 5
<STATE> 2
<MEAN> 39
 1.222054e+01 -1.641258e+01 2.355135e+00 -7.386069e+00 -5.757420e+00 1.324462e+01 -1.040290e+01 5.791296e+00 8.034595e+00 -8.581210e+00 -1.712805e+00 -7.795445e+00 6.071726e+01 1.353995e-01 -5.853705e-02 -2.045752e-01 -1.244488e-01 4.341826e-01 5.217252e-01 9.983485e-02 -1.130149e-01 -2.269741e-01 -1.488269e-01 -9.493163e-02 -3.505930e-01 1.439839e-02 -4.947683e-02 1.582119e-01 1.173908e-01 5.864618e-02 -9.782103e-02 -1.423499e-01 -7.810541e-02 -1.353471e-01 -7.379042e-02 9.661967e-02 1.020819e-01 3.941573e-02 -1.463227e-01
<VARIANCE> 39
 7.156328e+01 7.199966e+01 2.220848e+01 2.645878e+01 2.217380e+01 4.211860e+01 3.273069e+01 3.293024e+01 2.856982e+01 3.636971e+01 2.002553e+01 1.935000e+01 1.528886e+02 3.306222e+00 4.949045e+00 2.351239e+00 1.967351e+00 1.336156e+00 2.654402e+00 3.768931e+00 2.497965e+00 1.477972e+00 3.341424e+00 2.196987e+00 1.302419e+00 6.508875e+00 4.624126e-01 7.134375e-01 4.293797e-01 3.224221e-01 2.135765e-01 3.737561e-01 5.823393e-01 4.173378e-01 2.913587e-01 5.647101e-01 3.832982e-01 2.561822e-01 7.097317e-01
<GCONST> 1.192175e+02
<STATE> 3
<MEAN> 39
 1.830690e+00 -8.225100e+00 1.973309e+00 -3.358311e+00 -3.939779e+00 9.038699e+00 -8.071875e+00 1.668647e+00 3.815968e+00 -3.909719e+00 1.968801e+00 -6.577023e+00 4.530848e+01 -4.333796e-01 8.129621e-01 3.376131e-01 4.019534e-01 -2.100746e-01 -4.978600e-01 1.172523e-01 -5.688583e-01 -3.355494e-01 4.683290e-01 2.997649e-01 2.127247e-01 -7.470620e-01 2.387596e-01 -3.941260e-02 4.421383e-01 1.478172e-01 -8.218290e-02 9.611113e-02 -4.006169e-02 -3.462742e-02 -1.489435e-01 -1.788679e-01 4.942328e-02 2.036194e-01 2.128112e-01
<VARIANCE> 39
 1.536739e+02 5.735286e+01 3.061094e+01 2.529013e+01 1.163148e+01 4.471519e+01 4.078449e+01 1.186886e+01 2.963454e+01 2.829476e+01 1.652099e+01 2.681627e+01 2.169978e+02 2.903403e+00 3.898700e+00 2.151547e+00 9.339600e-01 1.222375e+00 2.504624e+00 1.609948e+00 4.044274e+00 1.524721e+00 2.277412e+00 1.904920e+00 1.749862e+00 3.418601e+00 3.623739e-01 4.253030e-01 4.058038e-01 1.722987e-01 1.880468e-01 4.517404e-01 2.854870e-01 2.820943e-01 3.687892e-01 3.275348e-01 2.441506e-01 3.503904e-01 5.543756e-01
<GCONST> 1.131718e+02
<STATE> 4
<MEAN> 39
 -1.186003e+00 -6.201256e+00 2.234161e+00 -7.296745e-01 -3.499147e+00 7.219794e+00 -6.780068e+00 1.734968e+00 4.405199e+00 -2.053274e+00 2.453515e+00 -4.787111e+00 4.048243e+01 -2.983775e-01 2.668768e-01 3.263696e-01 1.781105e-01 -9.869137e-02 -7.347425e-02 2.133270e-01 -2.243426e-02 -2.414626e-01 -7.231722e-02 2.357462e-02 1.868721e-01 -3.217172e-01 1.223268e-01 -7.846953e-02 4.901491e-02 -3.999618e-02 -6.044479e-02 3.462515e-02 -1.079282e-01 -4.215445e-02 -1.212465e-02 -7.636492e-02 2.388165e-02 4.421738e-02 1.319197e-01
<VARIANCE> 39
 3.078642e+01 2.558118e+01 2.363568e+01 1.016709e+01 1.451553e+01 1.649900e+01 2.734476e+01 1.748120e+01 1.775788e+01 2.227568e+01 1.483712e+01 1.557603e+01 4.103571e+01 9.667163e-01 1.194748e+00 1.095332e+00 6.594508e-01 9.968424e-01 1.391887e+00 1.418297e+00 1.839392e+00 1.599272e+00 1.511063e+00 1.230611e+00 1.298302e+00 1.134107e+00 1.371822e-01 1.626538e-01 1.835423e-01 1.240473e-01 1.781954e-01 2.620643e-01 2.521010e-01 2.557379e-01 2.841880e-01 2.821527e-01 2.028981e-01 3.174202e-01 1.289623e-01
<GCONST> 9.249100e+01
<TRANSP> 5
 0.000000e+00 1.000000e+00 0.000000e+00 0.000000e+00 0.000000e+00
 0.000000e+00 8.481389e-01 1.518611e-01 0.000000e+00 0.000000e+00
 0.000000e+00 0.000000e+00 0.000000e+00 1.000000e+00 0.000000e+00
 0.000000e+00 0.000000e+00 0.000000e+00 8.247645e-01 1.752354e-01
 0.000000e+00 0.000000e+00 0.000000e+00 0.000000e+00 0.000000e+00
<ENDHMM>
~h "s"
<BEGINHMM>
<NUMSTATES> 5
<STATE> 2
<MEAN> 39
 -1.025702e+00 -3.160492e+00 4.097305e+00 -4.117991e+00 -8.866081e+00 5.081663e+00 -6.964701e+00 9.168504e-01 1.644899e+00 -3.755065e+00 3.673741e+00 -1.917680e+00 3.967238e+01 5.479835e-01 -1.992422e-01 -2.722805e-01 -7.488332e-01 -1.003272e+00 -3.973198e-01 -4.060177e-01 -2.527901e-01 2.574214e-01 1.108312e-01 2.666503e-01 3.039493e-01 4.605500e-01 -1.928325e-01 -7.223636e-02 1.394451e-01 1.874915e-01 1.106064e-01 1.064732e-01 5.167794e-02 4.432166e-02 6.843155e-02 -5.435830e-02 -6.798935e-02 -5.321248e-02 -9.742443e-02
<VARIANCE> 39
 3.881121e+01 2.808310e+01 3.050699e+01 3.883924e+01 6.122135e+01 5.249146e+01 3.235869e+01 1.873613e+01 1.870493e+01 2.339533e+01 1.415017e+01 1.022093e+01 2.689296e+01 3.841988e+00 2.883107e+00 4.036826e+00 3.893934e+00 3.767906e+00 5.304006e+00 3.293568e+00 1.706469e+00 2.033003e+00 2.931139e+00 1.809253e+00 1.564508e+00 3.144354e+00 5.726901e-01 4.856080e-01 6.900681e-01 8.862792e-01 1.013756e+00 1.045037e+00 6.229604e-01 3.532424e-01 4.197622e-01 5.780150e-01 4.154316e-01 3.128339e-01 3.942420e-01
<GCONST> 1.208153e+02
<STATE> 3
<MEAN> 39
 -2.858937e+00 -4.116711e+00 3.616391e+00 -3.520909e+00 -9.025009e+00 3.906302e+00 -6.339917e+00 3.006023e-01 1.889965e+00 -2.537144e+00 4.024689e+00 -1.078209e+00 3.847291e+01 -9.639773e-01 -5.561624e-01 3.973143e-01 8.545353e-01 5.446917e-01 5.408372e-01 1.956571e-01 -3.270616e-01 3.069479e-01 -2.081618e-01 -2.489908e-01 3.831196e-02 -5.078579e-01 -1.340065e-01 -1.063583e-01 1.716534e-01 1.710684e-01 2.269298e-01 3.736728e-01 1.306874e-02 7.623281e-02 5.953941e-02 -3.296307e-01 -2.225343e-01 -1.132293e-01 -2.721710e-02
<VARIANCE> 39
 5.701383e+01 3.588455e+01 3.289145e+01 2.591114e+01 3.147628e+01 3.855372e+01 3.149167e+01 2.095621e+01 1.911002e+01 1.743344e+01 1.117935e+01 1.480422e+01 4.659766e+01 1.764874e+00 1.351192e+00 2.531791e+00 2.398460e+00 3.621026e+00 2.469169e+00 2.486659e+00 2.248581e+00 1.579867e+00 1.339532e+00 8.473931e-01 1.508335e+00 1.216826e+00 3.494082e-01 5.732189e-01 4.219264e-01 3.625261e-01 4.104332e-01 3.870302e-01 5.251688e-01 4.029911e-01 4.478745e-01 3.613059e-01 4.035496e-01 3.604613e-01 5.095503e-01
<GCONST> 1.108757e+02
<STATE> 4
<MEAN> 39
 -3.796609e+00 -2.068532e+00 6.930457e+00 -4.950734e-01 -7.138637e+00 4.011063e+00 -6.796811e+00 1.419680e+00 2.315755e+00 -2.933278e+00 3.951018e+00 -1.680848e+00 3.747131e+01 -8.830370e-02 -1.189617e-01 2.315615e-02 9.059318e-04 -2.478149e-03 1.174800e-01 1.839409e-02 -1.240529e-02 9.551494e-02 -2.330698e-02 -4.167338e-02 -1.555883e-03 -1.914703e-02 4.637902e-02 -7.789212e-03 -1.494381e-02 -5.986236e-02 -4.957220e-02 1.669493e-03 -1.158862e-02 2.090163e-03 7.286512e-03 -1.582530e-02 -1.691287e-03 -3.429843e-03 4.073867e-02
<VARIANCE> 39
 8.965375e+00 1.614465e+01 1.093624e+01 1.613238e+01 2.472788e+01 2.934504e+01 2.019916e+01 1.718129e+01 2.031114e+01 1.880639e+01 1.600459e+01 1.224843e+01 5.295311e+00 3.611321e-01 6.301532e-01 7.345982e-01 1.005291e+00 1.601722e+00 1.600908e+00 1.484313e+00 1.365199e+00 1.700885e+00 1.589946e+00 1.356438e+00 1.182000e+00 1.553376e-01 7.738341e-02 1.363078e-01 1.451598e-01 1.995328e-01 3.234240e-01 3.233269e-01 3.190706e-01 2.842287e-01 3.425319e-01 3.220555e-01 2.638594e-01 2.524274e-01 4.674073e-02
<GCONST> 8.589301e+01
<TRANSP> 5
 0.000000e+00 1.000000e+00 0.000000e+00 0.000000e+00 0.000000e+00
 0.000000e+00 6.674920e-01 3.325080e-01 0.000000e+00 0.000000e+00
 0.000000e+00 0.000000e+00 0.000000e+00 1.000000e+00 0.000000e+00
 0.000000e+00 0.000000e+00 0.000000e+00 9.358615e-01 6.413851e-02
 0.000000e+00 0.000000e+00 0.000000e+00 0.000000e+00 0.000000e+00
<ENDHMM>
~h "t"
<BEGINHMM>
<NUMSTATES> 5
<STATE> 2
<MEAN> 39
 5.625163e+00 -8.961863e+00 6.785405e+00 -6.096095e+00 -1.228756e+01 7.741930e+00 -9.482293e+00 1.579597e+00 5.185413e+00 -5.819181e+00 3.053854e+00 -2.857922e+00 4.959306e+01 2.106368e+00 -4.708543e-01 -4.103071e-01 -1.182580e+00 -4.206857e-01 -1.053985e-01 -7.933170e-01 6.200810e-01 9.577310e-01 3.444075e-01 -1.329549e-02 -6.215032e-01 2.486464e+00 8.073246e-02 -1.811459e-01 3.385327e-02 -1.679505e-03 1.070028e-01 1.321583e-01 -1.152071e-01 1.126049e-01 1.884191e-01 -2.375134e-02 -1.143335e-01 -1.075080e-01 2.407071e-01
<VARIANCE> 39
 1.052838e+02 7.107513e+01 4.862324e+01 3.673625e+01 4.449516e+01 2.915306e+01 3.600957e+01 2.088873e+01 3.069940e+01 2.099766e+01 1.685731e+01 2.081685e+01 1.292439e+02 6.938196e+00 8.440139e+00 3.311882e+00 2.917308e+00 3.145427e+00 3.738288e+00 3.121343e+00 1.977452e+00 2.457499e+00 2.299860e+00 2.004221e+00 1.874803e+00 8.658744e+00 1.696448e+00 1.502449e+00 5.514767e-01 6.582959e-01 6.224787e-01 7.012243e-01 5.965548e-01 2.987261e-01 3.709681e-01 4.832716e-01 4.648933e-01 3.789822e-01 1.965793e+00
<GCONST> 1.294940e+02
<STATE> 3
<MEAN> 39
 7.643110e+00 -1.029060e+01 4.561479e+00 -7.326670e+00 -9.141502e+00 8.144935e+00 -1.080250e+01 4.280937e+00 8.060243e+00 -5.128176e+00 1.442478e+00 -5.488839e+00 5.337862e+01 -1.212173e-01 -1.172694e-01 -2.195324e-01 1.526477e-01 5.934982e-01 2.255722e-01 -3.903154e-02 5.838832e-01 8.735232e-01 -1.921730e-01 -9.486566e-01 -2.584782e-01 1.423209e-01 -4.040001e-01 4.791583e-01 1.813853e-01 2.618706e-01 -3.295603e-03 -1.178020e-01 3.217360e-01 -1.959111e-01 -3.692896e-01 -7.975423e-02 -6.913505e-02 2.503030e-01 -7.171253e-01
<VARIANCE> 39
 1.594653e+02 5.997234e+01 4.062495e+01 5.087698e+01 3.325937e+01 3.178525e+01 5.637157e+01 2.277679e+01 5.350733e+01 2.101140e+01 1.673002e+01 2.552277e+01 2.528595e+02 5.778366e-01 3.962292e+00 1.916835e+00 9.814370e-01 1.315490e+00 2.254297e+00 2.137638e+00 1.553379e+00 1.499525e+00 2.136397e+00 2.185792e+00 1.506549e+00 2.139961e+00 2.727822e-01 5.391005e-01 3.396578e-01 2.425499e-01 1.868563e-01 4.195787e-01 4.716897e-01 2.843424e-01 3.630550e-01 3.199697e-01 2.654889e-01 4.055713e-01 5.961432e-01
<GCONST> 1.142097e+02
<STATE> 4
<MEAN> 39
 1.344647e+01 -1.221839e+01 4.618785e+00 -9.435892e+00 -1.097724e+01 9.833354e+00 -1.160326e+01 6.846238e+00 1.152878e+01 -6.904709e+00 -1.615547e+00 -6.577028e+00 5.950066e+01 -6.582065e-01 8.595906e-01 2.785959e-01 6.076565e-01 2.217871e-01 -1.163839e-01 5.331292e-01 -1.259880e-01 -4.413041e-01 1.127819e-01 9.087796e-02 2.136985e-01 -1.362446e+00 -1.369229e-01 1.679268e-01 6.762830e-02 9.629405e-02 -1.631981e-02 -9.713723e-02 5.037066e-02 -1.237016e-01 -2.110910e-01 7.220932e-02 1.919217e-01 6.140864e-02 -2.547941e-01
<VARIANCE> 39
 5.575790e+01 3.788752e+01 1.873303e+01 2.458915e+01 2.139572e+01 2.144332e+01 4.202493e+01 2.228280e+01 3.162857e+01 2.962788e+01 1.778447e+01 1.560387e+01 1.133658e+02 1.361720e+00 1.667631e+00 1.845372e+00 9.857047e-01 1.066665e+00 1.487719e+00 2.134950e+00 1.307241e+00 1.372523e+00 1.657811e+00 1.634797e+00 1.363950e+00 1.999161e+00 1.268625e-01 2.921132e-01 3.230789e-01 1.867049e-01 2.249925e-01 3.168251e-01 4.122615e-01 2.764970e-01 2.762743e-01 2.914136e-01 2.898227e-01 2.721558e-01 2.218226e-01
<GCONST> 1.033775e+02
<TRANSP> 5
 0.000000e+00 1.000000e+00 0.000000e+00 0.000000e+00 0.000000e+00
 0.000000e+00 7.806723e-01 2.193277e-01 0.000000e+00 0.000000e+00
 0.000000e+00 0.000000e+00 0.000000e+00 1.000000e+00 0.000000e+00
 0.000000e+00 0.000000e+00 0.000000e+00 8.163950e-01 1.836051e-01
 0.000000e+00 0.000000e+00 0.000000e+00 0.000000e+00 0.000000e+00
<ENDHMM>
~h "#N"
<BEGINHMM>
<NUMSTATES> 5
<STATE> 2
<MEAN> 39
 -1.794558e+01 -3.705370e+00 -3.308125e+00 -1.845243e+00 -2.962450e+00 6.372104e-01 -1.740187e+00 1.326813e+00 3.549325e-01 -8.505313e-01 3.812350e-01 1.785671e-01 2.564810e+01 1.036519e-01 1.774013e-01 -3.991362e-02 9.441609e-02 1.811908e-01 3.153135e-02 1.479840e-01 1.208601e-01 1.780688e-01 1.732994e-02 2.143511e-02 7.837817e-02 -1.995684e-02 7.150577e-02 -7.818906e-02 4.685571e-02 -5.112918e-02 -8.871779e-02 2.479989e-03 -1.034680e-01 2.343031e-02 5.483360e-03 1.798043e-02 1.086118e-02 -3.786296e-02 9.288273e-02
<VARIANCE> 39
 7.299902e+01 3.140081e+01 2.855992e+01 8.111966e+00 9.781378e+00 1.895360e+01 1.843423e+01 1.250658e+01 8.949567e+00 1.379004e+01 1.017302e+01 1.088633e+01 6.880927e+01 5.326541e+00 4.245935e+00 3.167860e+00 1.085022e+00 1.274084e+00 1.763411e+00 2.026967e+00 1.702511e+00 1.042030e+00 1.099809e+00 9.577086e-01 1.468377e+00 5.848259e+00 8.189927e-01 6.040388e-01 4.967890e-01 1.645678e-01 1.823343e-01 2.640675e-01 2.755715e-01 2.880949e-01 2.246763e-01 1.877063e-01 1.315243e-01 2.808097e-01 7.306114e-01
<GCONST> 1.023686e+02
<STATE> 3
<MEAN> 39
 -1.041621e+01 -4.539774e+00 -5.821451e-01 -1.709409e+00 -3.696836e+00 4.394060e+00 -2.488375e+00 2.632616e+00 8.971641e-01 -3.306070e+00 1.028694e+00 -1.212231e+00 3.235389e+01 -1.925049e-01 1.284507e-01 -3.185636e-01 1.084569e-01 6.045091e-03 -1.320106e-01 1.809472e-01 -7.144000e-02 1.850809e-01 -2.285590e-02 -7.871687e-02 2.165529e-01 -3.141038e-01 2.166489e-01 4.347848e-02 2.670761e-01 -4.548403e-03 -1.078891e-01 -7.131782e-02 -2.737325e-01 -1.287868e-01 2.188760e-02 1.144378e-01 5.506029e-02 -4.660312e-02 1.678036e-01
<VARIANCE> 39
 1.329391e+02 3.182076e+01 5.094622e+01 1.647068e+01 2.532152e+01 3.080348e+01 3.142566e+01 1.795016e+01 1.939083e+01 2.247438e+01 1.546170e+01 1.081578e+01 9.914336e+01 1.903430e+00 4.478335e+00 2.791963e+00 1.899164e+00 1.940503e+00 1.815687e+00 2.508436e+00 2.410972e+00 1.006641e+00 1.052560e+00 1.178648e+00 1.625346e+00 4.076265e+00 2.781854e-01 4.303372e-01 3.712862e-01 2.373091e-01 2.648739e-01 3.033759e-01 3.048082e-01 3.176331e-01 2.944243e-01 2.476535e-01 1.964933e-01 2.002523e-01 3.015724e-01
<GCONST> 1.080699e+02
<STATE> 4
<MEAN> 39
 -7.953026e-01 -6.116026e+00 3.759155e+00 -3.418652e-01 -7.164847e+00 6.226169e+00 -3.216290e+00 4.089802e+00 3.403227e+00 -4.207977e+00 3.010457e+00 -1.284896e+00 4.056753e+01 -4.445651e-02 2.881427e-02 1.014637e-02 2.488669e-02 1.921345e-02 -1.944689e-02 8.176878e-04 -2.828283e-02 2.446046e-03 4.211370e-02 -2.171877e-04 1.694714e-02 -5.012980e-02 9.584910e-03 -6.175193e-03 3.390321e-03 -5.044176e-03 5.389020e-03 6.245239e-03 -6.180432e-03 -3.157601e-03 -3.637020e-03 -1.472117e-03 -4.125073e-03 -8.086901e-03 1.131273e-02
<VARIANCE> 39
 2.061972e+01 3.722850e+01 2.952273e+01 3.932135e+01 3.097463e+01 2.341666e+01 2.177159e+01 2.414801e+01 2.401560e+01 2.247289e+01 1.637103e+01 1.796580e+01 1.726689e+01 2.850983e-01 7.940444e-01 9.794091e-01 1.196595e+00 1.514724e+00 1.411755e+00 1.388686e+00 1.561184e+00 1.574415e+00 1.681389e+00 1.400356e+00 1.384627e+00 2.369220e-01 5.574794e-02 1.513542e-01 1.890834e-01 2.326242e-01 3.065417e-01 2.870714e-01 2.779058e-01 3.152701e-01 3.201720e-01 3.450274e-01 2.936292e-01 2.934530e-01 4.440310e-02
<GCONST> 9.292220e+01
<TRANSP> 5
 0.000000e+00 1.000000e+00 0.000000e+00 0.000000e+00 0.000000e+00
 0.000000e+00 8.514065e-01 1.485936e-01 0.000000e+00 0.000000e+00
 0.000000e+00 0.000000e+00 0.000000e+00 1.000000e+00 0.000000e+00
 0.000000e+00 0.000000e+00 0.000000e+00 9.459851e-01 5.401496e-02
 0.000000e+00 0.000000e+00 0.000000e+00 0.000000e+00 0.000000e+00
<ENDHMM>
~h "ah"
<BEGINHMM>
<NUMSTATES> 5
<STATE> 2
<NUMMIXES> 3
<MIXTURE> 1 6.111911e-02
<MEAN> 39
 6.956459e+00 -7.028668e+00 8.291618e+00 -4.041826e+00 -1.172303e+01 6.137251e+00 -1.032766e+01 4.961598e-01 3.400399e+00 -6.158139e+00 2.830636e+00 -2.944491e+00 4.938308e+01 1.731357e+00 -2.342078e-01 1.189568e+00 -1.625537e-01 -7.140867e-01 4.251191e-01 -3.420081e-01 4.300902e-01 7.438210e-01 1.604618e-01 7.674855e-01 2.370607e-01 1.985383e+00 -2.495847e-02 -3.366653e-02 2.239132e-01 6.633497e-03 4.952481e-02 1.884062e-01 7.765323e-02 3.116074e-01 2.245065e-01 1.190068e-01 1.818367e-01 -4.713017e-02 1.068612e-01
<VARIANCE> 39
 8.255110e+01 4.548699e+01 8.634276e+01 4.157054e+01 6.820490e+01 4.176986e+01 4.765688e+01 3.087326e+01 2.653526e+01 2.441160e+01 1.500240e+01 1.739274e+01 1.002290e+02 6.232405e+00 5.523321e+00 6.303028e+00 3.374262e+00 4.788301e+00 3.947565e+00 3.618432e+00 2.585523e+00 2.611055e+00 2.673738e+00 1.632388e+00 1.646179e+00 8.026247e+00 8.396435e-01 9.714681e-01 8.702521e-01 6.333748e-01 9.713957e-01 7.004616e-01 6.691239e-01 5.232148e-01 5.166498e-01 5.643829e-01 4.087358e-01 3.007080e-01 9.362918e-01
<GCONST> 1.311448e+02
<MIXTURE> 2 4.685432e-01
<MEAN> 39
 6.487161e+00 -7.756246e+00 9.011757e+00 -4.704117e+00 -1.200718e+01 6.752816e+00 -1.079441e+01 1.021769e+00 4.233046e+00 -6.426715e+00 2.441031e+00 -3.827777e+00 5.007895e+01 1.071908e+00 -8.800750e-01 1.712757e-01 -8.958029e-01 -1.101526e+00 4.711468e-03 -8.183596e-01 -2.025661e-01 2.256167e-01 -3.067519e-01 -5.063406e-02 -1.756051e-01 1.455902e+00 2.130558e-02 -8.618415e-02 1.864417e-02 4.532937e-03 1.984971e-02 1.465081e-02 -5.503757e-02 -1.248047e-02 -4.747490e-02 -7.935365e-02 -4.084187e-02 -2.634927e-02 9.378098e-02
<VARIANCE> 39
 8.921726e+01 5.294397e+01 8.512110e+01 4.462577e+01 7.139094e+01 4.192487e+01 5.103265e+01 3.290530e+01 2.847756e+01 2.869369e+01 1.906532e+01 2.155514e+01 1.293969e+02 4.707355e+00 5.328985e+00 5.226221e+00 3.785077e+00 5.159081e+00 3.732219e+00 4.568068e+00 2.965647e+00 2.950089e+00 2.848503e+00 2.106179e+00 1.864050e+00 6.330987e+00 8.059706e-01 8.636284e-01 7.851692e-01 6.878685e-01 9.941548e-01 6.395703e-01 7.818779e-01 4.784516e-01 5.080548e-01 5.345984e-01 4.146902e-01 3.611095e-01 9.992666e-01
<GCONST> 1.328926e+02
<MIXTURE> 3 4.703387e-01
<MEAN> 39
 7.482838e+00 -7.817138e+00 9.576754e+00 -4.641868e+00 -1.245361e+01 6.766081e+00 -1.114552e+01 7.027726e-01 4.137124e+00 -6.469655e+00 2.602987e+00 -3.751103e+00 5.101787e+01 1.204655e+00 -6.716328e-01 4.733083e-01 -6.330641e-01 -9.710957e-01 7.037842e-02 -6.606724e-01 2.418381e-02 4.188122e-01 -9.407948e-02 2.974718e-01 1.720299e-02 1.557919e+00 -7.536152e-03 -3.943070e-02 7.941986e-02 2.047820e-02 6.646927e-02 5.405413e-02 -8.031184e-03 8.775148e-02 3.276449e-02 -6.488358e-03 2.251543e-02 -3.057239e-02 7.227334e-02
<VARIANCE> 39
 8.131869e+01 5.143651e+01 8.898389e+01 4.273247e+01 6.997586e+01 4.185569e+01 5.047121e+01 3.384466e+01 2.815585e+01 2.675686e+01 1.779413e+01 1.998432e+01 1.168095e+02 4.959954e+00 5.274638e+00 5.556591e+00 3.688854e+00 5.381833e+00 3.662725e+00 4.509250e+00 2.983774e+00 2.796867e+00 2.697902e+00 1.926138e+00 1.798535e+00 6.617954e+00 7.893857e-01 8.965050e-01 7.775207e-01 6.592558e-01 9.892743e-01 6.440246e-01 7.690492e-01 5.065937e-01 5.117139e-01 5.201555e-01 3.998148e-01 3.433852e-01 9.731312e-01
<GCONST> 1.322182e+02
<STATE> 3
<NUMMIXES> 3
<MIXTURE> 1 6.896944e-02
<MEAN> 39
 1.731844e+00 -5.702165e+00 6.778296e+00 -2.254816e+00 -7.606106e+00 5.880671e+00 -8.158802e+00 2.257325e+00 2.697681e+00 -5.299934e+00 2.221699e+00 -3.423341e+00 4.455367e+01 1.248022e+00 -4.568110e-01 9.790132e-01 6.507442e-01 1.164312e-01 1.066473e+00 -9.108191e-02 3.232345e-01 3.102513e-01 -1.750069e-01 7.003942e-01 -1.114223e-02 1.374177e+00 2.459337e-02 -8.555464e-02 1.226208e-01 9.132410e-02 7.095150e-02 3.958744e-01 1.595284e-01 1.125234e-01 8.480598e-02 2.049961e-02 1.203720e-01 2.043626e-02 -5.680207e-03
<VARIANCE> 39
 1.667285e+02 5.142185e+01 6.531541e+01 3.687931e+01 6.292567e+01 4.319323e+01 4.876675e+01 2.489842e+01 3.662019e+01 1.829995e+01 1.447027e+01 1.609921e+01 1.772027e+02 1.251613e+01 6.156004e+00 3.157199e+00 1.283053e+00 3.010331e+00 3.322671e+00 2.391716e+00 2.013319e+00 1.929618e+00 2.108379e+00 2.143553e+00 1.725094e+00 1.391640e+01 7.678391e-01 4.495075e-01 5.879818e-01 2.592261e-01 5.925364e-01 5.656463e-01 5.602336e-01 4.007744e-01 5.335308e-01 2.845873e-01 3.838335e-01 2.776570e-01 7.607821e-01
<GCONST> 1.256987e+02
<MIXTURE> 2 4.817725e-01
<MEAN> 39
 7.456936e+00 -9.192193e+00 9.622921e+00 -5.535664e+00 -1.227461e+01 7.933886e+00 -1.168492e+01 1.295440e+00 4.177357e+00 -6.823156e+00 3.200529e+00 -3.844594e+00 5.171902e+01 -3.683268e-01 -1.302777e-01 2.330750e-01 4.057679e-02 -1.877786e-02 -3.875973e-03 -1.567692e-01 -2.732750e-01 -2.975376e-01 -2.072841e-01 -1.480942e-01 9.381152e-03 -4.129392e-02 -3.084000e-01 1.364388e-01 -3.529257e-01 1.186600e-01 2.381789e-01 -1.298472e-01 2.292105e-01 -5.471546e-02 -1.244757e-01 -6.234674e-03 -2.189793e-01 3.591944e-02 -3.424210e-01
<VARIANCE> 39
 1.328246e+02 5.730733e+01 7.145591e+01 4.333308e+01 6.685815e+01 4.533306e+01 6.482394e+01 3.192003e+01 3.309167e+01 3.444953e+01 1.900402e+01 2.574417e+01 1.640194e+02 1.111988e+00 2.668107e+00 2.726524e+00 1.771889e+00 2.154866e+00 1.793727e+00 1.697719e+00 2.845473e+00 1.884888e+00 1.642549e+00 1.828123e+00 1.482077e+00 1.663764e+00 3.630415e-01 6.156088e-01 3.864430e-01 3.220101e-01 4.684191e-01 4.172039e-01 4.637882e-01 3.589931e-01 3.331340e-01 3.888982e-01 2.556959e-01 2.864088e-01 4.153963e-01
<GCONST> 1.183174e+02
<MIXTURE> 3 4.492590e-01
<MEAN> 39
 8.640378e+00 -8.899981e+00 1.006365e+01 -5.190959e+00 -1.225727e+01 8.054266e+00 -1.165315e+01 1.609411e+00 4.498801e+00 -6.601282e+00 3.504470e+00 -3.979192e+00 5.270020e+01 -2.705313e-01 6.092134e-02 3.527364e-01 2.671472e-01 1.780049e-01 1.402898e-01 2.299934e-02 -1.463695e-01 -1.941825e-01 -1.209055e-01 7.365474e-02 1.748732e-01 -3.678129e-02 -2.464610e-01 1.439612e-01 -2.340834e-01 1.557907e-01 2.771165e-01 -3.918960e-02 2.187105e-01 -4.127447e-02 -1.086166e-01 -2.121161e-02 -2.028080e-01 3.081247e-02 -2.956510e-01
<VARIANCE> 39
 1.014437e+02 5.420371e+01 6.577601e+01 4.272834e+01 6.652493e+01 4.155800e+01 6.293329e+01 3.509361e+01 3.270660e+01 2.791697e+01 1.746805e+01 2.358562e+01 1.346581e+02 9.222227e-01 2.379053e+00 2.517845e+00 1.678933e+00 2.392437e+00 1.758618e+00 1.784207e+00 3.162067e+00 2.070072e+00 1.689390e+00 2.021529e+00 1.492660e+00 1.633739e+00 3.453717e-01 5.520231e-01 3.569178e-01 3.263798e-01 4.722639e-01 4.350577e-01 4.946737e-01 3.713059e-01 3.512793e-01 3.808600e-01 2.730242e-01 2.966866e-01 4.439209e-01
<GCONST> 1.174163e+02
<STATE> 4
<NUMMIXES> 3
<MIXTURE> 1 8.110657e-02
<MEAN> 39
 2.254802e+00 -6.039880e+00 1.058739e+01 -8.494457e-01 -7.609810e+00 8.429749e+00 -9.692626e+00 -4.113808e-01 1.356651e+00 -6.976981e+00 2.751872e+00 -2.959683e+00 4.565535e+01 -8.319058e-02 2.647324e-01 2.200806e-01 5.545697e-01 5.576344e-01 3.846666e-01 4.312559e-01 3.347149e-01 3.595691e-01 4.147502e-01 4.075094e-01 2.916174e-01 -2.407910e-01 8.978093e-02 1.258955e-01 5.037916e-02 2.326028e-02 3.110172e-02 5.908033e-02 1.177243e-01 1.411915e-01 1.576265e-01 1.496317e-01 1.643661e-01 8.285566e-02 2.270239e-02
<VARIANCE> 39
 1.081670e+02 5.590199e+01 5.043647e+01 3.859637e+01 5.141709e+01 2.944937e+01 4.080283e+01 2.937174e+01 3.358414e+01 1.945685e+01 1.839497e+01 1.311720e+01 1.269107e+02 1.284407e+00 1.543099e+00 1.706661e+00 1.098063e+00 1.668343e+00 1.881889e+00 1.754041e+00 1.592327e+00 1.696132e+00 1.825876e+00 1.596704e+00 1.260711e+00 1.659227e+00 1.360504e-01 1.861159e-01 2.646859e-01 2.198952e-01 2.796450e-01 2.918770e-01 2.768611e-01 3.188429e-01 3.325406e-01 2.967195e-01 3.012412e-01 2.300290e-01 1.304347e-01
<GCONST> 1.065262e+02
<MIXTURE> 2 4.546960e-01
<MEAN> 39
 8.010270e+00 -8.146195e+00 1.127716e+01 -3.863220e+00 -1.058271e+01 8.627319e+00 -1.220500e+01 -1.558831e-01 2.287177e+00 -8.244939e+00 2.614858e+00 -4.140175e+00 5.259942e+01 -4.510045e-01 1.597317e-01 -2.747441e-01 1.399738e-01 1.555111e-01 -1.717561e-01 1.686997e-01 -1.189725e-01 -2.520863e-01 -4.153271e-02 -2.291605e-01 -5.816263e-02 -5.804176e-01 -5.575237e-02 -3.547126e-02 -1.059047e-01 -3.907425e-02 -1.338786e-02 -4.375280e-02 1.561103e-02 -3.017638e-02 -2.580572e-02 5.688981e-03 -4.773797e-02 -3.083504e-02 -4.956521e-02
<VARIANCE> 39
 1.035782e+02 6.377278e+01 7.032170e+01 4.207830e+01 5.967541e+01 3.426142e+01 4.869841e+01 4.268646e+01 3.579025e+01 2.216617e+01 2.599751e+01 1.842341e+01 1.403483e+02 9.514015e-01 1.442299e+00 2.195546e+00 1.332111e+00 1.962566e+00 1.638476e+00 2.054185e+00 2.034808e+00 1.595250e+00 1.692929e+00 1.692917e+00 1.226089e+00 1.382357e+00 1.133344e-01 2.348924e-01 3.189207e-01 2.180447e-01 3.008968e-01 3.118870e-01 3.579353e-01 3.467057e-01 2.930394e-01 3.044418e-01 2.952700e-01 2.492948e-01 1.337843e-01
<GCONST> 1.097735e+02
<MIXTURE> 3 4.641927e-01
<MEAN> 39
 8.297304e+00 -8.065853e+00 1.205741e+01 -3.604137e+00 -1.075169e+01 8.606869e+00 -1.254056e+01 -6.521830e-01 2.036753e+00 -8.084311e+00 2.950601e+00 -3.965892e+00 5.303933e+01 -2.929128e-01 2.549482e-01 -4.658550e-02 3.103445e-01 3.373687e-01 2.987990e-02 2.160553e-01 6.269974e-03 -9.687796e-02 4.255742e-02 -5.712986e-03 8.018959e-02 -4.588132e-01 -1.541554e-02 5.915226e-03 -7.195491e-02 -2.268927e-02 5.052934e-03 6.724570e-03 6.646142e-02 3.460691e-02 3.889455e-02 4.883414e-02 1.941483e-03 -8.956345e-03 -3.605065e-02
<VARIANCE> 39
 1.076444e+02 5.612360e+01 6.921786e+01 4.249065e+01 6.390499e+01 3.369337e+01 4.823273e+01 4.210320e+01 3.670944e+01 1.942584e+01 2.477552e+01 1.685603e+01 1.418056e+02 7.176994e-01 1.426952e+00 1.972701e+00 1.271407e+00 1.896593e+00 1.574786e+00 1.884236e+00 1.931729e+00 1.594214e+00 1.618673e+00 1.629532e+00 1.190945e+00 1.091283e+00 1.011493e-01 2.245263e-01 2.885508e-01 2.236761e-01 3.074960e-01 2.941435e-01 3.350514e-01 3.411962e-01 2.794172e-01 2.921246e-01 2.968251e-01 2.400552e-01 1.194971e-01
<GCONST> 1.078788e+02
<TRANSP> 5
 0.000000e+00 1.000000e+00 0.000000e+00 0.000000e+00 0.000000e+00
 0.000000e+00 7.844738e-01 2.155263e-01 0.000000e+00 0.000000e+00
 0.000000e+00 0.000000e+00 0.000000e+00 1.000000e+00 0.000000e+00
 0.000000e+00 0.000000e+00 0.000000e+00 9.114687e-01 8.853123e-02
 0.000000e+00 0.000000e+00 0.000000e+00 0.000000e+00 0.000000e+00
<ENDHMM>
~h "eh"
<BEGINHMM>
<NUMSTATES> 5
<STATE> 2
<MEAN> 39
 -1.251545e+00 -8.241707e+00 -2.161705e-01 -4.219745e+00 -5.157496e+00 7.649141e+00 -7.215292e+00 7.328603e-01 3.395884e+00 -3.579013e+00 2.193410e+00 -3.324235e+00 4.057868e+01 1.628478e-01 -1.676344e-02 -6.455926e-01 -2.571660e-01 1.897675e-01 3.414781e-01 3.257870e-01 -3.902923e-02 -2.579440e-01 -2.681863e-01 -2.734102e-01 -9.890744e-02 3.782092e-02 -1.054360e-01 1.923651e-01 2.990440e-01 1.685449e-01 -1.370313e-01 -1.670221e-01 2.922188e-03 7.010815e-02 1.760771e-02 1.228871e-01 7.801302e-02 3.459091e-02 -9.099548e-02
<VARIANCE> 39
 3.950201e+01 5.445858e+01 5.030560e+01 3.313387e+01 2.923407e+01 3.050284e+01 3.088313e+01 2.222616e+01 2.908723e+01 2.188816e+01 2.230460e+01 1.657109e+01 3.697739e+01 2.562848e+00 7.775368e+00 5.909300e+00 3.178399e+00 1.825501e+00 2.950185e+00 4.037022e+00 2.716650e+00 1.847660e+00 1.687918e+00 2.419915e+00 1.791444e+00 3.167235e+00 6.364241e-01 1.070870e+00 1.070945e+00 6.431516e-01 4.287209e-01 5.583394e-01 6.914466e-01 4.586174e-01 2.815788e-01 2.487833e-01 5.431717e-01 3.166878e-01 6.821254e-01
<GCONST> 1.216982e+02
<STATE> 3
<MEAN> 39
 -3.785282e+00 -3.258437e+00 3.817962e+00 -1.952245e+00 -6.499988e+00 5.076055e+00 -4.321488e+00 3.006047e-01 7.373182e-01 -4.806998e+00 1.112260e+00 -1.806708e+00 3.723106e+01 1.792016e-01 4.792764e-01 6.393935e-01 4.355146e-01 -4.883292e-01 -2.565778e-01 3.144387e-01 3.286062e-01 1.143802e-01 -1.221358e-02 -3.527832e-01 9.896643e-02 9.113912e-02 2.356910e-01 -3.149219e-01 1.150439e-01 -2.524203e-02 -1.008145e-01 -7.824085e-02 -5.123444e-01 7.616298e-02 2.191197e-01 3.849332e-02 2.426557e-01 -1.641463e-03 3.590887e-01
<VARIANCE> 39
 4.644316e+01 1.974520e+01 3.260471e+01 1.514315e+01 1.891700e+01 2.872880e+01 3.386674e+01 1.715591e+01 1.331351e+01 3.778500e+01 3.434447e+01 1.450442e+01 3.541748e+01 4.480835e+00 3.248726e+00 1.373205e+00 1.166290e+00 1.083770e+00 1.665841e+00 5.784850e-01 1.475750e+00 1.077830e+00 1.368982e+00 1.888276e+00 2.150172e+00 4.137628e+00 8.731315e-01 4.890094e-01 5.751433e-01 1.604300e-01 1.503966e-01 4.386304e-01 3.332740e-01 2.559966e-01 1.976081e-01 4.685924e-01 7.155975e-01 1.558089e-01 7.615796e-01
<GCONST> 1.068942e+02
<STATE> 4
<MEAN> 39
 -3.352743e+00 -1.214358e+00 6.542352e+00 -6.237644e-01 -6.246759e+00 4.538403e+00 -5.664025e+00 2.203589e+00 2.034096e+00 -2.960512e+00 3.537889e+00 -1.973177e+00 3.742419e+01 -2.478515e-04 2.238555e-02 3.327347e-02 2.806198e-02 2.580581e-02 -1.109423e-02 -3.554690e-02 1.281060e-02 3.214551e-02 3.068430e-02 4.133350e-02 -3.602323e-03 -2.170474e-03 7.665987e-03 -1.059612e-02 -7.168010e-03 -3.836769e-03 4.132031e-03 7.547437e-03 -9.046999e-03 -4.776068e-03 5.137077e-03 -1.568338e-03 5.673502e-03 -4.690858e-04 7.931544e-03
<VARIANCE> 39
 4.145074e+00 8.276551e+00 1.009478e+01 9.854261e+00 1.081206e+01 1.370374e+01 1.540386e+01 1.829500e+01 1.780767e+01 1.872251e+01 1.618349e+01 1.204860e+01 1.661301e+00 4.114753e-01 5.293145e-01 7.872023e-01 7.988650e-01 9.459631e-01 1.319747e+00 1.473157e+00 1.498891e+00 1.504030e+00 1.377840e+00 1.460059e+00 1.263661e+00 2.338958e-01 4.824087e-02 9.882629e-02 1.529950e-01 1.558281e-01 1.732176e-01 2.556244e-01 2.884690e-01 2.872124e-01 3.068543e-01 2.635196e-01 2.990277e-01 2.662466e-01 1.599511e-02
<GCONST> 7.708496e+01
<TRANSP> 5
 0.000000e+00 1.000000e+00 0.000000e+00 0.000000e+00 0.000000e+00
 0.000000e+00 7.017814e-01 2.982186e-01 0.000000e+00 0.000000e+00
 0.000000e+00 0.000000e+00 0.000000e+00 1.000000e+00 0.000000e+00
 0.000000e+00 0.000000e+00 0.000000e+00 9.834495e-01 1.655047e-02
 0.000000e+00 0.000000e+00 0.000000e+00 0.000000e+00 0.000000e+00
<ENDHMM>
~h "ih"
<BEGINHMM>
<NUMSTATES> 5
<STATE> 2
<MEAN> 39
 -7.213059e-01 -6.973806e+00 3.733864e+00 -1.673272e+00 -7.437797e+00 5.854819e+00 -6.879090e+00 2.772872e+00 3.468495e+00 -5.818776e+00 1.082734e+00 -2.883345e+00 4.144329e+01 6.094372e-01 -5.099344e-01 1.422096e-01 -9.291513e-02 -3.121510e-01 -1.564917e-01 -5.313214e-01 1.443430e-01 3.154995e-01 -4.664259e-02 2.470400e-02 9.399203e-02 7.664165e-01 -6.557838e-03 5.982127e-02 1.007994e-01 -3.245741e-02 6.832513e-02 5.700690e-02 3.016733e-02 9.597319e-04 -9.658119e-02 -1.950680e-02 2.310449e-02 -2.976308e-02 4.097934e-02
<VARIANCE> 39
 8.728181e+01 6.699974e+01 5.653159e+01 8.306928e+01 5.173289e+01 2.554260e+01 3.280642e+01 2.276898e+01 2.375389e+01 2.302455e+01 1.968620e+01 1.368351e+01 8.274338e+01 3.838226e+00 6.456155e+00 2.858126e+00 4.627218e+00 3.866968e+00 2.384902e+00 3.504092e+00 1.667714e+00 2.556128e+00 2.265836e+00 1.056794e+00 1.329789e+00 4.734475e+00 5.603179e-01 1.570940e+00 5.360855e-01 8.637829e-01 7.509114e-01 3.697553e-01 6.522908e-01 4.360606e-01 4.133808e-01 3.804856e-01 2.324249e-01 2.371472e-01 7.429003e-01
<GCONST> 1.238736e+02
<STATE> 3
<MEAN> 39
 -3.002585e+00 -3.381034e+00 5.693442e+00 -5.323610e-01 -5.981338e+00 4.942380e+00 -5.538776e+00 2.597611e+00 1.820201e+00 -4.488836e+00 1.881722e+00 -1.830911e+00 3.884036e+01 -1.606743e-01 3.063778e-01 1.373819e-01 9.319152e-02 2.415186e-01 -1.980135e-01 9.111504e-02 -1.916213e-02 -1.026550e-02 1.307616e-01 -6.527375e-02 9.942324e-02 -1.553458e-01 6.751940e-02 -4.479897e-01 -2.493307e-01 -7.139665e-02 -4.007847e-02 9.960893e-02 -1.003352e-01 -1.651765e-01 -3.719297e-02 -7.995865e-02 1.279087e-01 3.507416e-02 1.923538e-01
<VARIANCE> 39
 1.089487e+02 3.504221e+01 5.391901e+01 3.697845e+01 2.392121e+01 2.471695e+01 2.685826e+01 1.426490e+01 1.192009e+01 2.747426e+01 1.287992e+01 1.467866e+01 1.034579e+02 1.599119e+00 3.234980e+00 2.394508e+00 1.683310e+00 1.740149e+00 1.781539e+00 1.573839e+00 2.263020e+00 1.950607e+00 1.174650e+00 1.155142e+00 1.549614e+00 1.552708e+00 3.963117e-01 7.927495e-01 4.702666e-01 3.654822e-01 3.551509e-01 3.008721e-01 4.343863e-01 3.066419e-01 2.617611e-01 3.659419e-01 2.462475e-01 3.266703e-01 4.597090e-01
<GCONST> 1.100022e+02
<STATE> 4
<MEAN> 39
 1.129136e+01 -8.550394e+00 9.730036e+00 -5.713371e+00 -1.019093e+01 8.819763e+00 -1.351676e+01 -3.667792e-02 2.214922e+00 -9.680100e+00 1.108065e+00 -5.308338e+00 5.571843e+01 -9.715090e-02 1.251018e-02 -4.526700e-02 3.927836e-02 7.081858e-02 1.141770e-03 -2.972745e-02 -2.093646e-01 -2.125103e-01 8.332570e-04 9.196092e-02 2.941929e-02 -6.964538e-02 4.047496e-02 -1.535560e-01 -7.004412e-02 -3.458282e-02 -3.612626e-02 4.390421e-02 -2.226952e-02 -1.440489e-04 3.102505e-02 -3.604971e-02 1.443155e-02 1.988261e-02 7.121711e-02
<VARIANCE> 39
 1.031645e+02 5.605965e+01 8.149004e+01 2.884923e+01 6.662102e+01 3.425795e+01 4.046419e+01 3.108196e+01 2.508045e+01 2.594894e+01 2.007782e+01 2.108855e+01 1.399548e+02 1.032702e+00 3.008233e+00 2.915773e+00 1.635974e+00 2.351987e+00 1.388026e+00 1.620276e+00 1.698824e+00 1.368028e+00 1.221350e+00 1.627842e+00 1.240882e+00 1.330034e+00 1.664919e-01 5.529110e-01 4.319451e-01 2.917159e-01 3.761174e-01 2.706295e-01 3.679087e-01 2.630011e-01 2.833787e-01 2.134640e-01 2.741220e-01 2.375972e-01 2.404611e-01
<GCONST> 1.107946e+02
<TRANSP> 5
 0.000000e+00 1.000000e+00 0.000000e+00 0.000000e+00 0.000000e+00
 0.000000e+00 4.911878e-01 5.088122e-01 0.000000e+00 0.000000e+00
 0.000000e+00 0.000000e+00 0.000000e+00 1.000000e+00 0.000000e+00
 0.000000e+00 0.000000e+00 0.000000e+00 7.762772e-01 2.237228e-01
 0.000000e+00 0.000000e+00 0.000000e+00 0.000000e+00 0.000000e+00
<ENDHMM>
~h "ng"
<BEGINHMM>
<NUMSTATES> 5
<STATE> 2
<MEAN> 39
 -1.259537e+00 -4.880093e+00 3.782465e+00 -3.125464e+00 -7.131343e+00 4.390081e+00 -9.180039e+00 5.619016e-01 1.320089e+00 -7.860080e+00 1.623507e+00 -1.844361e+00 4.102079e+01 1.077048e+00 -3.121914e-01 4.787408e-01 -1.816044e-01 -2.741052e-02 1.205559e+00 6.592993e-01 3.122320e-01 -4.541949e-01 -8.474577e-01 5.294110e-01 -3.105086e-02 9.715800e-01 -4.906614e-02 7.597888e-02 1.259171e-02 -1.616486e-01 -2.115320e-01 -1.748652e-01 1.337434e-01 1.561214e-01 4.780238e-02 4.824966e-01 2.103006e-01 -1.284341e-01 -1.350827e-01
<VARIANCE> 39
 1.944006e+02 2.760934e+01 7.104604e+01 2.541405e+01 2.927933e+01 4.110106e+01 4.952094e+01 5.191933e+01 3.598540e+01 7.492933e+01 2.795603e+01 2.138316e+01 1.856894e+02 1.426158e+01 2.050677e+00 3.771169e+00 1.151001e+00 2.245813e+00 4.795682e+00 4.882179e+00 1.824652e+00 1.789060e+00 2.996736e+00 1.844880e+00 8.915772e-01 1.342907e+01 2.472757e+00 6.876836e-01 5.301064e-01 2.159357e-01 2.765198e-01 9.929838e-01 7.188018e-01 3.702650e-01 2.629207e-01 8.772464e-01 4.773055e-01 2.573812e-01 2.572339e+00
<GCONST> 1.295361e+02
<STATE> 3
<MEAN> 39
 1.105246e+00 -3.886222e+00 7.245647e+00 -4.547276e+00 -9.588008e+00 4.778375e+00 -9.044605e+00 1.263577e+00 1.969407e+00 -6.679842e+00 2.298627e+00 -3.212005e+00 4.250840e+01 -1.115252e+00 6.975409e-01 -5.956983e-01 -1.419127e-01 1.751875e-01 -2.778090e-01 1.434851e+00 2.964019e-01 -5.073695e-01 1.157507e+00 1.764099e-01 -2.457326e-02 -1.509167e+00 1.182868e-01 2.463295e-02 -5.808006e-02 1.372974e-02 -9.241302e-02 -2.239077e-01 -3.058202e-01 -1.106934e-01 4.501355e-02 4.266748e-01 1.808383e-01 -6.936790e-02 4.000538e-02
<VARIANCE> 39
 1.445332e+02 1.850591e+01 6.383435e+01 3.808393e+01 3.433563e+01 5.443866e+01 5.680276e+01 5.041873e+01 4.009883e+01 7.581647e+01 5.196424e+01 3.503848e+01 1.197312e+02 1.018368e+00 2.664219e+00 3.562581e+00 1.083963e+00 1.836273e+00 2.431905e+00 1.702767e+00 1.068058e+00 1.263470e+00 2.433615e+00 1.208732e+00 1.568669e+00 1.635928e+00 6.417854e-01 5.928233e-01 4.480315e-01 3.256479e-01 4.303657e-01 1.052701e+00 6.276854e-01 4.597124e-01 4.611008e-01 4.642466e-01 4.475732e-01 1.879417e-01 9.156907e-01
<GCONST> 1.208381e+02
<STATE> 4
<MEAN> 39
 6.239879e+00 -5.634758e-01 1.297190e+01 -1.684489e+00 -1.115304e+01 5.740511e+00 -9.486635e+00 1.194877e+00 1.536087e+00 -7.476288e+00 1.749775e+00 -4.537420e+00 4.608157e+01 -7.362571e-01 4.899208e-01 -1.776899e-02 5.825198e-01 2.140788e-01 -2.887394e-01 4.372532e-01 -3.000648e-01 -2.880703e-01 9.705815e-01 2.417440e-01 1.784492e-01 -9.953555e-01 7.029345e-02 -2.051171e-01 -1.128324e-01 2.250405e-03 9.887844e-02 5.990800e-02 -8.960129e-02 2.961432e-02 1.325430e-01 -2.591646e-02 4.272001e-02 9.921479e-02 1.743570e-01
<VARIANCE> 39
 6.936131e+01 1.055329e+01 5.242858e+01 2.430607e+01 1.429127e+01 1.867401e+01 2.797254e+01 2.213247e+01 2.344211e+01 3.405056e+01 1.929157e+01 1.109521e+01 5.450888e+01 1.601430e+00 1.821012e+00 2.597372e+00 1.132752e+00 1.145726e+00 2.031538e+00 2.865938e+00 2.154047e+00 2.217170e+00 2.304167e+00 1.558659e+00 1.379834e+00 1.987528e+00 2.169602e-01 1.629164e-01 2.961886e-01 2.064231e-01 1.702716e-01 3.701980e-01 5.421683e-01 2.913233e-01 4.549122e-01 3.569612e-01 2.326664e-01 1.609243e-01 2.638217e-01
<GCONST> 1.042013e+02
<TRANSP> 5
 0.000000e+00 1.000000e+00 0.000000e+00 0.000000e+00 0.000000e+00
 0.000000e+00 3.319012e-01 6.680988e-01 0.000000e+00 0.000000e+00
 0.000000e+00 0.000000e+00 0.000000e+00 1.000000e+00 0.000000e+00
 0.000000e+00 0.000000e+00 0.000000e+00 6.838497e-01 3.161503e-01
 0.000000e+00 0.000000e+00 0.000000e+00 0.000000e+00 0.000000e+00
<ENDHMM>
~h "oh"
<BEGINHMM>
<NUMSTATES> 5
<STATE> 2
<MEAN> 39
 9.968418e-01 -6.783815e+00 4.217674e+00 -4.972692e+00 -1.079342e+01 3.822945e+00 -9.311978e+00 2.301205e+00 5.113320e+00 -1.898799e+00 6.200168e+00 -4.457529e-01 4.327706e+01 1.415154e+00 7.132104e-02 2.475353e-01 -7.115493e-01 -6.434165e-01 -2.304902e-01 -5.441022e-01 3.235329e-01 1.377885e-01 -1.502369e-01 1.693424e-01 -3.686954e-01 1.360796e+00 4.285382e-02 2.541385e-02 1.170131e-02 -3.092229e-02 6.659784e-03 3.577995e-02 6.724686e-02 4.353257e-02 -4.646199e-02 -3.394939e-02 -4.378905e-02 -3.999735e-02 7.035736e-02
<VARIANCE> 39
 1.044538e+02 6.672141e+01 3.879437e+01 2.917196e+01 3.691620e+01 5.313900e+01 3.164197e+01 2.103075e+01 2.540962e+01 2.755809e+01 2.598283e+01 1.526630e+01 1.084181e+02 6.333396e+00 7.826128e+00 3.842516e+00 3.603210e+00 3.454228e+00 4.601795e+00 3.250076e+00 2.967742e+00 2.305441e+00 2.684109e+00 2.798889e+00 1.660818e+00 7.653770e+00 1.267562e+00 1.487092e+00 7.350545e-01 7.796976e-01 7.913574e-01 1.006757e+00 7.002753e-01 5.054001e-01 4.492671e-01 5.468037e-01 7.093618e-01 2.942788e-01 1.367481e+00
<GCONST> 1.319725e+02
<STATE> 3
<MEAN> 39
 1.825111e+00 -6.222829e+00 2.629420e+00 -6.402893e+00 -1.042927e+01 4.907881e+00 -7.182570e+00 3.821810e+00 4.682661e+00 -2.871993e+00 3.829179e+00 -2.303563e+00 4.437034e+01 -2.786383e-01 3.183613e-01 8.132582e-02 5.903512e-01 6.637654e-01 -5.164430e-02 6.664824e-02 -2.472404e-01 -7.259278e-02 1.017314e-01 -7.582763e-01 -4.066724e-01 -1.040971e-01 -3.986042e-01 1.020544e-01 1.084078e-01 3.527216e-01 2.730429e-01 1.583380e-01 3.164053e-01 -3.075419e-01 -2.825569e-01 -9.974279e-02 -1.843233e-01 6.229449e-02 -3.579426e-01
<VARIANCE> 39
 2.279485e+02 4.368924e+01 4.893252e+01 3.240822e+01 7.375220e+01 8.986560e+01 3.571952e+01 3.890638e+01 3.336898e+01 4.482776e+01 2.124924e+01 1.741309e+01 2.516169e+02 1.791976e+00 1.645740e+00 1.814645e+00 1.102971e+00 1.165065e+00 1.719576e+00 1.530936e+00 1.079377e+00 8.310309e-01 1.223639e+00 8.016368e-01 1.218061e+00 1.493537e+00 3.056356e-01 4.737318e-01 4.534120e-01 5.337037e-01 4.166931e-01 5.179870e-01 4.331936e-01 8.067349e-01 4.938251e-01 4.862149e-01 3.352943e-01 2.416212e-01 3.948084e-01
<GCONST> 1.156016e+02
<STATE> 4
<MEAN> 39
 1.359884e+01 -6.006549e+00 1.364225e+01 -6.429586e+00 -1.413978e+01 5.344836e+00 -1.597203e+01 8.908387e-01 3.732030e+00 -8.341394e+00 2.598889e+00 -6.310363e+00 5.740718e+01 -2.021947e-01 1.831138e-01 7.663250e-02 2.202036e-01 1.763647e-01 -1.321848e-02 -1.869102e-02 -1.916396e-01 -1.625621e-01 -1.028487e-01 -1.297153e-01 -2.546522e-03 -3.024896e-01 -3.352618e-02 -2.835762e-03 -2.833082e-02 -4.680477e-03 -1.088434e-02 -1.524321e-02 3.031393e-02 3.287575e-03 -2.644452e-02 -1.617004e-02 7.286012e-03 3.269823e-02 -5.114540e-02
<VARIANCE> 39
 4.486968e+01 4.503180e+01 8.465023e+01 2.777742e+01 3.319548e+01 4.101764e+01 3.590408e+01 3.965018e+01 3.832560e+01 3.968691e+01 3.486550e+01 1.940719e+01 7.598803e+01 5.875869e-01 1.561306e+00 2.105350e+00 1.464348e+00 1.752047e+00 1.635470e+00 1.660292e+00 1.677543e+00 1.766275e+00 1.340339e+00 1.368583e+00 1.283597e+00 9.521214e-01 8.821891e-02 2.418717e-01 2.412308e-01 2.452336e-01 2.842283e-01 2.324104e-01 3.225917e-01 2.336049e-01 2.783256e-01 2.651387e-01 2.108832e-01 2.416767e-01 1.052667e-01
<GCONST> 1.043843e+02
<TRANSP> 5
 0.000000e+00 1.000000e+00 0.000000e+00 0.000000e+00 0.000000e+00
 0.000000e+00 8.137987e-01 1.862013e-01 0.000000e+00 0.000000e+00
 0.000000e+00 0.000000e+00 0.000000e+00 1.000000e+00 0.000000e+00
 0.000000e+00 0.000000e+00 0.000000e+00 9.177759e-01 8.222407e-02
 0.000000e+00 0.000000e+00 0.000000e+00 0.000000e+00 0.000000e+00
<ENDHMM>
~h "uh"
<BEGINHMM>
<NUMSTATES> 5
<STATE> 2
<NUMMIXES> 3
<MIXTURE> 1 6.770213e-02
<MEAN> 39
 9.988458e+00 -7.128090e+00 1.217020e+01 -2.997513e+00 -1.153965e+01 7.651954e+00 -1.143734e+01 1.915540e+00 4.786355e+00 -5.666659e+00 4.193605e+00 -3.407158e+00 5.264262e+01 6.517015e-01 -4.384913e-01 1.203873e+00 5.464941e-01 -7.200954e-01 -1.968317e-01 -5.677884e-01 4.660656e-01 3.926690e-01 -2.688121e-02 1.071100e+00 3.875965e-01 5.191708e-01 4.097294e-02 1.145027e-01 -2.532684e-02 9.956402e-04 5.503773e-02 -7.877216e-02 -6.119325e-03 1.773300e-01 4.023020e-01 1.380745e-01 -7.601404e-02 -3.220223e-02 1.310900e-01
<VARIANCE> 39
 6.200737e+01 3.994202e+01 5.809259e+01 5.145632e+01 4.662294e+01 2.314340e+01 5.273136e+01 1.809177e+01 3.535514e+01 2.525888e+01 1.144684e+01 1.075660e+01 8.268894e+01 4.365842e+00 7.569143e+00 2.957273e+00 3.989210e+00 4.263215e+00 3.008120e+00 5.956250e+00 1.777546e+00 3.562772e+00 3.165215e+00 1.441469e+00 1.586400e+00 1.009343e+01 9.525389e-01 9.109176e-01 5.975497e-01 4.342421e-01 1.018308e+00 7.048348e-01 1.130610e+00 5.043544e-01 3.842576e-01 7.548949e-01 3.178793e-01 2.492406e-01 9.300963e-01
<GCONST> 1.275707e+02
<MIXTURE> 2 4.446030e-01
<MEAN> 39
 9.089559e+00 -8.469195e+00 1.398260e+01 -1.469674e+00 -1.329885e+01 4.955037e+00 -1.270308e+01 1.644441e+00 3.300590e+00 -7.530685e+00 4.513967e+00 -3.000341e+00 5.279539e+01 1.510593e+00 -3.918167e-01 4.188981e-02 -1.135517e+00 -1.148288e+00 -6.191182e-01 -1.386140e+00 -4.359316e-01 7.657924e-02 1.328873e-01 4.532973e-01 -2.868322e-02 1.769053e+00 3.599217e-02 1.708046e-01 -1.654142e-01 -2.198456e-01 1.543594e-01 1.844611e-01 -5.464779e-02 -2.199429e-01 -1.088640e-01 1.484215e-01 4.076498e-02 -1.169530e-01 3.159794e-02
<VARIANCE> 39
 5.982107e+01 4.719461e+01 8.793008e+01 4.362693e+01 5.963475e+01 3.958399e+01 6.791468e+01 2.001150e+01 2.720946e+01 2.861464e+01 1.877957e+01 1.399653e+01 9.070219e+01 4.323982e+00 7.412264e+00 4.174476e+00 3.295135e+00 5.326667e+00 4.897933e+00 5.834282e+00 3.509193e+00 2.330835e+00 5.351110e+00 1.626967e+00 1.818874e+00 6.545687e+00 8.156053e-01 1.298290e+00 6.388695e-01 4.594775e-01 1.003544e+00 1.113120e+00 1.238394e+00 5.868065e-01 5.367098e-01 1.056834e+00 4.021122e-01 3.595698e-01 1.036461e+00
<GCONST> 1.336075e+02
<MIXTURE> 3 4.876948e-01
<MEAN> 39
 9.264403e+00 -7.827628e+00 1.405505e+01 -1.579527e+00 -1.283527e+01 5.925119e+00 -1.216397e+01 1.509585e+00 3.272580e+00 -7.172295e+00 4.527783e+00 -3.268786e+00 5.254690e+01 1.249548e+00 -5.514175e-01 4.473175e-01 -6.098624e-01 -1.150088e+00 -4.991331e-01 -1.064113e+00 -6.291457e-02 2.547267e-01 6.029250e-02 6.980392e-01 1.686837e-01 1.449527e+00 6.721136e-02 1.697128e-01 -8.475885e-02 -1.336447e-01 9.752435e-02 3.106695e-02 -1.042810e-01 -6.814853e-02 8.065684e-02 1.392193e-01 3.067875e-02 -6.114361e-02 8.903069e-02
<VARIANCE> 39
 5.686153e+01 4.921599e+01 8.506623e+01 4.891842e+01 5.673196e+01 3.527084e+01 6.040266e+01 2.011200e+01 3.044069e+01 2.989426e+01 1.727503e+01 1.356483e+01 8.329815e+01 4.598647e+00 7.358531e+00 3.854223e+00 3.670804e+00 5.047933e+00 4.451940e+00 6.525869e+00 2.867740e+00 2.560405e+00 4.620746e+00 1.664671e+00 1.736822e+00 7.780748e+00 7.853058e-01 1.245715e+00 6.566209e-01 4.542870e-01 9.994113e-01 9.870430e-01 1.222593e+00 5.967541e-01 5.139686e-01 9.961125e-01 4.028578e-01 3.358414e-01 9.908059e-01
<GCONST> 1.329013e+02
<STATE> 3
<NUMMIXES> 3
<MIXTURE> 1 1.197176e-01
<MEAN> 39
 1.532125e+01 -6.365987e+00 1.420106e+01 -4.061440e+00 -1.177731e+01 8.394326e+00 -1.618600e+01 1.873713e+00 9.154248e+00 -4.721128e+00 3.967102e+00 -5.616523e+00 5.669257e+01 -8.822867e-01 1.610110e+00 2.125348e-01 1.273219e+00 9.216563e-01 6.083356e-01 1.384873e+00 2.001742e-01 7.808203e-02 1.058520e+00 6.563181e-01 -1.362679e-02 -2.385247e+00 -3.802980e-01 -9.397847e-02 -6.196151e-01 -2.005346e-01 -1.524367e-02 -1.857032e-01 5.707790e-01 4.565400e-01 4.249528e-01 3.736726e-01 9.487553e-03 2.341767e-01 -9.878141e-02
<VARIANCE> 39
 9.034089e+00 1.643002e+01 1.543582e+01 1.397834e+01 1.127364e+01 1.069940e+01 1.944694e+01 1.381213e+01 2.023969e+01 1.126232e+01 1.070686e+01 7.751690e+00 1.912177e+01 8.458183e-01 7.630867e-01 1.354160e+00 4.672479e+00 5.001983e-01 2.167612e+00 1.164527e+00 2.215520e+00 1.347251e+00 1.575114e+00 8.879762e-01 5.687580e-01 1.502922e+00 5.706046e-02 1.535328e-01 2.622194e-01 4.130467e-01 1.878322e-01 1.685425e-01 3.479522e-01 1.736685e-01 3.693366e-01 2.681268e-01 2.756715e-01 3.186258e-01 1.131998e-01
<GCONST> 8.800601e+01
<MIXTURE> 2 4.232719e-01
<MEAN> 39
 1.269299e+01 -6.842810e+00 1.087497e+01 -6.619805e+00 -1.281889e+01 6.110341e+00 -1.515952e+01 3.473089e-01 4.993296e+00 -4.763170e+00 4.839869e+00 -4.339633e+00 5.592202e+01 -4.307671e-01 7.891478e-01 -3.778995e-01 -5.148162e-01 2.624004e-01 2.190082e-01 -1.310932e-01 -9.825255e-01 -7.424275e-01 7.851455e-01 8.506164e-01 -1.451664e-01 -4.982426e-01 -2.375229e-01 -3.206024e-01 -3.137913e-01 -4.215828e-02 1.854595e-02 1.661250e-01 2.984332e-01 1.142786e-01 -9.319648e-02 -2.626965e-01 -1.496282e-01 6.019732e-03 -1.156685e-01
<VARIANCE> 39
 4.813997e+01 1.524388e+01 2.776415e+01 2.219890e+01 2.457261e+01 1.920914e+01 5.771408e+01 2.641143e+01 2.082631e+01 1.162910e+01 1.742976e+01 1.150264e+01 8.212718e+01 1.316114e+00 2.120001e+00 2.701360e+00 2.691032e+00 1.448181e+00 3.074784e+00 3.410365e+00 3.354850e+00 2.909176e+00 1.294034e+00 1.555825e+00 1.019031e+00 2.963317e+00 1.581963e-01 3.211802e-01 3.919877e-01 3.063106e-01 3.576728e-01 3.749523e-01 3.786466e-01 2.972134e-01 3.864615e-01 4.292390e-01 2.315737e-01 2.566382e-01 2.180201e-01
<GCONST> 1.077622e+02
<MIXTURE> 3 4.570108e-01
<MEAN> 39
 1.427571e+01 -6.655230e+00 1.202962e+01 -6.273612e+00 -1.259657e+01 6.754433e+00 -1.585880e+01 1.077980e+00 6.898161e+00 -4.414769e+00 4.902989e+00 -4.594199e+00 5.685142e+01 -6.066339e-01 1.255224e+00 -1.214509e-01 2.399359e-01 5.676304e-01 4.748806e-01 6.536587e-01 -3.866272e-01 -4.588836e-01 8.029714e-01 8.677528e-01 -9.123912e-02 -1.274389e+00 -3.198037e-01 -2.833010e-01 -4.196381e-01 -7.461832e-02 7.505765e-03 5.920848e-02 4.131441e-01 2.764711e-01 1.513497e-01 -2.246751e-02 -1.488719e-01 2.590151e-02 -1.200857e-01
<VARIANCE> 39
 2.909999e+01 1.472472e+01 2.085489e+01 1.933558e+01 1.592774e+01 1.526992e+01 3.951677e+01 2.232582e+01 2.469253e+01 1.273469e+01 1.397344e+01 1.228042e+01 4.828045e+01 1.221244e+00 1.858155e+00 2.262046e+00 4.164165e+00 1.226353e+00 2.363072e+00 2.746745e+00 3.209521e+00 2.620235e+00 1.477192e+00 1.438903e+00 6.889241e-01 3.133620e+00 1.030523e-01 2.577245e-01 3.658961e-01 3.294503e-01 2.897818e-01 3.381400e-01 4.023283e-01 2.602241e-01 4.036297e-01 4.530254e-01 2.684859e-01 3.076232e-01 1.477910e-01
<GCONST> 1.031475e+02
<STATE> 4
<NUMMIXES> 3
<MIXTURE> 1 7.265154e-02
<MEAN> 39
 9.303359e+00 -7.336971e+00 8.380406e+00 -3.708114e+00 -7.649921e+00 8.821407e+00 -1.524387e+01 -3.432766e+00 2.355154e+00 -3.622073e+00 5.844289e+00 -4.452853e+00 5.176180e+01 -5.358606e-01 5.950434e-01 4.939027e-01 8.041859e-01 7.777684e-01 5.649877e-01 7.921689e-01 3.873823e-01 3.413576e-01 5.058513e-01 4.385075e-01 3.287558e-01 -8.273441e-01 -1.007412e-03 1.615847e-02 -4.290748e-02 2.194682e-02 1.180018e-01 1.697955e-01 1.896199e-01 1.575889e-01 2.505428e-01 1.508299e-01 7.481443e-02 2.329835e-02 3.815287e-02
<VARIANCE> 39
 5.298249e+01 3.583265e+01 1.334295e+02 2.680992e+01 8.258155e+01 2.825692e+01 2.780501e+01 2.505918e+01 1.862753e+01 4.158907e+01 2.846080e+01 1.076711e+01 7.857661e+01 4.441705e-01 6.810486e-01 1.368467e+00 1.485170e+00 1.365225e+00 1.216797e+00 1.530999e+00 1.227425e+00 1.283967e+00 1.678243e+00 1.858383e+00 1.299841e+00 8.400140e-01 1.023702e-01 1.192630e-01 2.696474e-01 4.220335e-01 4.703737e-01 4.142611e-01 2.762649e-01 2.059786e-01 3.444504e-01 2.968221e-01 3.030422e-01 2.253059e-01 9.236583e-02
<GCONST> 1.021514e+02
<MIXTURE> 2 4.460211e-01
<MEAN> 39
 1.418136e+01 -7.229113e+00 1.097079e+01 -7.364040e+00 -1.118905e+01 8.244596e+00 -1.820995e+01 -4.391441e+00 1.418855e+00 -4.262404e+00 8.095551e+00 -4.442209e+00 5.776235e+01 -4.636096e-01 2.751047e-01 1.632720e-01 5.099487e-01 3.702104e-01 1.368944e-01 2.823186e-01 -4.835918e-02 -2.322833e-01 -2.913480e-01 -2.651406e-01 -2.052706e-01 -6.635500e-01 -1.033813e-01 -9.405494e-02 -9.081309e-04 1.388479e-01 -1.056151e-02 -1.016418e-01 4.978327e-02 1.614492e-01 1.324752e-01 -7.553238e-02 -1.834050e-01 -4.776444e-02 -1.027360e-01
<VARIANCE> 39
 3.080640e+01 2.812158e+01 7.674451e+01 3.145326e+01 5.860288e+01 2.486427e+01 3.377131e+01 2.431798e+01 2.161457e+01 2.874072e+01 2.356692e+01 1.066259e+01 5.303597e+01 5.750828e-01 9.279757e-01 2.044534e+00 1.684593e+00 2.126920e+00 1.499905e+00 1.783038e+00 1.381746e+00 1.367332e+00 1.582630e+00 1.455339e+00 1.034244e+00 8.112686e-01 8.540116e-02 1.711749e-01 2.591936e-01 2.891661e-01 3.396557e-01 2.810667e-01 3.135781e-01 2.083782e-01 2.784074e-01 2.880616e-01 2.230164e-01 2.180997e-01 7.727641e-02
<GCONST> 9.979646e+01
<MIXTURE> 3 4.813273e-01
<MEAN> 39
 1.384886e+01 -6.847427e+00 1.171919e+01 -6.596813e+00 -1.123914e+01 8.023738e+00 -1.800447e+01 -4.123261e+00 1.446275e+00 -4.686681e+00 7.784702e+00 -4.313814e+00 5.730494e+01 -4.333999e-01 3.667397e-01 3.121020e-01 6.189300e-01 4.643194e-01 3.054265e-01 4.804039e-01 9.109956e-02 -1.334047e-01 -1.738573e-01 -1.135235e-01 -4.585336e-02 -6.837149e-01 -9.245499e-02 -5.790925e-02 -4.651046e-03 1.299425e-01 3.972656e-02 -2.304198e-02 9.144062e-02 1.612848e-01 1.660139e-01 -2.168148e-02 -1.416190e-01 -2.321187e-02 -8.971891e-02
<VARIANCE> 39
 3.129558e+01 3.089553e+01 8.916894e+01 3.065179e+01 5.761465e+01 2.505081e+01 3.050349e+01 2.473956e+01 1.941266e+01 2.999234e+01 2.589503e+01 1.108057e+01 5.296888e+01 5.253233e-01 8.453000e-01 1.867520e+00 1.674449e+00 2.004655e+00 1.371801e+00 1.773481e+00 1.303494e+00 1.297187e+00 1.461714e+00 1.453397e+00 1.153674e+00 7.723964e-01 7.982022e-02 1.661449e-01 2.642426e-01 2.921861e-01 3.846488e-01 3.128290e-01 3.047360e-01 2.039571e-01 2.624768e-01 2.807894e-01 2.173830e-01 2.351865e-01 6.962722e-02
<GCONST> 9.941195e+01
<TRANSP> 5
 0.000000e+00 1.000000e+00 0.000000e+00 0.000000e+00 0.000000e+00
 0.000000e+00 7.027254e-01 2.972747e-01 0.000000e+00 0.000000e+00
 0.000000e+00 0.000000e+00 0.000000e+00 1.000000e+00 0.000000e+00
 0.000000e+00 0.000000e+00 0.000000e+00 8.335540e-01 1.664460e-01
 0.000000e+00 0.000000e+00 0.000000e+00 0.000000e+00 0.000000e+00
<ENDHMM>
~h "uw"
<BEGINHMM>
<NUMSTATES> 5
<STATE> 2
<NUMMIXES> 3
<MIXTURE> 1 8.296202e-02
<MEAN> 39
 1.125453e+01 -5.103786e+00 8.428178e+00 -8.404810e+00 -1.579430e+01 6.199841e+00 -1.008090e+01 2.895061e+00 3.967289e+00 -7.206037e+00 4.357512e+00 -8.338186e-01 5.175612e+01 2.298898e+00 8.412358e-01 3.145131e+00 3.759397e-01 -9.391353e-01 -5.499244e-01 -1.388425e+00 4.414128e-01 3.561096e-01 -3.151141e-01 1.102944e+00 3.229318e-01 2.530376e+00 -1.751739e-01 2.917414e-01 3.059905e-01 3.502474e-01 1.770854e-01 -4.609537e-01 -1.387474e-01 2.248004e-01 4.228567e-01 5.338934e-01 9.109858e-02 -8.922667e-02 -8.627664e-02
<VARIANCE> 39
 1.953876e+01 3.326433e+01 4.509973e+01 2.936084e+01 2.479260e+01 3.286925e+01 1.782472e+01 1.703698e+01 1.743259e+01 1.726002e+01 1.312156e+01 7.937516e+00 2.357949e+01 1.399973e+00 4.207365e+00 3.805361e+00 1.940412e+00 2.180913e+00 4.201676e+00 1.787093e+00 2.817624e+00 3.428507e+00 2.818894e+00 9.543720e-01 1.742790e+00 1.597631e+00 5.480589e-01 7.279879e-01 9.149003e-01 5.560228e-01 4.279768e-01 6.858497e-01 3.831481e-01 4.844391e-01 5.426458e-01 3.710879e-01 2.265877e-01 2.163970e-01 4.384341e-01
<GCONST> 1.121777e+02
<MIXTURE> 2 4.239684e-01
<MEAN> 39
 9.148586e+00 -4.561173e+00 7.625056e+00 -7.198424e+00 -1.446745e+01 4.654716e+00 -9.925671e+00 3.074729e+00 4.857564e+00 -5.944708e+00 3.566648e+00 -1.476327e+00 4.969643e+01 1.352117e+00 -4.359659e-01 7.659879e-01 -1.044329e+00 -1.357463e+00 -3.071266e-01 -1.173155e+00 -6.000691e-01 -8.746477e-01 -1.211412e+00 3.687488e-01 5.987990e-01 1.847120e+00 3.757859e-01 -2.295009e-02 3.751162e-01 3.599884e-02 -1.154894e-01 -2.064791e-02 -2.223218e-01 1.497926e-01 2.277828e-01 9.848359e-02 1.483858e-01 -1.029363e-01 4.478765e-01
<VARIANCE> 39
 4.351180e+01 2.700238e+01 4.784899e+01 2.401024e+01 2.941941e+01 2.756473e+01 2.395984e+01 1.817084e+01 2.121192e+01 2.694776e+01 1.098944e+01 1.454349e+01 5.467605e+01 2.408538e+00 4.344007e+00 5.062634e+00 3.178653e+00 2.137912e+00 4.629097e+00 1.929662e+00 3.449227e+00 3.885252e+00 3.557670e+00 1.189670e+00 1.782398e+00 2.502227e+00 9.887950e-01 9.520053e-01 9.584510e-01 4.974527e-01 5.343347e-01 8.789785e-01 4.124487e-01 6.121488e-01 6.959047e-01 5.585132e-01 2.091105e-01 3.686900e-01 9.602221e-01
<GCONST> 1.211184e+02
<MIXTURE> 3 4.930696e-01
<MEAN> 39
 1.035263e+01 -5.367225e+00 7.934149e+00 -7.886830e+00 -1.513386e+01 5.313996e+00 -1.040185e+01 2.937665e+00 4.558530e+00 -6.901761e+00 3.984096e+00 -1.077752e+00 5.112451e+01 1.783410e+00 1.172184e-02 1.673445e+00 -4.946655e-01 -1.154302e+00 -3.035559e-01 -1.240170e+00 -1.920051e-01 -3.674606e-01 -8.980378e-01 6.483863e-01 5.354277e-01 2.162631e+00 1.280361e-01 1.834717e-01 3.542912e-01 1.824210e-01 1.984321e-02 -2.133502e-01 -1.477714e-01 1.679061e-01 2.918070e-01 3.080833e-01 9.968024e-02 -1.230580e-01 1.873605e-01
<VARIANCE> 39
 3.526003e+01 3.433173e+01 5.204385e+01 2.708719e+01 2.841356e+01 3.287407e+01 2.365059e+01 2.146335e+01 2.107582e+01 2.460460e+01 1.127556e+01 1.297442e+01 4.454575e+01 2.266581e+00 4.923254e+00 4.353246e+00 2.541291e+00 2.187026e+00 4.920978e+00 2.047306e+00 3.291583e+00 3.573672e+00 3.423019e+00 1.078283e+00 1.943418e+00 2.293055e+00 8.340223e-01 1.015044e+00 9.957271e-01 5.179850e-01 5.000197e-01 9.175711e-01 4.289614e-01 6.653977e-01 6.636887e-01 5.060143e-01 2.136127e-01 3.452936e-01 7.774986e-01
<GCONST> 1.204919e+02
<STATE> 3
<NUMMIXES> 3
<MIXTURE> 1 9.364909e-02
<MEAN> 39
 1.781556e+01 -4.474288e+00 1.473609e+01 -1.088847e+01 -1.870805e+01 1.585222e+00 -1.767990e+01 6.237850e+00 4.485362e+00 -8.646057e+00 8.809950e+00 2.443877e-01 6.038719e+01 3.038018e-01 -1.047467e+00 7.023275e-01 8.004067e-01 1.452861e-01 -6.462116e-01 -1.478493e+00 6.730455e-01 4.224819e-01 -2.434960e-01 8.329265e-02 -4.451542e-01 6.537603e-01 -5.994899e-01 1.366595e-01 -4.150053e-02 1.015608e+00 1.028328e+00 6.368320e-01 6.907957e-01 -1.886479e-01 -1.673383e-02 9.041259e-02 -3.018304e-01 -1.957310e-01 -8.651090e-01
<VARIANCE> 39
 1.428137e+00 4.655105e+00 2.875472e+00 3.823381e+00 4.236256e+00 1.165978e+01 9.443311e+00 9.460229e+00 6.239528e+00 8.434466e+00 2.888104e+00 5.235926e+00 1.733719e+00 1.966932e-01 5.060354e-01 1.216393e+00 5.482166e-01 2.370788e-01 7.254761e-01 7.334554e-01 8.192018e-01 1.064879e+00 1.026760e+00 3.084441e-01 7.905649e-01 7.092735e-01 6.751621e-02 2.855412e-01 1.020343e-01 1.706975e-01 6.584979e-02 6.041185e-01 3.208655e-01 2.135050e-01 5.413256e-01 4.432325e-01 4.697519e-02 2.594835e-02 1.538080e-01
<GCONST> 6.102963e+01
<MIXTURE> 2 4.617672e-01
<MEAN> 39
 1.694552e+01 -4.480630e+00 1.563746e+01 -1.048102e+01 -2.112712e+01 1.429240e+00 -1.651057e+01 2.959533e+00 5.462646e+00 -6.412103e+00 8.227952e+00 -6.272092e-01 5.964574e+01 1.613024e-01 -5.343043e-01 7.531891e-01 -2.501237e-02 -2.042186e-01 -6.242372e-01 -1.156429e+00 -5.876554e-01 -2.396152e-01 -7.555916e-02 2.557398e-01 4.721321e-01 1.344971e+00 -8.105521e-01 -2.021073e-01 -5.090094e-01 6.686348e-01 9.658310e-01 6.926092e-01 5.427384e-01 -3.354172e-01 -5.907947e-01 -4.333013e-01 -5.400932e-01 -1.322314e-01 -9.209402e-01
<VARIANCE> 39
 1.986776e+00 1.282812e+01 3.273633e+00 4.684257e+00 5.032434e+00 1.050259e+01 1.725244e+01 1.190829e+01 8.801537e+00 1.099209e+01 7.520931e+00 8.414396e+00 4.366481e+00 2.376716e-01 9.059749e-01 9.816481e-01 8.513997e-01 1.018543e+00 1.049334e+00 6.387979e-01 4.828065e-01 7.918535e-01 1.125511e+00 5.445738e-01 4.779378e-01 3.033020e-01 4.875260e-02 2.294178e-01 1.713752e-01 9.094112e-02 1.689408e-01 2.535921e-01 2.859383e-01 4.235718e-01 3.238916e-01 2.410477e-01 1.720294e-01 1.069570e-01 9.596823e-02
<GCONST> 6.884775e+01
<MIXTURE> 3 4.445837e-01
<MEAN> 39
 1.682471e+01 -3.814969e+00 1.561595e+01 -1.039870e+01 -2.042068e+01 1.336212e+00 -1.650271e+01 3.342762e+00 5.009105e+00 -6.539802e+00 8.158498e+00 -5.060839e-01 5.976351e+01 1.690714e-01 -5.560903e-01 6.384234e-01 1.608587e-01 -1.616138e-01 -6.075416e-01 -1.167435e+00 -3.972280e-01 -1.468939e-01 5.457542e-02 3.270801e-01 3.079966e-01 1.123788e+00 -7.201164e-01 -2.078168e-01 -3.710858e-01 7.089003e-01 9.834979e-01 7.935120e-01 5.422178e-01 -2.668093e-01 -4.667511e-01 -3.799075e-01 -4.465967e-01 -1.685809e-01 -8.547474e-01
<VARIANCE> 39
 1.820728e+00 9.682649e+00 3.497329e+00 4.597736e+00 6.004899e+00 1.252976e+01 1.695940e+01 1.293874e+01 9.284492e+00 1.022350e+01 7.584447e+00 8.208126e+00 3.809721e+00 2.198844e-01 8.147126e-01 1.322477e+00 9.443678e-01 7.707841e-01 1.061183e+00 4.635251e-01 8.151528e-01 7.257943e-01 1.163848e+00 5.130022e-01 6.528074e-01 5.220801e-01 6.958263e-02 3.153052e-01 1.978407e-01 1.386961e-01 1.403896e-01 3.847016e-01 3.154269e-01 3.659516e-01 3.259858e-01 2.950862e-01 1.615154e-01 8.165346e-02 1.653261e-01
<GCONST> 7.151113e+01
<STATE> 4
<NUMMIXES> 3
<MIXTURE> 1 4.203225e-02
<MEAN> 39
 1.685199e+01 -7.804686e+00 8.136199e+00 -1.046193e+01 -1.205426e+01 1.031684e+01 -1.196640e+01 3.761447e+00 5.275747e+00 -5.257269e+00 7.291826e+00 -4.054006e+00 6.016804e+01 -1.262450e-01 -5.238362e-02 -3.371418e-01 8.553123e-02 3.836352e-01 5.949684e-01 6.146457e-01 3.575328e-01 1.984105e-01 -1.815960e-02 -5.238570e-02 4.877085e-02 -3.475695e-01 -3.809430e-02 6.755776e-02 3.073265e-02 3.379767e-02 -1.411376e-02 8.131652e-03 7.557242e-02 8.722355e-03 -4.988108e-03 2.364523e-02 6.597666e-03 3.777057e-02 -7.710142e-02
<VARIANCE> 39
 4.736383e+00 2.774426e+01 4.518118e+01 2.604029e+01 1.741607e+01 2.488551e+01 2.768296e+01 4.431520e+01 2.744156e+01 2.530948e+01 3.534240e+01 1.808282e+01 1.315989e+01 4.063813e-01 1.199282e+00 1.380139e+00 1.939541e+00 1.290270e+00 1.438579e+00 1.435777e+00 1.657381e+00 1.452825e+00 1.263972e+00 1.543980e+00 1.376008e+00 8.030511e-01 7.036574e-02 2.027117e-01 1.970743e-01 2.798163e-01 2.406921e-01 2.842493e-01 2.233336e-01 2.266113e-01 1.944312e-01 2.148166e-01 1.977587e-01 2.075712e-01 8.789228e-02
<GCONST> 9.366960e+01
<MIXTURE> 2 4.571630e-01
<MEAN> 39
 1.615257e+01 -6.418858e+00 1.047537e+01 -9.363291e+00 -1.338381e+01 8.176641e+00 -1.362241e+01 2.393458e+00 4.582659e+00 -5.517385e+00 6.833397e+00 -4.135783e+00 5.942624e+01 -7.506792e-02 -1.720852e-01 -3.415377e-01 -4.054324e-02 2.551993e-01 3.063567e-01 1.988930e-01 8.295959e-02 -7.266027e-02 -1.588579e-01 -2.316216e-01 -1.937356e-01 -9.278256e-02 -3.169767e-02 8.420834e-03 -3.351143e-02 -8.218246e-04 9.850516e-03 2.526185e-03 1.981246e-02 -2.457488e-02 -4.246075e-02 -1.980380e-02 -1.064500e-02 -4.456307e-03 -6.161399e-02
<VARIANCE> 39
 5.742316e+00 3.235555e+01 5.926475e+01 3.589973e+01 1.696759e+01 2.580634e+01 2.410452e+01 3.131767e+01 2.524731e+01 2.234654e+01 3.058531e+01 1.972836e+01 2.109897e+01 5.168385e-01 1.331267e+00 1.555997e+00 2.375713e+00 1.726399e+00 1.677238e+00 1.493062e+00 1.767650e+00 1.698545e+00 1.637470e+00 1.796331e+00 1.304759e+00 1.050546e+00 9.194247e-02 2.213971e-01 2.512359e-01 3.628810e-01 3.123490e-01 3.677460e-01 3.054500e-01 2.663116e-01 2.390854e-01 2.491771e-01 2.353659e-01 2.233721e-01 1.587720e-01
<GCONST> 9.938264e+01
<MIXTURE> 3 5.008045e-01
<MEAN> 39
 1.633185e+01 -6.353958e+00 1.047793e+01 -9.462883e+00 -1.317978e+01 8.474345e+00 -1.349419e+01 2.344875e+00 4.481260e+00 -5.103664e+00 7.561415e+00 -3.741345e+00 5.958661e+01 -5.243021e-02 -1.801669e-01 -3.799193e-01 -3.791564e-02 3.069719e-01 4.225295e-01 3.309199e-01 1.872504e-01 8.751459e-02 -8.601327e-03 -1.266425e-01 -1.657329e-01 -1.121000e-01 -1.737611e-02 2.337744e-02 -2.542198e-02 -3.376300e-03 -4.481991e-03 1.437714e-02 4.278167e-02 -1.803083e-03 -9.056943e-03 -1.351149e-02 -4.782293e-03 1.893698e-02 -5.383716e-02
<VARIANCE> 39
 5.625337e+00 2.999089e+01 5.455924e+01 3.459188e+01 1.691703e+01 2.484580e+01 2.423997e+01 3.590313e+01 2.610464e+01 2.179307e+01 3.107665e+01 1.824582e+01 1.841791e+01 4.772580e-01 1.297117e+00 1.578106e+00 2.299220e+00 1.662141e+00 1.580471e+00 1.507590e+00 1.737408e+00 1.507743e+00 1.449657e+00 1.743464e+00 1.286196e+00 9.781826e-01 8.490007e-02 2.216154e-01 2.494910e-01 3.513634e-01 2.997333e-01 3.379804e-01 2.827467e-01 2.629252e-01 2.231357e-01 2.383977e-01 2.317654e-01 2.202964e-01 1.394105e-01
<GCONST> 9.788597e+01
<TRANSP> 5
 0.000000e+00 1.000000e+00 0.000000e+00 0.000000e+00 0.000000e+00
 0.000000e+00 8.569991e-01 1.430009e-01 0.000000e+00 0.000000e+00
 0.000000e+00 0.000000e+00 0.000000e+00 1.000000e+00 0.000000e+00
 0.000000e+00 0.000000e+00 0.000000e+00 9.710721e-01 2.892789e-02
 0.000000e+00 0.000000e+00 0.000000e+00 0.000000e+00 0.000000e+00
<ENDHMM>
~h "sil"
<BEGINHMM>
<NUMSTATES> 5
<STATE> 2
<MEAN> 39
 5.779316e-01 -7.343609e+00 4.879131e+00 -3.078750e+00 -7.117145e+00 7.935314e+00 -7.198327e+00 1.658775e+00 2.469779e+00 -5.422698e+00 2.784846e+00 -3.068592e+00 4.357252e+01 3.245746e-01 -9.813453e-04 1.037192e-02 2.805416e-02 -2.243732e-02 1.554698e-01 7.394277e-02 -5.275602e-03 -2.082470e-02 -1.019148e-01 2.273343e-02 -2.960262e-02 2.219809e-01 -1.798852e-02 1.074551e-01 8.393167e-02 5.203912e-02 1.919937e-02 -5.017063e-02 -2.498453e-03 3.275431e-02 -1.625944e-02 1.384459e-02 -1.694552e-03 3.189431e-03 -3.450104e-02
<VARIANCE> 39
 1.107689e+02 6.320082e+01 6.483455e+01 4.082251e+01 4.374669e+01 4.652687e+01 4.884930e+01 2.753458e+01 2.986214e+01 3.626419e+01 2.367681e+01 1.935777e+01 1.311100e+02 5.519457e+00 5.772861e+00 4.372885e+00 2.602819e+00 2.966968e+00 3.827138e+00 3.549577e+00 2.185636e+00 2.099930e+00 2.934290e+00 2.024049e+00 1.539512e+00 7.285018e+00 8.807316e-01 1.027555e+00 7.337248e-01 4.728701e-01 5.613193e-01 7.410409e-01 7.130797e-01 4.425416e-01 4.037952e-01 5.742620e-01 4.096916e-01 2.973006e-01 1.236412e+00
<GCONST> 1.299948e+02
<STATE> 3
<MEAN> 39
 -1.792477e+00 -3.070135e+00 5.079969e+00 -2.251516e-01 -5.430138e+00 6.872775e+00 -4.331779e+00 1.522679e+00 1.083192e+00 -4.748662e+00 2.045689e+00 -2.937593e+00 3.893040e+01 -5.917681e-01 4.064922e-01 2.236494e-01 4.721620e-01 3.505520e-01 -3.235332e-01 1.024878e-01 2.749752e-02 -1.239142e-01 2.053034e-01 1.607548e-02 4.345413e-02 -5.844809e-01 1.640139e-01 -1.577478e-01 1.164043e-01 -6.089241e-02 -5.830361e-02 1.043252e-01 -1.779422e-01 4.981568e-02 1.172409e-01 -7.912203e-02 5.486272e-02 1.699335e-02 2.300234e-01
<VARIANCE> 39
 2.054671e+01 1.846421e+01 2.846259e+01 2.361518e+01 2.120559e+01 2.556562e+01 2.301215e+01 2.140357e+01 2.345840e+01 2.236435e+01 1.574595e+01 1.529842e+01 1.009438e+01 6.258280e-01 1.464687e+00 1.786404e+00 1.650060e+00 1.815411e+00 2.028181e+00 2.230674e+00 2.005736e+00 1.912450e+00 1.867512e+00 1.750184e+00 1.145736e+00 2.503357e-01 1.105556e-01 2.965302e-01 2.687737e-01 2.534219e-01 2.721064e-01 3.325001e-01 3.347562e-01 3.540886e-01 3.600612e-01 3.912463e-01 2.863918e-01 2.414000e-01 7.784000e-02
<GCONST> 9.723553e+01
<STATE> 4
<MEAN> 39
 -4.355975e+00 -2.177349e+00 6.687614e+00 8.775079e-01 -4.685940e+00 5.835536e+00 -5.019688e+00 2.017096e+00 1.419488e+00 -4.006996e+00 2.600168e+00 -2.576544e+00 3.699571e+01 -4.550242e-02 9.355674e-03 1.795599e-02 5.047132e-03 -7.665544e-04 -1.902044e-02 -5.092538e-03 6.814796e-03 2.451616e-03 1.121900e-02 1.237909e-02 1.299545e-02 -3.341195e-02 1.128138e-02 -1.083066e-02 -7.519219e-03 -9.992869e-03 -8.290087e-03 6.168314e-03 -1.390268e-03 -1.554891e-03 3.636603e-03 -2.683420e-03 1.462312e-03 -6.264134e-04 1.177008e-02
<VARIANCE> 39
 6.298236e+00 9.081432e+00 1.176848e+01 1.217718e+01 1.231955e+01 1.334981e+01 1.371399e+01 1.467763e+01 1.465317e+01 1.538954e+01 1.336434e+01 1.196910e+01 2.747359e+00 2.227122e-01 4.283133e-01 5.754483e-01 7.629594e-01 9.642097e-01 1.132454e+00 1.244458e+00 1.367417e+00 1.437570e+00 1.433236e+00 1.341486e+00 1.219235e+00 6.330671e-02 4.320329e-02 8.794866e-02 1.164259e-01 1.558776e-01 1.994755e-01 2.316303e-01 2.547437e-01 2.823163e-01 2.967726e-01 2.928532e-01 2.819493e-01 2.518611e-01 1.405010e-02
<GCONST> 7.385995e+01
<TRANSP> 5
 0.000000e+00 1.000000e+00 0.000000e+00 0.000000e+00 0.000000e+00
 0.000000e+00 7.737057e-01 1.636113e-01 6.268308e-02 0.000000e+00
 0.000000e+00 0.000000e+00 0.000000e+00 1.000000e+00 0.000000e+00
 0.000000e+00 9.992450e-03 0.000000e+00 9.749963e-01 1.501128e-02
 0.000000e+00 0.000000e+00 0.000000e+00 0.000000e+00 0.000000e+00
<ENDHMM>
